# path along client 0 (Cyclic~) of the rank 1 team run (ddnet.org/watch uuid 5550c756-590f-443d-a616-fa0c5f4c46b9) from 1.64 s to 215.08 s, every 12 tiles
37.8 60.5
48.4 65.5
55.8 75.2
61.0 86.4
64.5 90.2
74.7 84.8
85.7 80.8
94.1 88.4
99.2 94.9
110.1 89.8
121.3 90.7
127.2 86.3
135.9 77.3
143.9 67.9
151.0 57.8
156.3 46.7
159.6 34.8
165.1 26.4
174.2 27.5
185.1 22.5
196.2 17.7
206.9 22.4
214.5 23.4
226.0 20.0
231.2 24.7
242.1 25.8
250.6 34.6
256.5 45.9
256.5 58.6
266.7 59.5
276.8 61.1
278.7 65.8
287.5 67.6
288.5 79.9
290.0 92.3
296.9 89.7
305.4 81.1
313.2 71.4
322.7 64.0
328.6 70.6
328.9 82.6
327.4 84.4
317.3 78.9
309.4 87.3
310.0 99.2
311.2 111.8
311.7 124.0
316.6 126.2
326.3 119.5
335.0 111.0
342.6 109.7
351.6 104.5
361.7 110.8
371.8 106.3
383.5 108.1
395.2 107.1
402.3 117.1
396.3 126.3
384.7 123.9
372.2 124.5
367.0 134.3
374.9 142.3
385.9 145.2
398.0 142.0
410.2 143.4
421.4 147.5
432.6 143.2
444.8 143.9
455.3 149.8
465.0 152.4
477.1 150.1
479.4 158.8
477.6 167.2
466.6 161.8
455.5 163.7
444.3 168.0
441.5 175.6
438.8 173.9
439.2 181.2
439.6 187.1
444.0 187.7
444.4 199.9
447.8 205.8
438.2 208.4
433.5 213.5
432.2 213.5
430.1 213.8
434.7 224.5
443.5 227.5
438.7 233.3
438.2 245.6
433.2 251.4
422.6 245.1
411.3 247.8
400.9 245.9
391.4 252.1
387.1 241.9
396.2 238.6
400.4 230.8
394.3 227.7
382.2 228.5
370.1 228.5
357.9 228.5
345.6 228.5
340.3 221.7
338.3 209.4
331.4 203.7
323.6 208.6
320.1 205.0
313.0 212.0
310.6 222.5
300.4 221.3
288.3 222.4
276.3 224.1
271.3 215.8
269.2 203.9
268.2 195.2
258.4 195.5
246.8 197.4
242.8 209.0
240.7 221.3
237.4 223.6
228.6 229.5
222.5 240.4
214.2 247.9
204.5 240.9
195.2 233.2
195.8 221.6
199.3 211.7
210.6 208.8
222.3 210.6
231.3 204.8
222.8 198.2
210.8 199.3
201.3 193.2
195.4 190.2
186.4 182.0
181.5 170.7
172.8 162.5
160.8 161.0
155.4 169.0
147.3 174.5
137.4 174.5
125.3 174.5
114.6 170.6
103.9 171.7
109.6 180.0
107.7 183.6
107.7 196.1
107.7 209.1
112.3 208.6
120.6 215.4
130.3 222.6
134.3 234.1
135.7 246.2
136.2 259.2
136.5 272.1
136.5 284.4
136.5 296.8
136.5 309.0
136.5 322.1
136.2 326.7
135.2 316.6
138.2 327.3
147.3 333.5
156.0 342.2
166.4 345.5
178.5 345.8
186.8 345.5
196.5 343.1
207.0 342.5
195.0 342.9
183.8 345.5
181.5 353.9
181.7 366.4
194.1 366.1
205.5 364.6
216.0 370.1
222.8 380.2
226.6 391.6
235.7 391.9
231.5 397.4
224.4 405.8
224.6 417.6
234.8 411.9
241.9 412.7
250.7 405.0
257.5 394.8
262.6 383.9
262.6 371.9
264.3 366.4
274.5 360.1
282.2 364.8
284.2 359.0
285.4 364.3
285.6 352.4
284.0 348.6
282.8 346.8
283.3 349.9
274.5 346.1
267.4 349.3
261.7 351.6
250.8 347.2
243.8 352.5
243.8 365.0
243.8 377.6
242.8 385.7
235.9 378.8
233.2 375.1
230.5 363.4
230.5 351.4
231.8 339.2
232.5 327.0
232.5 316.6
235.6 323.5
244.6 323.8
250.3 315.1
255.4 318.7
261.2 326.3
267.5 325.7
276.6 325.8
287.2 321.9
295.8 323.9
306.1 319.4
312.8 318.9
322.8 315.0
320.4 324.5
321.9 325.4
327.4 336.2
331.1 347.9
337.8 351.7
344.3 344.0
351.2 339.5
361.5 335.6
359.5 341.7
359.4 338.8
361.4 326.7
361.7 326.5
364.3 327.5
376.3 327.5
385.5 321.2
386.8 325.1
386.8 337.4
386.8 350.0
386.8 362.0
387.6 374.6
390.3 385.8
388.0 377.7
389.0 377.2
392.9 385.3
394.9 397.2
395.6 409.4
395.6 421.8
395.6 429.4
# path along client 1 (Grk0ne) of the rank 1 team run (ddnet.org/watch uuid 5550c756-590f-443d-a616-fa0c5f4c46b9) from 1.64 s to 215.08 s, every 12 tiles
39.0 60.5
47.9 68.3
53.0 79.6
56.8 92.0
64.0 91.8
74.1 84.8
85.6 85.8
97.1 89.6
104.0 91.8
113.9 96.4
122.1 88.0
132.3 81.6
140.5 72.0
148.1 62.5
154.2 51.9
158.0 40.5
162.2 29.1
166.3 27.2
178.2 27.6
190.4 27.1
201.5 25.1
211.9 27.4
215.2 28.3
221.6 26.2
226.0 27.2
236.0 20.8
246.7 25.5
251.8 36.3
254.1 48.7
255.2 60.5
267.2 60.5
278.6 59.5
286.3 64.6
287.4 76.8
287.8 89.5
288.5 97.7
295.7 87.8
304.7 80.8
313.0 71.7
321.7 63.4
332.5 60.4
335.8 72.4
336.3 84.7
331.1 91.1
322.9 94.0
321.6 106.2
326.4 107.6
335.9 110.7
338.2 123.1
334.7 122.3
323.8 120.2
321.0 125.0
321.6 120.4
321.0 125.0
331.0 119.1
340.0 126.1
342.5 115.1
349.5 105.1
360.8 106.2
370.3 109.2
382.1 105.8
394.2 107.6
403.2 115.6
398.1 125.6
386.3 124.0
373.9 123.8
365.9 131.5
370.8 141.9
382.6 143.7
394.7 140.2
406.7 140.9
417.9 145.1
428.9 144.4
441.0 143.0
452.1 148.8
461.4 151.4
473.1 149.5
480.6 157.1
477.7 168.4
474.8 163.2
467.4 162.9
455.6 164.2
444.7 168.6
443.4 174.4
440.2 173.7
435.5 181.0
443.2 185.8
443.4 197.6
438.2 204.6
426.1 204.6
420.2 201.7
423.3 213.5
431.6 220.5
440.6 217.9
439.7 217.8
438.1 229.1
438.1 241.5
436.5 251.9
430.8 248.1
420.2 246.8
408.6 248.0
397.2 248.5
386.9 245.6
390.2 237.6
398.3 234.6
395.3 228.6
383.4 226.9
371.2 228.5
359.0 228.5
347.0 226.8
340.8 224.0
339.8 216.6
338.7 204.9
330.6 208.6
321.6 206.0
312.5 197.5
303.8 197.1
302.4 209.7
302.1 222.1
300.2 222.3
288.7 220.9
276.7 222.6
271.5 214.8
270.5 207.0
267.8 195.3
256.9 195.5
245.6 198.5
241.8 210.2
239.5 222.2
232.4 226.5
224.9 235.7
218.9 246.4
207.4 244.5
200.4 234.6
196.3 225.1
207.1 221.2
218.4 219.5
225.2 211.5
231.9 203.1
221.4 199.0
209.6 197.0
202.1 200.3
195.7 189.8
187.1 182.3
181.6 171.6
173.2 162.8
162.1 162.7
154.8 171.6
146.3 172.5
140.8 174.6
128.8 173.0
116.8 174.6
108.1 171.2
105.3 182.4
105.1 194.8
105.6 207.3
109.6 218.5
118.0 210.4
129.3 212.1
134.9 222.7
135.9 234.9
136.1 247.8
136.1 260.8
136.1 272.8
136.1 286.1
136.1 299.0
136.1 311.1
136.1 321.0
138.4 319.8
141.2 330.0
149.6 336.0
158.7 343.6
170.3 345.5
181.5 347.0
184.3 355.5
194.4 350.3
198.6 346.4
210.8 347.0
221.7 347.5
226.5 357.0
223.6 368.4
211.7 367.6
200.0 366.1
188.8 366.6
194.5 366.0
205.5 370.1
215.5 376.5
222.0 387.2
229.7 393.5
232.0 391.7
238.5 398.7
238.5 411.5
239.6 417.6
245.8 407.2
254.0 399.2
260.3 388.9
262.6 376.9
262.6 364.8
269.6 365.0
267.7 366.6
276.6 359.3
283.7 364.3
285.9 352.1
287.7 347.8
287.3 349.4
279.0 346.8
267.6 342.7
261.2 351.1
255.2 348.4
248.3 347.3
245.8 357.8
243.6 369.7
241.9 382.3
235.6 385.2
234.7 378.1
230.6 366.6
230.5 354.5
230.5 342.4
232.5 330.3
232.5 318.0
232.5 314.5
232.2 322.6
232.5 318.9
236.2 323.7
241.6 319.8
245.8 322.6
253.8 318.6
262.1 327.0
272.9 323.3
283.4 327.2
291.9 319.7
302.2 325.0
310.7 316.8
320.8 319.8
326.0 331.2
332.1 341.3
336.8 346.4
343.1 346.6
346.7 338.8
355.2 339.5
361.7 332.2
363.9 325.3
372.2 321.9
382.4 320.0
387.3 327.9
388.8 339.9
389.2 352.7
389.5 364.9
388.5 370.8
389.1 382.5
393.5 394.0
393.6 402.6
