0 0 0 0 0 1000 3
0 0 0 0 0 1000 3
-1 1 0 0 0 1000 3
-1 0 0 0 0 1000 3
-1 0 0 0 0 1000 3
-1 0 0 0 0 1000 3
-1 0 0 0 0 1000 3
-1 0 0 0 0 1000 3
-1 0 0 0 0 1000 3
-1 0 0 0 0 1000 3
-1 0 0 0 0 1000 3
1 0 0 0 0 1000 3
1 0 0 0 0 1000 3
1 0 0 0 0 1000 3
1 0 0 1 864 -30000 3
1 0 0 0 0 1000 3
0 0 0 0 0 1000 3
0 0 0 0 0 1000 3
0 0 0 0 0 1000 3
0 0 0 0 0 1000 3
0 0 0 0 0 1000 3
0 0 0 0 0 1000 3
0 0 0 0 0 1000 3
0 0 0 0 0 1000 3
0 0 0 0 0 1000 3
0 0 0 0 0 1000 3
0 0 0 0 0 1000 3
0 0 0 0 0 1000 3
0 0 0 0 0 1000 3
0 0 0 0 0 1000 3
0 0 0 0 0 1000 3
0 0 0 0 0 1000 3
0 0 0 0 0 1000 3
0 0 0 0 0 1000 3
0 0 0 0 0 1000 3
0 0 0 0 0 1000 3
0 0 0 0 0 1000 3
0 0 0 0 0 1000 3
0 0 0 0 0 1000 3
0 0 0 0 0 1000 3
0 0 0 0 0 1000 3
0 0 0 0 0 1000 3
0 0 0 0 0 1000 3
0 0 0 0 0 1000 3
0 0 0 0 0 1000 3
0 0 0 0 0 1000 3
0 0 0 0 0 1000 3
0 0 0 0 0 1000 3
0 0 0 0 0 1000 3
0 0 0 0 0 1000 3
0 0 0 0 0 1000 3
0 0 0 0 0 1000 3
0 0 0 0 0 1000 3
0 0 0 0 0 1000 3
0 0 0 0 0 1000 3
1 0 0 0 0 1000 3
-1 0 0 0 0 1000 3
0 0 0 0 0 1000 3
0 0 0 0 0 1000 3
0 0 0 0 0 1000 3
0 0 0 0 0 1000 3
0 0 0 0 0 1000 3
0 0 0 0 0 1000 3
0 0 0 0 0 1000 3
0 0 0 0 0 1000 3
0 0 0 0 0 1000 3
0 0 0 0 0 1000 3
0 0 0 0 0 1000 3
0 0 0 0 0 1000 3
0 0 0 0 0 1000 3
0 0 0 0 0 1000 3
0 0 0 0 0 1000 3
0 0 0 0 0 1000 3
0 0 0 0 0 1000 3
0 0 0 0 0 1000 3
0 0 0 0 0 1000 3
0 0 0 0 0 1000 3
0 0 0 0 0 1000 3
0 0 0 0 0 1000 3
0 0 0 0 0 1000 3
0 0 0 0 0 1000 3
0 0 0 0 0 1000 3
0 0 0 0 0 1000 3
0 0 0 0 0 1000 3
0 0 0 0 0 1000 3
0 0 0 0 0 1000 3
0 0 0 0 0 1000 3
0 0 0 0 0 1000 3
0 0 0 0 0 1000 3
0 0 0 0 0 1000 3
0 0 0 0 0 1000 3
0 1 0 0 0 1000 3
0 0 0 1 0 30000 3
-1 0 0 0 0 1000 3
-1 0 0 0 0 1000 3
-1 0 0 0 0 1000 3
-1 0 0 0 0 1000 3
-1 0 0 0 0 1000 3
-1 0 0 0 0 1000 3
-1 0 0 0 0 1000 3
-1 0 0 0 0 1000 3
-1 0 0 0 0 1000 3
-1 0 0 0 0 1000 3
-1 0 0 0 0 1000 3
-1 0 0 0 0 1000 3
-1 0 0 0 0 1000 3
-1 0 0 0 0 1000 3
-1 0 0 0 0 1000 3
-1 0 0 0 0 1000 3
-1 0 0 0 0 1000 3
-1 0 0 0 0 1000 3
-1 0 0 0 0 1000 3
-1 0 0 0 0 1000 3
-1 0 0 0 0 1000 3
-1 0 0 0 0 1000 3
-1 0 0 0 0 1000 3
-1 0 0 0 0 1000 3
-1 0 0 0 0 1000 3
-1 0 0 0 0 1000 3
-1 0 0 0 0 1000 3
-1 0 0 0 0 1000 3
-1 0 0 0 0 1000 3
-1 0 0 0 0 1000 3
-1 0 0 0 0 1000 3
-1 0 0 0 0 1000 3
-1 0 0 0 0 1000 3
-1 0 0 0 0 1000 3
-1 0 0 0 0 1000 3
-1 0 0 0 0 1000 3
-1 0 0 0 0 1000 3
-1 0 0 0 0 1000 3
-1 0 0 0 0 1000 3
-1 0 0 0 0 1000 3
-1 0 0 0 0 1000 3
-1 0 0 0 0 1000 3
-1 0 0 0 0 1000 3
-1 0 0 0 0 1000 3
-1 0 0 0 0 1000 3
-1 0 0 0 0 1000 3
-1 0 0 0 0 1000 3
-1 0 0 0 0 1000 3
-1 0 0 0 0 1000 3
-1 0 0 0 0 1000 3
-1 0 0 0 0 1000 3
-1 0 0 0 0 1000 3
-1 0 0 0 0 1000 3
-1 0 0 0 0 1000 3
-1 0 0 0 0 1000 3
-1 0 0 0 0 1000 3
-1 0 0 0 0 1000 3
-1 0 0 0 0 1000 3
-1 0 0 0 0 1000 3
-1 0 0 0 0 1000 3
-1 0 0 0 0 1000 3
-1 0 0 0 0 1000 3
0 0 0 0 0 1000 3
0 0 0 0 0 1000 3
0 0 0 0 0 1000 3
0 0 0 0 0 1000 3
0 0 0 0 0 1000 3
0 0 0 0 0 1000 3
0 0 0 0 0 1000 3
0 0 0 0 0 1000 3
0 0 0 0 0 1000 3
0 0 0 0 0 1000 3
0 0 0 0 0 1000 3
0 0 0 0 0 1000 3
0 0 0 0 0 1000 3
0 0 0 0 0 1000 3
0 0 0 0 0 1000 3
0 0 0 0 0 1000 3
0 0 0 0 0 1000 3
0 0 0 0 0 1000 3
0 0 0 0 0 1000 3
0 0 0 0 0 1000 3
0 0 0 0 0 1000 3
0 0 0 0 0 1000 3
0 0 0 0 0 1000 3
0 0 0 0 0 1000 3
0 0 0 0 0 1000 3
0 0 0 0 0 1000 3
0 0 0 0 0 1000 3
0 0 0 0 0 1000 3
0 0 0 0 0 1000 3
0 0 0 0 0 1000 3
0 0 0 0 0 1000 3
0 0 0 0 0 1000 3
0 0 0 0 0 1000 3
0 0 0 0 0 1000 3
0 0 0 0 0 1000 3
0 0 0 0 0 1000 3
0 0 0 0 0 1000 3
0 0 0 0 0 1000 3
0 0 0 0 0 1000 3
0 0 0 0 0 1000 3
0 0 0 0 0 1000 3
0 0 0 0 0 1000 3
0 0 0 0 0 1000 3
0 0 0 0 0 1000 3
0 0 0 0 0 1000 3
0 0 0 0 0 1000 3
0 0 0 0 0 1000 3
0 0 0 0 0 1000 3
0 0 0 0 0 1000 3
0 0 0 0 0 1000 3
0 0 0 0 0 1000 3
0 0 0 0 0 1000 3
0 0 0 0 0 1000 3
0 0 0 0 0 1000 3
0 0 0 0 0 1000 3
0 0 0 0 0 1000 3
0 0 0 0 0 1000 3
1 0 0 1 5453 -30000 3
1 0 0 0 0 1000 3
1 0 0 0 0 1000 3
1 0 0 0 0 1000 3
1 0 0 0 0 1000 3
1 0 0 0 0 1000 3
1 0 0 0 0 1000 3
1 0 0 0 0 1000 3
1 0 0 0 0 1000 3
1 0 0 0 0 1000 3
1 0 0 0 0 1000 3
1 0 0 0 0 1000 3
1 0 0 0 0 1000 3
1 0 0 0 0 1000 3
0 0 0 0 0 1000 3
0 0 0 0 0 1000 3
0 0 0 0 0 1000 3
0 0 0 0 0 1000 3
0 0 0 0 0 1000 3
0 0 0 0 0 1000 3
0 0 0 0 0 1000 3
0 0 0 0 0 1000 3
0 0 0 0 0 1000 3
0 0 0 0 0 1000 3
0 0 0 0 0 1000 3
0 0 0 0 0 1000 3
0 0 0 0 0 1000 3
0 0 0 0 0 1000 3
1 1 0 1 5680 -30000 3
1 0 0 0 0 1000 3
1 0 0 0 0 1000 3
1 0 0 0 0 1000 3
1 0 0 0 0 1000 3
1 0 0 0 0 1000 3
1 0 0 0 0 1000 3
1 0 0 0 0 1000 3
1 0 0 0 0 1000 3
1 0 0 0 0 1000 3
1 0 0 0 0 1000 3
1 0 0 0 0 1000 3
1 0 0 0 0 1000 3
1 0 0 0 0 1000 3
1 0 0 0 0 1000 3
1 0 0 0 0 1000 3
1 0 0 0 0 1000 3
1 0 0 0 0 1000 3
1 0 0 0 0 1000 3
1 0 0 0 0 1000 3
1 0 0 0 0 1000 3
1 0 0 0 0 1000 3
1 0 0 0 0 1000 3
1 0 0 0 0 1000 3
1 0 0 0 0 1000 3
1 0 0 0 0 1000 3
1 0 0 0 0 1000 3
1 0 0 0 0 1000 3
1 0 0 0 0 1000 3
1 0 0 0 0 1000 3
1 0 0 0 0 1000 3
1 0 0 0 0 1000 3
1 0 0 0 0 1000 3
1 0 0 0 0 1000 3
1 0 0 0 0 1000 3
1 0 0 0 0 1000 3
1 0 0 0 0 1000 3
1 0 0 0 0 1000 3
1 0 0 0 0 1000 3
1 0 0 0 0 1000 3
1 0 0 0 0 1000 3
1 0 0 0 0 1000 3
1 0 0 0 0 1000 3
1 0 0 0 0 1000 3
1 0 0 0 0 1000 3
1 0 0 0 0 1000 3
1 0 0 0 0 1000 3
1 0 0 0 0 1000 3
0 0 0 0 0 1000 3
1 0 0 0 0 1000 3
1 0 0 0 0 1000 3
0 0 0 0 0 1000 3
1 0 0 0 0 1000 3
-1 0 0 0 0 1000 3
-1 0 0 0 0 1000 3
-1 0 0 0 0 1000 3
1 0 0 0 0 1000 3
0 0 0 0 0 1000 3
0 0 0 0 0 1000 3
0 0 0 0 0 1000 3
0 0 0 0 0 1000 3
0 0 0 0 0 1000 3
0 0 0 0 0 1000 3
0 0 0 0 0 1000 3
0 0 0 0 0 1000 3
0 0 0 0 0 1000 3
0 0 0 0 0 1000 3
0 0 0 0 0 1000 3
0 0 0 0 0 1000 3
0 0 0 0 0 1000 3
0 0 0 0 0 1000 3
0 1 0 0 0 1000 3
0 0 0 1 0 30000 3
