-1 0 1 0 -234 -972 -1
1 0 1 0 -234 -972 -1
0 0 1 0 -234 -972 -1
0 0 1 0 -234 -972 -1
0 0 1 0 -234 -972 -1
0 0 1 0 -234 -972 -1
-1 0 0 0 -98 -995 -1
-1 0 1 0 924 -381 -1
-1 0 1 0 924 -381 -1
-1 0 1 0 924 -381 -1
0 0 1 0 924 -381 -1
0 0 1 0 924 -381 -1
1 0 1 0 924 -381 -1
0 0 1 0 924 -381 -1
0 0 1 0 924 -381 -1
1 0 1 0 924 -381 -1
0 0 1 0 924 -381 -1
-1 0 1 0 924 -381 -1
1 0 1 0 924 -381 -1
1 0 0 0 924 -383 -1
1 0 1 0 752 659 -1
1 0 1 0 752 659 -1
1 0 1 0 752 659 -1
1 0 0 0 752 659 -1
1 0 0 0 773 634 -1
1 0 1 0 707 707 -1
1 0 1 0 707 707 -1
1 0 1 0 707 707 -1
1 0 1 0 -981 -195 -1
1 0 0 0 -981 -195 -1
1 0 1 0 383 924 -1
1 0 1 0 383 924 -1
1 0 0 0 383 924 -1
1 0 1 0 -981 195 -1
1 0 1 0 -981 195 -1
1 0 1 0 -981 195 -1
1 0 0 0 -981 195 -1
1 0 0 0 -981 195 -1
1 0 1 0 786 -618 -1
1 0 1 0 786 -618 -1
1 0 1 0 786 -618 -1
1 0 1 0 786 -618 -1
1 0 1 0 786 -618 -1
1 0 0 0 773 -634 -1
1 0 1 0 779 -627 -1
1 0 1 0 779 -627 -1
1 0 1 0 779 -627 -1
1 0 1 0 779 -627 -1
1 0 1 0 779 -627 -1
1 0 0 0 773 -634 -1
1 0 1 0 787 -616 -1
1 0 1 0 787 -616 -1
1 0 1 0 787 -616 -1
1 0 1 0 787 -616 -1
1 0 1 0 787 -616 -1
1 0 1 0 787 -616 -1
1 0 1 0 787 -616 -1
1 0 0 0 773 -634 -1
1 0 1 0 580 -815 -1
1 0 1 0 580 -815 -1
1 0 1 0 580 -815 -1
1 0 1 0 580 -815 -1
1 0 1 0 580 -815 -1
1 0 1 0 580 -815 -1
1 1 0 0 634 -773 -1
1 0 0 0 634 -773 -1
1 0 0 0 634 -773 -1
1 0 1 0 139 990 -1
1 0 0 0 139 990 -1
1 1 1 0 122 993 -1
1 0 0 0 122 993 -1
1 0 1 0 118 993 -1
1 0 0 0 118 993 -1
1 0 1 0 92 996 -1
1 0 0 0 92 996 -1
1 0 1 0 383 924 -1
1 0 1 0 383 924 -1
1 0 1 0 383 924 -1
1 0 0 0 383 924 -1
1 0 1 0 924 -383 -1
1 0 1 0 924 -383 -1
1 0 0 0 924 -383 -1
1 0 1 0 -290 -957 -1
1 0 1 0 -290 -957 -1
1 0 0 0 -290 -957 -1
1 0 1 0 957 -290 -1
1 0 1 0 957 -290 -1
1 0 1 0 957 -290 -1
1 0 1 0 957 -290 -1
1 0 1 0 957 -290 -1
1 0 1 0 957 -290 -1
1 0 1 0 957 -290 -1
1 0 1 0 957 -290 -1
1 0 0 0 957 -290 -1
1 0 1 0 773 -634 -1
1 0 1 0 773 -634 -1
1 0 1 0 773 -634 -1
1 0 1 0 773 -634 -1
1 0 1 0 773 -634 -1
1 0 1 0 773 -634 -1
1 0 1 0 773 -634 -1
1 0 0 0 773 -634 -1
1 0 1 0 634 -773 -1
1 0 0 0 634 -773 -1
1 0 1 0 882 471 -1
1 0 0 0 882 471 -1
1 0 1 0 957 -290 -1
1 0 1 0 957 -290 -1
1 0 1 0 957 -290 -1
1 0 1 0 957 -290 -1
1 0 1 0 957 -290 -1
1 0 1 0 957 -290 -1
1 0 1 0 957 -290 -1
1 0 1 0 957 -290 -1
1 0 1 0 957 -290 -1
1 0 1 0 957 -290 -1
1 0 1 0 957 -290 -1
1 0 1 0 957 -290 -1
1 0 1 0 957 -290 -1
1 0 1 0 957 -290 -1
1 0 1 0 957 -290 -1
1 0 1 0 957 -290 -1
1 0 0 0 957 -290 -1
1 0 1 0 195 981 -1
1 1 0 0 195 981 -1
1 0 1 0 126 992 -1
1 0 0 0 126 992 -1
1 0 1 0 195 981 -1
1 0 1 0 195 981 -1
1 0 1 0 195 981 -1
1 0 0 0 195 981 -1
1 0 1 0 831 556 -1
1 0 1 0 831 556 -1
1 0 0 0 831 556 -1
1 0 1 0 195 981 -1
1 0 1 0 195 981 -1
1 0 1 0 195 981 -1
1 0 0 0 195 981 -1
1 0 1 0 195 981 -1
1 0 1 0 195 981 -1
1 0 1 0 195 981 -1
1 0 0 0 195 981 -1
1 0 0 0 195 981 -1
1 1 1 0 290 957 -1
1 0 1 0 290 957 -1
1 0 1 0 290 957 -1
1 0 0 0 290 957 -1
1 0 0 0 290 957 -1
1 0 1 0 -290 957 -1
1 0 1 0 -290 957 -1
1 0 1 0 -290 957 -1
1 0 1 0 -290 957 -1
1 0 1 0 -290 957 -1
1 0 1 0 -290 957 -1
1 0 0 0 -290 957 -1
1 0 1 0 995 98 -1
1 0 1 0 995 98 -1
1 0 1 0 995 98 -1
1 0 0 0 995 98 -1
1 0 1 0 -773 634 -1
1 0 1 0 -773 634 -1
1 0 1 0 -773 634 -1
1 0 0 0 -773 634 -1
1 0 1 0 195 -981 -1
1 0 1 0 195 -981 -1
1 0 1 0 195 -981 -1
1 0 0 0 195 -981 -1
1 0 1 0 471 882 -1
1 0 0 0 471 882 -1
1 0 1 0 882 471 -1
1 0 1 0 882 471 -1
1 0 1 0 882 471 -1
1 0 1 0 882 471 -1
1 0 1 0 882 471 -1
1 0 1 0 882 471 -1
1 0 0 0 882 471 -1
1 0 1 0 195 -981 -1
1 0 1 0 195 -981 -1
1 0 0 0 195 -981 -1
1 0 0 0 195 -981 -1
1 0 1 0 924 -383 -1
1 0 1 0 924 -383 -1
1 0 0 0 924 -383 -1
1 0 1 0 471 -882 -1
1 0 1 0 471 -882 -1
1 0 0 0 471 -882 -1
1 0 1 0 882 -471 -1
1 0 1 0 882 -471 -1
1 0 1 0 882 -471 -1
1 0 0 0 882 -471 -1
1 0 1 0 383 924 -1
1 0 1 0 383 924 -1
1 0 1 0 383 924 -1
1 0 1 0 383 924 -1
1 0 1 0 383 924 -1
1 0 1 0 383 924 -1
1 0 0 0 383 924 -1
1 0 1 0 -924 383 -1
1 0 1 0 -924 383 -1
1 0 0 0 -924 383 -1
1 0 1 0 -98 -995 -1
1 0 1 0 -98 -995 -1
1 0 0 0 -98 -995 -1
1 0 1 0 634 -773 -1
1 0 1 0 634 -773 -1
1 0 1 0 634 -773 -1
1 0 1 0 634 -773 -1
1 0 1 0 634 -773 -1
1 0 1 0 634 -773 -1
1 0 1 0 634 -773 -1
1 0 0 0 634 -773 -1
1 0 0 0 634 -773 -1
1 0 0 0 634 -773 -1
1 0 1 0 182 -983 -1
1 0 0 0 182 -983 -1
1 0 1 0 118 -993 -1
1 0 0 0 118 -993 -1
1 0 0 0 118 -993 -1
1 0 1 0 74 -997 -1
1 0 0 0 74 -997 -1
1 0 1 0 -195 -981 -1
1 0 1 0 -195 -981 -1
1 0 0 0 -195 -981 -1
1 1 1 0 100 995 -1
1 0 0 0 100 995 -1
1 0 1 0 290 957 -1
1 0 1 0 290 957 -1
1 0 0 0 290 957 -1
1 0 1 0 290 -957 -1
1 0 0 0 290 -957 -1
1 0 1 0 383 924 -1
1 0 1 0 383 924 -1
1 0 1 0 383 924 -1
1 0 1 0 383 924 -1
1 0 1 0 383 924 -1
1 0 0 0 383 924 -1
1 0 0 0 383 924 -1
1 0 1 0 -98 995 -1
1 0 0 0 -98 995 -1
1 0 1 0 383 -924 -1
1 0 1 0 383 -924 -1
1 0 1 0 383 -924 -1
1 0 1 0 383 -924 -1
1 0 0 0 383 -924 -1
1 0 1 0 831 -556 -1
1 0 1 0 831 -556 -1
1 0 0 0 831 -556 -1
1 0 1 0 924 -383 -1
1 0 0 0 924 -383 -1
1 0 1 0 882 471 -1
1 0 1 0 882 471 -1
1 0 1 0 882 471 -1
1 0 1 0 882 471 -1
1 0 0 0 882 471 -1
1 0 1 0 135 -991 -1
1 0 0 0 135 -991 -1
1 0 1 0 471 -882 -1
1 0 1 0 471 -882 -1
1 0 1 0 471 -882 -1
1 0 1 0 471 -882 -1
1 0 0 0 471 -882 -1
1 0 0 0 471 -882 -1
1 1 1 0 981 195 -1
1 0 1 0 981 195 -1
1 0 0 0 981 195 -1
1 0 1 0 96 995 -1
1 0 0 0 96 995 -1
1 0 0 0 96 995 -1
1 0 1 0 -243 970 -1
1 0 1 0 -243 970 -1
1 0 0 0 -243 970 -1
1 0 1 0 -924 383 -1
1 0 1 0 -924 383 -1
1 0 0 0 -924 383 -1
1 0 1 0 -924 -383 -1
1 0 0 0 -924 -383 -1
1 0 1 0 0 -1000 -1
1 0 1 0 0 -1000 -1
1 0 1 0 0 -1000 -1
1 0 0 0 0 -1000 -1
1 0 1 0 471 882 -1
1 0 1 0 471 882 -1
1 0 1 0 471 882 -1
1 0 0 0 471 882 -1
1 0 1 0 957 -290 -1
1 0 1 0 957 -290 -1
1 0 1 0 957 -290 -1
1 0 1 0 957 -290 -1
1 0 1 0 957 -290 -1
1 0 1 0 957 -290 -1
1 0 1 0 957 -290 -1
1 0 0 0 957 -290 -1
1 0 1 0 -471 -882 -1
1 0 0 0 -471 -882 -1
1 0 1 0 -904 -428 -1
1 0 1 0 -904 -428 -1
1 0 1 0 -904 -428 -1
1 0 1 0 -904 -428 -1
1 0 0 0 -904 -428 -1
1 0 1 0 -634 -773 -1
1 0 0 0 -634 -773 -1
1 0 1 0 981 -195 -1
1 0 1 0 981 -195 -1
1 0 1 0 981 -195 -1
1 0 1 0 981 -195 -1
1 0 0 0 981 -195 -1
1 0 1 0 148 -989 -1
1 0 0 0 148 -989 -1
1 0 1 0 556 831 -1
1 0 0 0 556 831 -1
1 0 1 0 634 -773 -1
1 0 1 0 634 -773 -1
1 0 1 0 634 -773 -1
1 0 1 0 634 -773 -1
1 0 0 0 634 -773 -1
1 0 1 0 556 -831 -1
1 0 1 0 556 -831 -1
1 0 1 0 556 -831 -1
1 0 1 0 556 -831 -1
1 0 0 0 556 -831 -1
1 0 1 0 514 -858 -1
1 0 1 0 514 -858 -1
1 0 1 0 514 -858 -1
1 0 1 0 514 -858 -1
1 0 0 0 514 -858 -1
1 0 1 0 -741 672 -1
1 0 0 0 -741 672 -1
1 0 1 0 -65 998 -1
1 0 0 0 -65 998 -1
1 0 1 0 556 -831 -1
1 0 1 0 556 -831 -1
1 0 1 0 556 -831 -1
1 0 1 0 556 -831 -1
1 0 1 0 556 -831 -1
1 0 0 0 556 -831 -1
1 0 1 0 -98 -995 -1
1 0 0 0 -98 -995 -1
1 0 1 0 596 -803 -1
1 0 1 0 596 -803 -1
1 0 1 0 596 -803 -1
1 0 0 0 596 -803 -1
1 0 1 0 471 -882 -1
1 0 1 0 471 -882 -1
1 0 0 0 471 -882 -1
1 0 0 0 471 -882 -1
1 0 1 0 904 428 -1
1 0 1 0 904 428 -1
1 0 1 0 904 428 -1
1 0 0 0 904 428 -1
1 0 1 0 -290 -957 -1
1 0 1 0 -290 -957 -1
1 1 1 0 -290 -957 -1
1 0 1 0 -290 -957 -1
1 0 1 0 -290 -957 -1
1 0 1 0 -290 -957 -1
1 0 1 0 -290 -957 -1
1 0 1 0 -290 -957 -1
1 0 0 0 -290 -957 -1
1 0 1 0 -725 -688 -1
1 0 0 0 -725 -688 -1
1 0 1 0 -882 -471 -1
1 0 1 0 -882 -471 -1
1 0 0 0 -882 -471 -1
1 0 1 0 556 831 -1
1 0 1 0 556 831 -1
1 0 1 0 556 831 -1
1 0 1 0 556 831 -1
1 0 1 0 556 831 -1
1 0 1 0 556 831 -1
1 0 1 0 556 831 -1
1 0 1 0 556 831 -1
1 0 1 0 556 831 -1
1 0 1 0 556 831 -1
1 0 1 0 556 831 -1
1 0 1 0 556 831 -1
1 0 1 0 556 831 -1
1 0 1 0 556 831 -1
1 0 1 0 556 831 -1
1 0 1 0 556 831 -1
1 0 1 0 556 831 -1
1 0 1 0 556 831 -1
-1 0 1 0 556 831 -1
0 0 1 0 556 831 -1
0 0 1 0 556 831 -1
-1 0 1 0 556 831 -1
1 0 1 0 556 831 -1
-1 0 1 0 556 831 -1
1 0 1 0 556 831 -1
-1 0 1 0 556 831 -1
1 0 1 0 556 831 -1
1 0 1 0 556 831 -1
1 0 1 0 556 831 -1
1 0 1 0 556 831 -1
1 0 1 0 556 831 -1
1 0 0 0 556 831 -1
1 0 1 0 -843 537 -1
1 0 1 0 -843 537 -1
1 0 0 0 -843 537 -1
1 0 1 0 -877 481 -1
1 0 0 0 -877 481 -1
1 0 1 0 -891 454 -1
1 0 0 0 -891 454 -1
1 0 1 0 -904 428 -1
1 0 0 0 -904 428 -1
1 0 1 0 -915 403 -1
1 0 0 0 0 -1 -1
1 0 1 0 -9388 3445 -1
1 0 0 0 0 -1 -1
0 0 1 0 -9692 2464 -1
0 0 1 0 0 -1 -1
-1 0 0 0 0 -1 -1
-1 0 1 0 -9800 -1989 -1
-1 0 0 0 0 -1 -1
-1 0 1 0 -9639 -2664 -1
-1 0 0 0 0 -1 -1
-1 0 1 0 -9364 -3508 -1
-1 0 0 0 0 -1 -1
-1 0 1 0 -904 -428 -1
-1 0 0 0 0 -1 -1
-1 0 1 0 -8669 -4985 -1
-1 0 0 0 0 -1 -1
-1 0 1 0 -904 -428 -1
-1 0 1 0 0 -1 -1
-1 0 0 0 0 -1 -1
-1 0 1 0 -989 147 -1
-1 0 0 0 0 -1 -1
-1 0 1 0 -803 -596 -1
-1 0 0 0 0 -1 -1
-1 0 1 0 -7583 -6519 -1
-1 0 0 0 0 -1 -1
-1 0 1 0 -7136 -7005 -1
-1 0 1 0 0 -1 -1
-1 0 1 0 0 -1 -1
-1 0 0 0 0 -1 -1
-1 0 1 0 -5513 -8343 -1
-1 0 1 0 0 -1 -1
-1 0 0 0 0 -1 -1
-1 0 1 0 -4297 -9030 -1
-1 0 1 0 0 -1 -1
-1 0 0 0 0 -1 -1
-1 0 1 0 -3006 -9538 -1
-1 0 0 0 0 -1 -1
-1 0 1 0 -428 -904 -1
-1 0 1 0 0 -1 -1
-1 0 1 0 0 -1 -1
-1 1 0 0 0 -1 -1
-1 0 1 0 942 -337 -1
-1 0 0 0 0 -1 -1
-1 0 1 0 -1016 9948 -1
-1 0 0 0 0 -1 -1
-1 0 1 0 -830 9965 -1
-1 0 0 0 0 -1 -1
-1 0 1 0 337 -942 -1
-1 1 1 0 0 -1 -1
-1 0 0 0 0 -1 -1
-1 0 1 0 -243 970 -1
-1 0 1 0 0 -1 -1
-1 0 0 0 0 -1 -1
-1 0 0 0 0 -1 -1
-1 0 1 0 -930 9957 -1
-1 0 0 0 0 -1 -1
-1 0 1 0 -243 970 -1
-1 0 1 0 0 -1 -1
-1 0 0 0 0 -1 -1
-1 0 1 0 -243 970 -1
-1 0 1 0 0 -1 -1
-1 0 0 0 0 -1 -1
-1 0 1 0 -337 942 -1
-1 1 1 0 0 -1 -1
-1 0 0 0 0 -1 -1
-1 0 0 0 0 -1 -1
-1 0 1 0 -916 9958 -1
-1 0 0 0 0 -1 -1
-1 0 0 0 0 -1 -1
-1 0 1 0 -337 942 -1
-1 0 1 0 0 -1 -1
-1 0 1 0 0 -1 -1
-1 0 1 0 0 -1 -1
-1 0 0 0 0 -1 -1
-1 0 1 0 -243 970 -1
-1 1 1 0 0 -1 -1
-1 0 1 0 0 -1 -1
-1 0 0 0 0 -1 -1
-1 0 1 0 -243 970 -1
-1 0 1 0 0 -1 -1
-1 0 0 0 0 -1 -1
-1 0 1 0 -337 942 -1
-1 0 1 0 0 -1 -1
-1 0 1 0 0 -1 -1
-1 0 0 0 0 -1 -1
-1 0 0 0 0 -1 -1
-1 0 1 0 -243 970 -1
-1 0 1 0 0 -1 -1
-1 0 1 0 0 -1 -1
-1 0 0 0 0 -1 -1
-1 0 1 0 -243 970 -1
-1 0 1 0 0 -1 -1
-1 0 1 0 0 -1 -1
-1 0 1 0 0 -1 -1
-1 0 1 0 0 -1 -1
-1 0 0 0 0 -1 -1
-1 0 0 0 0 -1 -1
-1 0 1 0 -999 -49 -1
-1 0 0 0 0 -1 -1
-1 0 1 0 -243 970 -1
-1 0 1 0 0 -1 -1
-1 0 1 0 0 -1 -1
-1 0 1 0 0 -1 -1
-1 0 1 0 0 -1 -1
-1 0 0 0 0 -1 -1
-1 0 1 0 -741 672 -1
-1 0 1 0 0 -1 -1
-1 0 0 0 0 -1 -1
-1 0 1 0 -2626 -9649 -1
-1 0 0 0 0 -1 -1
-1 0 1 0 -514 -858 -1
-1 0 1 0 0 -1 -1
-1 0 0 0 0 -1 -1
-1 0 0 0 0 -1 -1
-1 0 1 0 -596 -803 -1
-1 0 1 0 0 -1 -1
-1 0 1 0 0 -1 -1
-1 0 1 0 0 -1 -1
-1 0 0 0 0 -1 -1
-1 0 1 0 -514 -858 -1
-1 0 1 0 0 -1 -1
-1 0 1 0 0 -1 -1
-1 0 1 0 0 -1 -1
-1 0 0 0 0 -1 -1
-1 0 1 0 -803 -596 -1
-1 0 1 0 0 -1 -1
-1 0 0 0 0 -1 -1
-1 0 1 0 -596 -803 -1
-1 0 1 0 0 -1 -1
-1 0 1 0 0 -1 -1
-1 0 1 0 0 -1 -1
-1 0 1 0 0 -1 -1
-1 0 0 0 0 -1 -1
-1 0 0 0 0 -1 -1
-1 0 1 0 -1993 -9799 -1
-1 0 0 0 0 -1 -1
-1 0 0 0 0 -1 -1
-1 0 1 0 -672 -741 -1
-1 0 1 0 0 -1 -1
-1 0 1 0 0 -1 -1
-1 0 1 0 0 -1 -1
-1 0 0 0 0 -1 -1
-1 0 0 0 0 -1 -1
-1 0 1 0 -337 -942 -1
-1 0 1 0 0 -1 -1
-1 0 0 0 0 -1 -1
-1 0 1 0 -428 -904 -1
-1 0 1 0 0 -1 -1
-1 0 1 0 0 -1 -1
-1 0 0 0 0 -1 -1
-1 0 1 0 -337 -942 -1
-1 0 1 0 0 -1 -1
-1 0 1 0 0 -1 -1
-1 0 0 0 0 -1 -1
-1 1 1 0 -596 803 -1
-1 0 0 0 0 -1 -1
-1 0 1 0 -970 243 -1
-1 0 1 0 0 -1 -1
-1 0 0 0 0 -1 -1
-1 0 1 0 -755 9971 -1
-1 0 0 0 0 -1 -1
-1 0 1 0 -601 9982 -1
-1 0 0 0 0 -1 -1
-1 0 1 0 -49 999 -1
-1 0 0 0 0 -1 -1
-1 0 1 0 -298 9996 -1
-1 0 0 0 0 -1 -1
-1 0 1 0 -148 9999 -1
-1 0 0 0 0 -1 -1
-1 0 1 0 1 10000 -1
-1 0 0 0 0 -1 -1
-1 0 1 0 741 -672 -1
-1 0 1 0 0 -1 -1
-1 0 1 0 0 -1 -1
-1 0 1 0 0 -1 -1
-1 0 0 0 0 -1 -1
-1 0 1 0 -147 989 -1
-1 0 1 0 0 -1 -1
-1 0 0 0 0 -1 -1
-1 0 1 0 654 9979 -1
-1 0 0 0 0 -1 -1
-1 0 1 0 845 9964 -1
-1 0 1 0 0 -1 -1
-1 0 0 0 0 -1 -1
-1 0 1 0 337 -942 -1
-1 0 1 0 0 -1 -1
-1 1 1 0 0 -1 -1
-1 0 1 0 0 -1 -1
-1 0 1 0 0 -1 -1
-1 0 1 0 0 -1 -1
-1 0 1 0 0 -1 -1
-1 0 0 0 0 -1 -1
-1 0 1 0 6876 -7261 -1
-1 0 1 0 0 -1 -1
-1 0 0 0 0 -1 -1
-1 0 1 0 7623 -6472 -1
-1 0 0 0 0 -1 -1
-1 0 1 0 7945 -6073 -1
-1 0 0 0 0 -1 -1
-1 0 1 0 672 -741 -1
-1 0 1 0 0 -1 -1
-1 0 1 0 0 -1 -1
-1 0 1 0 0 -1 -1
-1 0 0 0 0 -1 -1
-1 0 0 0 0 -1 -1
-1 0 1 0 -2901 9570 -1
-1 0 0 0 0 -1 -1
-1 0 1 0 -2583 9661 -1
-1 0 0 0 0 -1 -1
-1 0 1 0 -2285 9735 -1
-1 0 0 0 0 -1 -1
-1 0 1 0 -2003 9797 -1
-1 0 0 0 0 -1 -1
-1 0 1 0 -1735 9848 -1
-1 0 0 0 0 -1 -1
-1 0 1 0 -1479 9890 -1
-1 0 0 0 0 -1 -1
-1 0 1 0 -1232 9924 -1
-1 0 0 0 0 -1 -1
-1 0 1 0 -243 970 -1
-1 0 1 0 0 -1 -1
-1 0 0 0 0 -1 -1
-1 0 1 0 -147 989 -1
-1 0 1 0 0 -1 -1
-1 0 0 0 0 -1 -1
-1 0 1 0 -147 989 -1
-1 0 1 0 0 -1 -1
-1 0 0 0 0 -1 -1
-1 0 0 0 0 -1 -1
-1 0 1 0 -337 942 -1
-1 0 1 0 0 -1 -1
-1 0 1 0 0 -1 -1
-1 0 0 0 0 -1 -1
-1 0 1 0 327 9995 -1
-1 0 0 0 0 -1 -1
-1 0 1 0 618 9981 -1
-1 0 0 0 0 -1 -1
-1 0 1 0 912 9958 -1
-1 0 0 0 0 -1 -1
-1 0 1 0 942 337 -1
-1 0 0 0 0 -1 -1
-1 0 1 0 -49 999 -1
-1 0 1 0 0 -1 -1
-1 0 1 0 0 -1 -1
-1 0 0 0 0 -1 -1
-1 0 1 0 -989 -147 -1
-1 0 0 0 0 -1 -1
-1 0 1 0 -942 337 -1
-1 0 0 0 0 -1 -1
-1 0 1 0 -672 -741 -1
-1 0 1 0 0 -1 -1
-1 0 0 0 0 -1 -1
-1 0 1 0 -942 -337 -1
-1 0 0 0 0 -1 -1
-1 0 1 0 999 49 -1
-1 0 0 0 0 -1 -1
-1 0 1 0 -858 -514 -1
-1 0 1 0 0 -1 -1
-1 0 1 0 0 -1 -1
-1 0 1 0 0 -1 -1
-1 0 0 0 0 -1 -1
-1 0 1 0 -514 -858 -1
-1 0 1 0 0 -1 -1
-1 0 1 0 0 -1 -1
-1 0 0 0 0 -1 -1
-1 0 1 0 -514 -858 -1
-1 0 1 0 0 -1 -1
-1 0 1 0 0 -1 -1
-1 0 1 0 0 -1 -1
-1 1 1 0 0 -1 -1
-1 0 1 0 0 -1 -1
-1 0 1 0 0 -1 -1
-1 0 0 0 0 -1 -1
-1 0 1 0 -337 942 -1
-1 0 1 0 0 -1 -1
-1 1 1 0 0 -1 -1
-1 0 0 0 0 -1 -1
-1 0 1 0 -243 970 -1
-1 0 1 0 0 -1 -1
-1 0 1 0 0 -1 -1
-1 0 0 0 0 -1 -1
-1 0 1 0 -243 970 -1
-1 0 1 0 0 -1 -1
-1 0 1 0 0 -1 -1
-1 0 0 0 0 -1 -1
-1 0 1 0 -904 428 -1
-1 0 1 0 0 -1 -1
-1 0 1 0 0 -1 -1
-1 0 0 0 0 -1 -1
-1 0 1 0 -858 -514 -1
-1 0 0 0 0 -1 -1
-1 0 1 0 1378 -9905 -1
-1 0 0 0 0 -1 -1
-1 0 0 0 0 -1 -1
-1 0 1 0 -147 989 -1
-1 0 1 0 0 -1 -1
-1 0 0 0 0 -1 -1
-1 0 1 0 -514 858 -1
-1 0 1 0 0 -1 -1
-1 0 1 0 0 -1 -1
-1 0 1 0 0 -1 -1
-1 0 1 0 0 -1 -1
-1 0 0 0 0 -1 -1
-1 0 1 0 541 9985 -1
-1 0 0 0 0 -1 -1
-1 0 0 0 0 -1 -1
-1 0 1 0 848 9964 -1
-1 0 0 0 0 -1 -1
-1 0 1 0 -49 999 -1
-1 0 1 0 0 -1 -1
-1 0 1 0 0 -1 -1
-1 0 1 0 0 -1 -1
-1 0 1 0 0 -1 -1
-1 0 0 0 0 -1 -1
-1 0 1 0 989 -147 -1
-1 0 1 0 0 -1 -1
-1 0 0 0 0 -1 -1
-1 0 1 0 -596 803 -1
-1 0 0 0 0 -1 -1
-1 0 1 0 -4447 -8957 -1
-1 0 0 0 0 -1 -1
-1 0 1 0 -3861 -9224 -1
-1 0 0 0 0 -1 -1
-1 0 1 0 -337 -942 -1
-1 0 0 0 0 -1 -1
-1 0 1 0 -2670 -9637 -1
-1 0 0 0 0 -1 -1
-1 0 1 0 -2067 -9784 -1
-1 0 0 0 0 -1 -1
-1 0 1 0 -337 -942 -1
-1 0 1 0 0 -1 -1
-1 0 0 0 0 -1 -1
-1 0 1 0 -243 -970 -1
-1 0 1 0 0 -1 -1
-1 0 0 0 0 -1 -1
-1 0 1 0 -243 -970 -1
-1 0 1 0 0 -1 -1
-1 0 0 0 0 -1 -1
-1 0 1 0 -904 428 -1
-1 0 0 0 0 -1 -1
-1 0 1 0 -514 -858 -1
-1 0 1 0 0 -1 -1
-1 0 1 0 0 -1 -1
-1 0 1 0 0 -1 -1
-1 0 1 0 0 -1 -1
-1 0 0 0 0 -1 -1
-1 0 1 0 476 9989 -1
-1 0 0 0 0 -1 -1
-1 0 1 0 696 9976 -1
-1 0 0 0 0 -1 -1
-1 0 0 0 0 -1 -1
-1 0 1 0 975 9952 -1
-1 0 0 0 0 -1 -1
1 0 1 0 970 9953 -1
-1 0 1 0 0 -1 -1
-1 0 0 0 0 -1 -1
-1 0 1 0 428 904 -1
0 0 1 0 0 -1 -1
0 0 1 0 0 -1 -1
0 0 0 0 0 -1 -1
1 0 1 0 2266 9740 -1
-1 0 1 0 0 -1 -1
-1 0 1 0 0 -1 -1
0 0 1 0 0 -1 -1
0 0 1 0 0 -1 -1
-1 0 1 0 0 -1 -1
-1 0 1 0 0 -1 -1
1 0 1 0 0 -1 -1
1 0 1 0 0 -1 -1
1 0 1 0 0 -1 -1
1 0 1 0 0 -1 -1
1 0 1 0 0 -1 -1
1 0 1 0 0 -1 -1
1 0 1 0 0 -1 -1
1 0 1 0 0 -1 -1
1 0 0 0 0 -1 -1
1 0 1 0 7856 -6187 -1
1 0 1 0 0 -1 -1
1 0 1 0 0 -1 -1
1 0 0 0 0 -1 -1
1 0 1 0 596 -803 -1
1 0 0 0 0 -1 -1
1 0 1 0 49 999 -1
1 0 1 0 0 -1 -1
1 0 0 0 0 -1 -1
1 0 1 0 741 672 -1
1 0 1 0 0 -1 -1
1 0 0 0 0 -1 -1
1 0 1 0 243 970 -1
1 0 1 0 0 -1 -1
1 0 1 0 0 -1 -1
1 0 1 0 0 -1 -1
1 0 0 0 0 -1 -1
1 0 0 0 0 -1 -1
1 0 1 0 672 -741 -1
1 0 1 0 0 -1 -1
1 0 1 0 0 -1 -1
1 0 1 0 0 -1 -1
1 0 1 0 0 -1 -1
1 0 1 0 0 -1 -1
1 0 1 0 0 -1 -1
1 0 0 0 0 -1 -1
1 1 0 0 0 -1 -1
1 0 1 0 243 970 -1
1 0 1 0 0 -1 -1
1 0 1 0 0 -1 -1
1 1 0 0 0 -1 -1
1 0 0 0 0 -1 -1
1 0 1 0 -904 -428 -1
1 0 0 0 0 -1 -1
1 0 1 0 -428 -904 -1
1 0 0 0 0 -1 -1
1 0 1 0 337 942 -1
1 0 1 0 0 -1 -1
1 0 1 0 0 -1 -1
1 0 1 0 0 -1 -1
1 1 0 0 0 -1 -1
1 0 1 0 -596 -803 -1
1 0 0 0 0 -1 -1
1 0 1 0 -6568 -7541 -1
1 0 0 0 0 -1 -1
1 0 1 0 999 -49 -1
1 0 0 0 0 -1 -1
1 0 1 0 596 803 -1
1 0 1 0 0 -1 -1
1 0 1 0 0 -1 -1
1 0 1 0 0 -1 -1
1 0 1 0 0 -1 -1
1 0 1 0 0 -1 -1
1 0 1 0 0 -1 -1
1 1 1 0 0 -1 -1
1 0 1 0 0 -1 -1
1 0 1 0 0 -1 -1
1 0 1 0 0 -1 -1
1 0 0 0 0 -1 -1
1 0 1 0 243 970 -1
1 0 1 0 0 -1 -1
1 0 1 0 0 -1 -1
1 0 1 0 0 -1 -1
1 0 1 0 0 -1 -1
1 0 0 0 0 -1 -1
1 0 1 0 147 989 -1
1 0 1 0 0 -1 -1
1 0 1 0 0 -1 -1
1 0 0 0 0 -1 -1
1 0 0 0 0 -1 -1
1 0 1 0 -243 970 -1
1 0 0 0 0 -1 -1
1 0 1 0 337 942 -1
1 0 1 0 0 -1 -1
1 1 1 0 0 -1 -1
1 0 0 0 0 -1 -1
1 0 1 0 243 970 -1
1 0 1 0 0 -1 -1
1 0 1 0 0 -1 -1
1 0 0 0 0 -1 -1
1 0 1 0 243 970 -1
1 0 1 0 0 -1 -1
1 0 1 0 0 -1 -1
1 0 0 0 0 -1 -1
1 0 1 0 989 -147 -1
1 0 0 0 0 -1 -1
1 0 1 0 337 942 -1
1 0 1 0 0 -1 -1
1 0 1 0 0 -1 -1
1 0 1 0 0 -1 -1
1 0 0 0 0 -1 -1
1 0 1 0 49 999 -1
1 0 1 0 0 -1 -1
1 0 0 0 0 -1 -1
1 0 1 0 -1278 9918 -1
1 0 0 0 0 -1 -1
1 0 1 0 -1623 9867 -1
1 0 0 0 0 -1 -1
1 0 1 0 -1977 9803 -1
1 0 0 0 0 -1 -1
1 0 1 0 -2344 9721 -1
1 0 0 0 0 -1 -1
1 0 1 0 -2919 9565 -1
1 0 0 0 0 -1 -1
1 0 1 0 904 -428 -1
1 0 1 0 0 -1 -1
1 0 1 0 0 -1 -1
1 0 1 0 0 -1 -1
1 0 1 0 0 -1 -1
1 0 1 0 0 -1 -1
1 0 1 0 0 -1 -1
1 0 1 0 0 -1 -1
1 0 1 0 0 -1 -1
1 0 0 0 0 -1 -1
1 0 1 0 596 -803 -1
1 0 1 0 0 -1 -1
1 0 1 0 0 -1 -1
1 0 1 0 0 -1 -1
1 0 1 0 0 -1 -1
1 0 1 0 0 -1 -1
1 0 1 0 0 -1 -1
1 0 1 0 0 -1 -1
1 1 1 0 0 -1 -1
1 0 0 0 0 -1 -1
1 0 1 0 1184 9930 -1
1 0 0 0 0 -1 -1
1 0 1 0 337 942 -1
1 0 1 0 0 -1 -1
1 0 1 0 0 -1 -1
1 0 1 0 0 -1 -1
1 0 0 0 0 -1 -1
1 0 0 0 0 -1 -1
1 0 1 0 989 -147 -1
1 0 0 0 0 -1 -1
1 0 1 0 337 942 -1
1 0 1 0 0 -1 -1
1 0 1 0 0 -1 -1
1 0 1 0 0 -1 -1
1 0 1 0 0 -1 -1
1 1 0 0 0 -1 -1
1 0 1 0 -337 -942 -1
1 0 1 0 0 -1 -1
1 0 0 0 0 -1 -1
1 0 1 0 -337 -942 -1
1 0 1 0 0 -1 -1
1 0 0 0 0 -1 -1
1 0 1 0 147 -989 -1
1 0 1 0 0 -1 -1
1 0 1 0 0 -1 -1
1 0 0 0 0 -1 -1
1 0 1 0 -6296 -7769 -1
1 0 0 0 0 -1 -1
1 0 1 0 -672 -741 -1
1 0 0 0 0 -1 -1
1 0 1 0 514 858 -1
1 0 1 0 0 -1 -1
1 0 1 0 0 -1 -1
1 0 1 0 0 -1 -1
1 0 0 0 0 -1 -1
1 0 1 0 428 904 -1
1 0 1 0 0 -1 -1
1 0 1 0 0 -1 -1
1 0 1 0 0 -1 -1
1 0 1 0 0 -1 -1
1 0 0 0 0 -1 -1
1 0 0 0 0 -1 -1
1 0 1 0 -337 942 -1
1 0 1 0 0 -1 -1
1 0 1 0 0 -1 -1
1 0 1 0 0 -1 -1
1 0 1 0 0 -1 -1
1 0 1 0 0 -1 -1
1 0 1 0 0 -1 -1
1 0 1 0 0 -1 -1
-1 0 0 0 0 -1 -1
1 0 1 0 -243 970 -1
1 0 1 0 0 -1 -1
1 0 1 0 0 -1 -1
1 0 1 0 0 -1 -1
1 0 1 0 0 -1 -1
1 0 1 0 0 -1 -1
1 0 1 0 0 -1 -1
1 0 1 0 0 -1 -1
1 0 0 0 0 -1 -1
1 0 1 0 147 989 -1
1 0 0 0 0 -1 -1
1 0 1 0 9073 -4205 -1
1 0 0 0 0 -1 -1
1 0 1 0 858 -514 -1
1 0 0 0 0 -1 -1
1 0 1 0 803 -596 -1
1 0 0 0 0 -1 -1
1 0 1 0 741 -672 -1
1 0 0 0 0 -1 -1
1 0 1 0 6763 -7366 -1
1 0 0 0 0 -1 -1
1 0 1 0 6091 -7931 -1
1 0 0 0 0 -1 -1
1 0 1 0 5397 -8419 -1
1 0 0 0 0 -1 -1
1 0 1 0 4683 -8836 -1
1 0 0 0 0 -1 -1
1 0 1 0 3954 -9185 -1
1 0 0 0 0 -1 -1
1 0 1 0 337 -942 -1
1 0 0 0 0 -1 -1
1 0 1 0 2467 -9691 -1
1 0 0 0 0 -1 -1
1 0 1 0 514 -858 -1
1 0 1 0 0 -1 -1
1 0 1 0 0 -1 -1
1 0 0 0 0 -1 -1
1 0 1 0 514 -858 -1
1 0 0 0 0 -1 -1
1 0 1 0 -904 428 -1
1 0 0 0 0 -1 -1
1 0 1 0 942 337 -1
1 0 1 0 0 -1 -1
1 0 1 0 0 -1 -1
1 0 1 0 0 -1 -1
1 0 0 0 0 -1 -1
1 0 1 0 -1548 9879 -1
1 0 0 0 0 -1 -1
1 0 1 0 -989 147 -1
1 0 0 0 0 -1 -1
1 0 1 0 989 147 -1
1 0 1 0 0 -1 -1
1 0 1 0 0 -1 -1
1 0 1 0 0 -1 -1
1 0 1 0 0 -1 -1
1 0 1 0 0 -1 -1
1 0 1 0 0 -1 -1
1 0 0 0 0 -1 -1
1 0 1 0 741 672 -1
1 0 1 0 0 -1 -1
1 0 1 0 0 -1 -1
1 0 1 0 0 -1 -1
1 0 1 0 0 -1 -1
1 0 0 0 0 -1 -1
1 0 1 0 -243 -970 -1
1 0 0 0 0 -1 -1
1 0 1 0 -147 989 -1
1 0 1 0 0 -1 -1
1 0 0 0 0 -1 -1
1 0 1 0 -3464 9381 -1
1 0 0 0 0 -1 -1
1 0 1 0 -741 -672 -1
1 0 0 0 0 -1 -1
1 0 1 0 -147 989 -1
1 0 1 0 0 -1 -1
1 0 1 0 0 -1 -1
1 0 1 0 0 -1 -1
1 0 0 0 0 -1 -1
1 0 1 0 -672 -741 -1
-1 0 0 0 999 49 -1
