-1 0 1 0 -234 -972 -1
1 0 1 0 -234 -972 -1
0 0 1 0 -234 -972 -1
0 0 1 0 -234 -972 -1
0 0 1 0 -234 -972 -1
0 0 1 0 -234 -972 -1
-1 0 0 0 -98 -995 -1
-1 0 1 0 924 -381 -1
-1 0 1 0 924 -381 -1
-1 0 1 0 924 -381 -1
0 0 1 0 924 -381 -1
0 0 1 0 924 -381 -1
1 0 1 0 924 -381 -1
0 0 1 0 924 -381 -1
0 0 1 0 924 -381 -1
1 0 1 0 924 -381 -1
0 0 1 0 924 -381 -1
-1 0 1 0 924 -381 -1
1 0 1 0 924 -381 -1
1 0 0 0 924 -383 -1
1 0 1 0 752 659 -1
1 0 1 0 752 659 -1
1 0 1 0 752 659 -1
1 0 0 0 752 659 -1
1 0 0 0 773 634 -1
1 0 1 0 707 707 -1
1 0 1 0 707 707 -1
1 0 1 0 707 707 -1
1 0 1 0 -981 -195 -1
1 0 0 0 -981 -195 -1
1 0 1 0 383 924 -1
1 0 1 0 383 924 -1
1 0 0 0 383 924 -1
1 0 1 0 -981 195 -1
1 0 1 0 -981 195 -1
1 0 1 0 -981 195 -1
1 0 0 0 -981 195 -1
1 0 0 0 -981 195 -1
1 0 1 0 786 -618 -1
1 0 1 0 786 -618 -1
1 0 1 0 786 -618 -1
1 0 1 0 786 -618 -1
1 0 1 0 786 -618 -1
1 0 0 0 773 -634 -1
1 0 1 0 779 -627 -1
1 0 1 0 779 -627 -1
1 0 1 0 779 -627 -1
1 0 1 0 779 -627 -1
1 0 1 0 779 -627 -1
1 0 0 0 773 -634 -1
1 0 1 0 787 -616 -1
1 0 1 0 787 -616 -1
1 0 1 0 787 -616 -1
1 0 1 0 787 -616 -1
1 0 1 0 787 -616 -1
1 0 1 0 787 -616 -1
1 0 1 0 787 -616 -1
1 0 0 0 773 -634 -1
1 0 1 0 580 -815 -1
1 0 1 0 580 -815 -1
1 0 1 0 580 -815 -1
1 0 1 0 580 -815 -1
1 0 1 0 580 -815 -1
1 0 1 0 580 -815 -1
1 1 0 0 634 -773 -1
1 0 0 0 634 -773 -1
1 0 0 0 634 -773 -1
1 0 1 0 139 990 -1
1 0 0 0 139 990 -1
1 1 1 0 122 993 -1
1 0 0 0 122 993 -1
1 0 1 0 118 993 -1
1 0 0 0 118 993 -1
1 0 1 0 92 996 -1
1 0 0 0 92 996 -1
1 0 1 0 383 924 -1
1 0 1 0 383 924 -1
1 0 1 0 383 924 -1
1 0 0 0 383 924 -1
1 0 1 0 924 -383 -1
1 0 1 0 924 -383 -1
1 0 0 0 924 -383 -1
1 0 1 0 -290 -957 -1
1 0 1 0 -290 -957 -1
1 0 0 0 -290 -957 -1
1 0 1 0 957 -290 -1
1 0 1 0 957 -290 -1
1 0 1 0 957 -290 -1
1 0 1 0 957 -290 -1
1 0 1 0 957 -290 -1
1 0 1 0 957 -290 -1
1 0 1 0 957 -290 -1
1 0 1 0 957 -290 -1
1 0 0 0 957 -290 -1
1 0 1 0 773 -634 -1
1 0 1 0 773 -634 -1
1 0 1 0 773 -634 -1
1 0 1 0 773 -634 -1
1 0 1 0 773 -634 -1
1 0 1 0 773 -634 -1
1 0 1 0 773 -634 -1
1 0 0 0 773 -634 -1
1 0 1 0 634 -773 -1
1 0 0 0 634 -773 -1
1 0 1 0 882 471 -1
1 0 0 0 882 471 -1
1 0 1 0 957 -290 -1
1 0 1 0 957 -290 -1
1 0 1 0 957 -290 -1
1 0 1 0 957 -290 -1
1 0 1 0 957 -290 -1
1 0 1 0 957 -290 -1
1 0 1 0 957 -290 -1
1 0 1 0 957 -290 -1
1 0 1 0 957 -290 -1
1 0 1 0 957 -290 -1
1 0 1 0 957 -290 -1
1 0 1 0 957 -290 -1
1 0 1 0 957 -290 -1
1 0 1 0 957 -290 -1
1 0 1 0 957 -290 -1
1 0 1 0 957 -290 -1
1 0 0 0 957 -290 -1
1 0 1 0 195 981 -1
1 1 0 0 195 981 -1
1 0 1 0 126 992 -1
1 0 0 0 126 992 -1
1 0 1 0 195 981 -1
1 0 1 0 195 981 -1
1 0 1 0 195 981 -1
1 0 0 0 195 981 -1
1 0 1 0 831 556 -1
1 0 1 0 831 556 -1
1 0 0 0 831 556 -1
1 0 1 0 195 981 -1
1 0 1 0 195 981 -1
1 0 1 0 195 981 -1
1 0 0 0 195 981 -1
1 0 1 0 195 981 -1
1 0 1 0 195 981 -1
1 0 1 0 195 981 -1
1 0 0 0 195 981 -1
1 0 0 0 195 981 -1
1 1 1 0 290 957 -1
1 0 1 0 290 957 -1
1 0 1 0 290 957 -1
1 0 0 0 290 957 -1
1 0 0 0 290 957 -1
1 0 1 0 -290 957 -1
1 0 1 0 -290 957 -1
1 0 1 0 -290 957 -1
1 0 1 0 -290 957 -1
1 0 1 0 -290 957 -1
1 0 1 0 -290 957 -1
1 0 0 0 -290 957 -1
1 0 1 0 995 98 -1
1 0 1 0 995 98 -1
1 0 1 0 995 98 -1
1 0 0 0 995 98 -1
1 0 1 0 -773 634 -1
1 0 1 0 -773 634 -1
1 0 1 0 -773 634 -1
1 0 0 0 -773 634 -1
1 0 1 0 195 -981 -1
1 0 1 0 195 -981 -1
1 0 1 0 195 -981 -1
1 0 0 0 195 -981 -1
1 0 1 0 471 882 -1
1 0 0 0 471 882 -1
1 0 1 0 882 471 -1
1 0 1 0 882 471 -1
1 0 1 0 882 471 -1
1 0 1 0 882 471 -1
1 0 1 0 882 471 -1
1 0 1 0 882 471 -1
1 0 0 0 882 471 -1
1 0 1 0 195 -981 -1
1 0 1 0 195 -981 -1
1 0 0 0 195 -981 -1
1 0 0 0 195 -981 -1
1 0 1 0 924 -383 -1
1 0 1 0 924 -383 -1
1 0 0 0 924 -383 -1
1 0 1 0 471 -882 -1
1 0 1 0 471 -882 -1
1 0 0 0 471 -882 -1
1 0 1 0 882 -471 -1
1 0 1 0 882 -471 -1
1 0 1 0 882 -471 -1
1 0 0 0 882 -471 -1
1 0 1 0 383 924 -1
1 0 1 0 383 924 -1
1 0 1 0 383 924 -1
1 0 1 0 383 924 -1
1 0 1 0 383 924 -1
1 0 1 0 383 924 -1
1 0 0 0 383 924 -1
1 0 1 0 -924 383 -1
1 0 1 0 -924 383 -1
1 0 0 0 -924 383 -1
1 0 1 0 -98 -995 -1
1 0 1 0 -98 -995 -1
1 0 0 0 -98 -995 -1
1 0 1 0 634 -773 -1
1 0 1 0 634 -773 -1
1 0 1 0 634 -773 -1
1 0 1 0 634 -773 -1
1 0 1 0 634 -773 -1
1 0 1 0 634 -773 -1
1 0 1 0 634 -773 -1
1 0 0 0 634 -773 -1
1 0 0 0 634 -773 -1
1 0 0 0 634 -773 -1
1 0 1 0 182 -983 -1
1 0 0 0 182 -983 -1
1 0 1 0 118 -993 -1
1 0 0 0 118 -993 -1
1 0 0 0 118 -993 -1
1 0 1 0 74 -997 -1
1 0 0 0 74 -997 -1
1 0 1 0 -195 -981 -1
1 0 1 0 -195 -981 -1
1 0 0 0 -195 -981 -1
1 1 1 0 100 995 -1
1 0 0 0 100 995 -1
1 0 1 0 290 957 -1
1 0 1 0 290 957 -1
1 0 0 0 290 957 -1
1 0 1 0 290 -957 -1
1 0 0 0 290 -957 -1
1 0 1 0 383 924 -1
1 0 1 0 383 924 -1
1 0 1 0 383 924 -1
1 0 1 0 383 924 -1
1 0 1 0 383 924 -1
1 0 0 0 383 924 -1
1 0 0 0 383 924 -1
1 0 1 0 -98 995 -1
1 0 0 0 -98 995 -1
1 0 1 0 383 -924 -1
1 0 1 0 383 -924 -1
1 0 1 0 383 -924 -1
1 0 1 0 383 -924 -1
1 0 0 0 383 -924 -1
1 0 1 0 831 -556 -1
1 0 1 0 831 -556 -1
1 0 0 0 831 -556 -1
1 0 1 0 924 -383 -1
1 0 0 0 924 -383 -1
1 0 1 0 882 471 -1
1 0 1 0 882 471 -1
1 0 1 0 882 471 -1
1 0 1 0 882 471 -1
1 0 0 0 882 471 -1
1 0 1 0 135 -991 -1
1 0 0 0 135 -991 -1
1 0 1 0 471 -882 -1
1 0 1 0 471 -882 -1
1 0 1 0 471 -882 -1
1 0 1 0 471 -882 -1
1 0 0 0 471 -882 -1
1 0 0 0 471 -882 -1
1 1 1 0 981 195 -1
1 0 1 0 981 195 -1
1 0 0 0 981 195 -1
1 0 1 0 96 995 -1
1 0 0 0 96 995 -1
1 0 0 0 96 995 -1
1 0 1 0 -243 970 -1
1 0 1 0 -243 970 -1
1 0 0 0 -243 970 -1
1 0 1 0 -924 383 -1
1 0 1 0 -924 383 -1
1 0 0 0 -924 383 -1
1 0 1 0 -924 -383 -1
1 0 0 0 -924 -383 -1
1 0 1 0 0 -1000 -1
1 0 1 0 0 -1000 -1
1 0 1 0 0 -1000 -1
1 0 0 0 0 -1000 -1
1 0 1 0 471 882 -1
1 0 1 0 471 882 -1
1 0 1 0 471 882 -1
1 0 0 0 471 882 -1
1 0 1 0 957 -290 -1
1 0 1 0 957 -290 -1
1 0 1 0 957 -290 -1
1 0 1 0 957 -290 -1
1 0 1 0 957 -290 -1
1 0 1 0 957 -290 -1
1 0 1 0 957 -290 -1
1 0 0 0 957 -290 -1
1 0 1 0 -471 -882 -1
1 0 0 0 -471 -882 -1
1 0 1 0 -904 -428 -1
1 0 1 0 -904 -428 -1
1 0 1 0 -904 -428 -1
1 0 1 0 -904 -428 -1
1 0 0 0 -904 -428 -1
1 0 1 0 -634 -773 -1
1 0 0 0 -634 -773 -1
1 0 1 0 981 -195 -1
1 0 1 0 981 -195 -1
1 0 1 0 981 -195 -1
1 0 1 0 981 -195 -1
1 0 0 0 981 -195 -1
1 0 1 0 148 -989 -1
1 0 0 0 148 -989 -1
1 0 1 0 556 831 -1
1 0 0 0 556 831 -1
1 0 1 0 634 -773 -1
1 0 1 0 634 -773 -1
1 0 1 0 634 -773 -1
1 0 1 0 634 -773 -1
1 0 0 0 634 -773 -1
1 0 1 0 556 -831 -1
1 0 1 0 556 -831 -1
1 0 1 0 556 -831 -1
1 0 1 0 556 -831 -1
1 0 0 0 556 -831 -1
1 0 1 0 514 -858 -1
1 0 1 0 514 -858 -1
1 0 1 0 514 -858 -1
1 0 1 0 514 -858 -1
1 0 0 0 514 -858 -1
1 0 1 0 -741 672 -1
1 0 0 0 -741 672 -1
1 0 1 0 -65 998 -1
1 0 0 0 -65 998 -1
1 0 1 0 556 -831 -1
1 0 1 0 556 -831 -1
1 0 1 0 556 -831 -1
1 0 1 0 556 -831 -1
1 0 1 0 556 -831 -1
1 0 0 0 556 -831 -1
1 0 1 0 -98 -995 -1
1 0 0 0 -98 -995 -1
1 0 1 0 596 -803 -1
1 0 1 0 596 -803 -1
1 0 1 0 596 -803 -1
1 0 0 0 596 -803 -1
1 0 1 0 471 -882 -1
1 0 1 0 471 -882 -1
1 0 0 0 471 -882 -1
1 0 0 0 471 -882 -1
1 0 1 0 904 428 -1
1 0 1 0 904 428 -1
1 0 1 0 904 428 -1
1 0 0 0 904 428 -1
1 0 1 0 -290 -957 -1
1 0 1 0 -290 -957 -1
1 1 1 0 -290 -957 -1
1 0 1 0 -290 -957 -1
1 0 1 0 -290 -957 -1
1 0 1 0 -290 -957 -1
1 0 1 0 -290 -957 -1
1 0 1 0 -290 -957 -1
1 0 0 0 -290 -957 -1
1 0 1 0 -725 -688 -1
1 0 0 0 -725 -688 -1
1 0 1 0 -882 -471 -1
1 0 1 0 -882 -471 -1
1 0 0 0 -882 -471 -1
1 0 1 0 556 831 -1
1 0 1 0 556 831 -1
1 0 1 0 556 831 -1
1 0 1 0 556 831 -1
1 0 1 0 556 831 -1
1 0 1 0 556 831 -1
1 0 1 0 556 831 -1
1 0 1 0 556 831 -1
1 0 1 0 556 831 -1
1 0 1 0 556 831 -1
1 0 1 0 556 831 -1
1 0 1 0 556 831 -1
1 0 1 0 556 831 -1
1 0 1 0 556 831 -1
1 0 1 0 556 831 -1
1 0 1 0 556 831 -1
1 0 1 0 556 831 -1
1 0 1 0 556 831 -1
-1 0 1 0 556 831 -1
0 0 1 0 556 831 -1
0 0 1 0 556 831 -1
-1 0 1 0 556 831 -1
1 0 1 0 556 831 -1
-1 0 1 0 556 831 -1
1 0 1 0 556 831 -1
-1 0 1 0 556 831 -1
1 0 1 0 556 831 -1
1 0 1 0 556 831 -1
1 0 1 0 556 831 -1
1 0 1 0 556 831 -1
1 0 1 0 556 831 -1
1 0 0 0 556 831 -1
1 0 1 0 -843 537 -1
1 0 1 0 -843 537 -1
1 0 0 0 -843 537 -1
1 0 1 0 -877 481 -1
1 0 0 0 -877 481 -1
1 0 1 0 -891 454 -1
1 0 0 0 -891 454 -1
1 0 1 0 -904 428 -1
1 0 0 0 -904 428 -1
1 0 1 0 -915 403 -1
1 0 1 0 -915 403 -1
1 0 0 0 -915 403 -1
1 0 1 0 -929 371 -1
0 0 1 0 -929 371 -1
-1 0 0 0 -929 371 -1
-1 0 1 0 -672 741 -1
-1 0 0 0 -672 741 -1
-1 0 1 0 -970 -243 -1
-1 0 0 0 -970 -243 -1
-1 0 1 0 -942 -337 -1
-1 0 0 0 -942 -337 -1
-1 0 0 0 -942 -337 -1
-1 0 1 0 -924 -383 -1
-1 0 0 0 -924 -383 -1
-1 0 1 0 -882 -471 -1
-1 0 1 0 -882 -471 -1
-1 0 0 0 -882 -471 -1
-1 0 1 0 -957 -290 -1
0 0 1 0 -957 -290 -1
-1 0 0 0 -957 -290 -1
-1 0 0 0 -957 -290 -1
-1 0 1 0 -773 -634 -1
-1 0 0 0 -773 -634 -1
-1 0 1 0 -741 -672 -1
-1 0 0 0 -741 -672 -1
-1 0 1 0 -707 -707 -1
-1 0 1 0 -707 -707 -1
-1 0 0 0 -707 -707 -1
-1 0 1 0 -596 -803 -1
-1 0 1 0 -596 -803 -1
-1 0 0 0 -596 -803 -1
-1 0 1 0 -471 -882 -1
-1 0 0 0 -471 -882 -1
-1 0 1 0 -428 -904 -1
-1 0 1 0 -428 -904 -1
-1 0 0 0 -428 -904 -1
-1 0 1 0 -147 -989 -1
-1 0 0 0 -147 -989 -1
-1 0 1 0 -383 -924 -1
-1 0 1 0 -383 -924 -1
-1 1 0 0 -383 -924 -1
-1 0 1 0 556 -831 -1
-1 0 0 0 556 -831 -1
-1 0 1 0 882 471 -1
-1 0 0 0 882 471 -1
-1 0 1 0 -999 49 -1
-1 0 0 0 -999 49 -1
-1 0 1 0 -428 904 -1
-1 0 0 0 -428 904 -1
-1 0 1 0 -337 942 -1
-1 0 1 0 -337 942 -1
-1 0 1 0 -337 942 -1
-1 1 0 0 -337 942 -1
-1 0 1 0 -989 -147 -1
-1 0 1 0 -989 -147 -1
-1 0 1 0 -989 -147 -1
-1 0 1 0 -989 -147 -1
-1 0 0 0 -989 -147 -1
-1 0 1 0 989 -147 -1
-1 0 1 0 989 -147 -1
-1 0 0 0 989 -147 -1
-1 0 1 0 -49 999 -1
-1 0 0 0 -49 999 -1
-1 1 1 0 -118 993 -1
-1 0 0 0 -118 993 -1
-1 0 0 0 -118 993 -1
-1 0 1 0 -49 999 -1
-1 0 0 0 -49 999 -1
-1 0 1 0 -337 942 -1
-1 0 1 0 -337 942 -1
-1 0 1 0 -337 942 -1
-1 0 1 0 -337 942 -1
-1 0 0 0 -337 942 -1
-1 0 1 0 428 -904 -1
-1 0 1 0 428 -904 -1
-1 0 1 0 428 -904 -1
-1 0 1 0 428 -904 -1
-1 0 0 0 428 -904 -1
-1 0 1 0 672 -741 -1
-1 0 0 0 672 -741 -1
-1 0 1 0 -195 981 -1
-1 0 1 0 -195 981 -1
-1 0 0 0 -195 981 -1
-1 0 0 0 -195 981 -1
-1 0 1 0 707 -707 -1
-1 0 0 0 707 -707 -1
-1 0 1 0 -195 -981 -1
-1 0 1 0 -195 -981 -1
-1 0 0 0 -195 -981 -1
-1 0 1 0 -924 -383 -1
-1 0 0 0 -924 -383 -1
-1 0 1 0 -741 -672 -1
-1 0 1 0 -741 -672 -1
-1 0 1 0 -741 -672 -1
-1 0 1 0 -741 -672 -1
-1 0 1 0 -741 -672 -1
-1 0 1 0 -741 -672 -1
-1 0 0 0 -741 -672 -1
-1 0 1 0 773 -634 -1
-1 0 1 0 773 -634 -1
-1 0 1 0 773 -634 -1
-1 0 0 0 773 -634 -1
-1 0 1 0 -337 -942 -1
-1 0 1 0 -337 -942 -1
-1 0 0 0 -337 -942 -1
-1 0 1 0 -243 970 -1
-1 0 0 0 -243 970 -1
-1 0 1 0 -634 -773 -1
-1 0 1 0 -634 -773 -1
-1 0 0 0 -634 -773 -1
-1 0 1 0 -383 -924 -1
-1 0 1 0 -383 -924 -1
-1 0 0 0 -383 -924 -1
-1 0 0 0 -383 -924 -1
-1 0 1 0 -803 596 -1
-1 0 0 0 -803 596 -1
-1 0 1 0 -634 -773 -1
-1 0 1 0 -634 -773 -1
-1 0 1 0 -634 -773 -1
-1 0 1 0 -634 -773 -1
-1 0 1 0 -634 -773 -1
-1 0 1 0 -634 -773 -1
-1 0 1 0 -634 -773 -1
-1 0 1 0 -634 -773 -1
-1 0 0 0 -634 -773 -1
-1 0 1 0 195 -981 -1
-1 0 0 0 195 -981 -1
-1 0 1 0 61 998 -1
-1 0 0 0 61 998 -1
-1 0 1 0 -556 -831 -1
-1 0 1 0 -556 -831 -1
-1 0 1 0 -556 -831 -1
-1 0 1 0 -556 -831 -1
-1 0 1 0 -556 -831 -1
-1 0 1 0 -556 -831 -1
-1 0 0 0 -556 -831 -1
-1 0 0 0 -556 -831 -1
-1 0 1 0 -882 471 -1
-1 0 0 0 -882 471 -1
-1 0 1 0 98 995 -1
-1 0 0 0 98 995 -1
-1 0 1 0 -428 -904 -1
-1 0 1 0 -428 -904 -1
-1 0 1 0 -428 -904 -1
-1 0 0 0 -428 -904 -1
-1 0 1 0 -514 -858 -1
-1 0 1 0 -514 -858 -1
-1 0 1 0 -514 -858 -1
-1 0 1 0 -514 -858 -1
-1 0 0 0 -514 -858 -1
-1 0 1 0 -337 -942 -1
-1 0 1 0 -337 -942 -1
-1 0 1 0 -337 -942 -1
-1 0 0 0 -337 -942 -1
-1 1 0 0 -337 -942 -1
-1 0 1 0 882 471 -1
-1 0 0 0 882 471 -1
-1 0 1 0 858 514 -1
-1 0 1 0 858 514 -1
-1 0 0 0 858 514 -1
-1 0 1 0 -989 147 -1
-1 0 1 0 -989 147 -1
-1 0 0 0 -989 147 -1
-1 0 1 0 -65 998 -1
-1 0 0 0 -65 998 -1
-1 0 1 0 -49 999 -1
-1 0 0 0 -49 999 -1
-1 0 0 0 -49 999 -1
-1 0 1 0 -31 1000 -1
-1 0 0 0 -31 1000 -1
-1 0 1 0 -13 1000 -1
-1 0 0 0 -13 1000 -1
-1 0 1 0 0 1000 -1
-1 0 0 0 0 1000 -1
-1 0 1 0 22 1000 -1
-1 0 0 0 22 1000 -1
-1 0 1 0 44 999 -1
-1 0 0 0 44 999 -1
-1 0 0 0 44 999 -1
-1 0 1 0 957 290 -1
-1 0 0 0 957 290 -1
-1 0 1 0 78 997 -1
-1 0 0 0 78 997 -1
-1 0 1 0 98 995 -1
-1 0 0 0 98 995 -1
-1 0 0 0 98 995 -1
-1 0 1 0 383 -924 -1
-1 0 1 0 383 -924 -1
-1 1 1 0 383 -924 -1
-1 0 1 0 383 -924 -1
-1 0 1 0 383 -924 -1
-1 0 1 0 383 -924 -1
-1 0 1 0 383 -924 -1
-1 0 0 0 383 -924 -1
-1 0 1 0 692 -722 -1
-1 0 1 0 692 -722 -1
-1 0 0 0 692 -722 -1
-1 0 1 0 769 -639 -1
-1 0 0 0 769 -639 -1
-1 0 1 0 803 -596 -1
-1 0 0 0 803 -596 -1
-1 0 0 0 803 -596 -1
-1 0 1 0 904 428 -1
-1 0 1 0 904 428 -1
-1 0 0 0 904 428 -1
-1 0 1 0 995 98 -1
-1 0 0 0 995 98 -1
-1 0 1 0 -471 882 -1
-1 0 1 0 -471 882 -1
-1 0 0 0 -471 882 -1
-1 0 1 0 -195 981 -1
-1 0 0 0 -195 981 -1
-1 0 1 0 -195 981 -1
-1 0 0 0 -195 981 -1
-1 0 1 0 -147 989 -1
-1 0 1 0 -147 989 -1
-1 0 0 0 -147 989 -1
-1 0 1 0 -98 995 -1
-1 0 0 0 -98 995 -1
-1 0 1 0 1000 0 -1
-1 0 1 0 1000 0 -1
-1 0 1 0 1000 0 -1
-1 0 0 0 1000 0 -1
-1 0 1 0 147 989 -1
-1 0 0 0 147 989 -1
-1 0 1 0 -957 290 -1
-1 0 0 0 -957 290 -1
-1 0 1 0 -672 -741 -1
-1 0 0 0 -672 -741 -1
-1 0 1 0 -49 999 -1
-1 0 0 0 -49 999 -1
-1 0 1 0 0 1000 -1
-1 0 0 0 0 1000 -1
-1 0 1 0 0 1000 -1
-1 0 0 0 0 1000 -1
-1 0 1 0 49 999 -1
-1 0 0 0 49 999 -1
-1 0 1 0 -195 981 -1
-1 0 1 0 -195 981 -1
-1 0 0 0 -195 981 -1
-1 0 1 0 98 995 -1
-1 0 0 0 98 995 -1
-1 0 0 0 98 995 -1
-1 0 1 0 672 -741 -1
-1 0 1 0 672 -741 -1
-1 0 1 0 672 -741 -1
-1 0 1 0 672 -741 -1
-1 0 1 0 672 -741 -1
-1 0 1 0 672 -741 -1
-1 0 1 0 672 -741 -1
-1 0 1 0 672 -741 -1
-1 0 0 0 672 -741 -1
-1 0 0 0 672 -741 -1
-1 0 1 0 -957 -290 -1
-1 0 1 0 -957 -290 -1
-1 0 0 0 -957 -290 -1
-1 0 1 0 -471 -882 -1
-1 0 0 0 -471 -882 -1
-1 0 1 0 -383 -924 -1
-1 0 0 0 -383 -924 -1
-1 0 0 0 -383 -924 -1
-1 0 1 0 -337 -942 -1
-1 0 0 0 -337 -942 -1
-1 0 1 0 707 -707 -1
-1 0 0 0 707 -707 -1
-1 0 1 0 -428 -904 -1
-1 0 1 0 -428 -904 -1
-1 0 0 0 -428 -904 -1
-1 0 0 0 -428 -904 -1
-1 0 1 0 -337 -942 -1
-1 0 1 0 -337 -942 -1
-1 0 1 0 -337 -942 -1
-1 1 0 0 -337 -942 -1
-1 0 0 0 -337 -942 -1
-1 0 1 0 -672 741 -1
-1 0 1 0 -672 741 -1
-1 0 1 0 -672 741 -1
-1 0 1 0 -672 741 -1
-1 0 1 0 -672 741 -1
-1 0 1 0 -672 741 -1
-1 0 1 0 -672 741 -1
-1 0 1 0 -672 741 -1
-1 0 0 0 -672 741 -1
-1 0 1 0 -596 803 -1
-1 0 0 0 -596 803 -1
-1 0 0 0 -596 803 -1
-1 0 1 0 -999 49 -1
-1 0 1 0 -999 49 -1
-1 0 1 0 -999 49 -1
-1 0 0 0 -999 49 -1
-1 0 1 0 98 995 -1
-1 0 1 0 98 995 -1
-1 0 1 0 98 995 -1
-1 0 1 0 98 995 -1
-1 0 0 0 98 995 -1
-1 0 1 0 105 -995 -1
-1 0 0 0 105 -995 -1
-1 0 1 0 -981 -195 -1
-1 0 0 0 -981 -195 -1
-1 0 1 0 -831 556 -1
-1 0 1 0 -831 556 -1
-1 0 1 0 -831 556 -1
-1 0 1 0 -831 556 -1
-1 0 1 0 -831 556 -1
-1 0 1 0 -831 556 -1
-1 0 1 0 -831 556 -1
-1 0 1 0 -831 556 -1
-1 0 1 0 -831 556 -1
-1 0 1 0 -831 556 -1
-1 0 0 0 -831 556 -1
-1 0 1 0 98 995 -1
-1 0 0 0 98 995 -1
-1 0 1 0 49 999 -1
-1 0 1 0 49 999 -1
-1 0 1 0 49 999 -1
-1 0 1 0 49 999 -1
-1 0 0 0 49 999 -1
-1 0 1 0 -995 -98 -1
-1 0 0 0 -995 -98 -1
-1 0 1 0 773 634 -1
-1 0 1 0 773 634 -1
-1 0 0 0 773 634 -1
-1 0 1 0 -243 970 -1
-1 0 0 0 -243 970 -1
-1 0 1 0 -428 -904 -1
-1 0 0 0 -428 -904 -1
-1 0 1 0 -383 -924 -1
-1 0 0 0 -383 -924 -1
-1 0 1 0 -290 -957 -1
-1 0 0 0 -290 -957 -1
-1 0 1 0 -243 -970 -1
-1 0 0 0 -243 -970 -1
-1 0 1 0 -195 -981 -1
-1 0 1 0 -195 -981 -1
-1 0 0 0 -195 -981 -1
-1 0 1 0 -556 -831 -1
-1 0 1 0 -556 -831 -1
-1 0 1 0 -556 -831 -1
-1 0 1 0 -556 -831 -1
-1 0 0 0 -556 -831 -1
-1 0 1 0 -471 -882 -1
-1 0 1 0 -471 -882 -1
-1 0 1 0 -471 -882 -1
-1 0 1 0 -471 -882 -1
-1 0 0 0 -471 -882 -1
-1 0 0 0 -471 -882 -1
-1 0 1 0 -995 -98 -1
-1 0 1 0 -995 -98 -1
-1 0 1 0 -995 -98 -1
-1 0 1 0 -995 -98 -1
-1 0 0 0 -995 -98 -1
-1 0 1 0 -995 -98 -1
-1 0 1 0 -995 -98 -1
-1 0 1 0 -995 -98 -1
-1 0 1 0 -995 -98 -1
-1 0 0 0 -995 -98 -1
-1 0 1 0 -924 383 -1
-1 0 0 0 -924 383 -1
-1 0 1 0 122 993 -1
-1 0 0 0 122 993 -1
-1 0 1 0 147 989 -1
-1 0 0 0 147 989 -1
-1 0 0 0 147 989 -1
-1 0 1 0 243 970 -1
-1 0 1 0 243 970 -1
-1 0 1 0 243 970 -1
0 0 1 0 243 970 -1
-1 0 1 0 243 970 -1
-1 0 1 0 243 970 -1
1 0 1 0 243 970 -1
1 0 1 0 243 970 -1
-1 0 1 0 243 970 -1
1 0 1 0 243 970 -1
1 0 1 0 243 970 -1
1 0 0 0 243 970 -1
1 0 0 0 243 970 -1
1 0 1 0 999 49 -1
1 0 1 0 999 49 -1
1 0 1 0 999 49 -1
1 0 1 0 999 49 -1
1 0 1 0 999 49 -1
1 0 1 0 999 49 -1
1 0 1 0 999 49 -1
1 0 1 0 999 49 -1
1 0 1 0 999 49 -1
1 0 1 0 999 49 -1
1 0 0 0 999 49 -1
1 0 1 0 511 -859 -1
1 0 1 0 511 -859 -1
1 0 0 0 511 -859 -1
1 0 1 0 337 942 -1
1 0 1 0 337 942 -1
1 0 1 0 337 942 -1
1 0 1 0 337 942 -1
1 0 0 0 337 942 -1
1 0 1 0 -803 596 -1
1 0 1 0 -803 596 -1
1 0 0 0 -803 596 -1
1 0 1 0 195 -981 -1
1 0 0 0 195 -981 -1
1 0 1 0 -904 428 -1
1 0 1 0 -904 428 -1
1 0 0 0 -904 428 -1
1 0 1 0 514 858 -1
1 0 1 0 514 858 -1
1 0 1 0 514 858 -1
1 0 0 0 514 858 -1
1 0 1 0 383 -924 -1
1 0 1 0 383 -924 -1
1 0 1 0 383 -924 -1
1 0 1 0 383 -924 -1
1 1 1 0 383 -924 -1
1 0 0 0 383 -924 -1
1 1 1 0 957 -290 -1
1 0 0 0 957 -290 -1
1 0 1 0 556 831 -1
1 0 1 0 556 831 -1
1 0 1 0 556 831 -1
1 0 1 0 556 831 -1
1 0 1 0 556 831 -1
1 0 1 0 556 831 -1
1 0 0 0 556 831 -1
1 0 1 0 -904 428 -1
1 0 0 0 -904 428 -1
1 1 1 0 -596 -803 -1
1 0 0 0 -596 -803 -1
1 0 1 0 -656 -755 -1
1 0 0 0 -656 -755 -1
1 0 1 0 989 -147 -1
1 0 1 0 989 -147 -1
1 0 0 0 989 -147 -1
1 0 1 0 831 556 -1
1 0 0 0 831 556 -1
1 0 1 0 428 904 -1
1 0 1 0 428 904 -1
1 0 1 0 428 904 -1
1 0 1 0 428 904 -1
1 1 1 0 428 904 -1
1 0 1 0 428 904 -1
1 0 1 0 428 904 -1
1 0 0 0 428 904 -1
1 0 1 0 -147 989 -1
1 0 0 0 -147 989 -1
1 0 1 0 195 981 -1
1 0 1 0 195 981 -1
1 0 1 0 195 981 -1
1 0 0 0 195 981 -1
1 0 0 0 195 981 -1
1 0 0 0 195 981 -1
1 0 1 0 514 858 -1
1 0 1 0 514 858 -1
1 0 1 0 514 858 -1
1 0 1 0 514 858 -1
1 0 1 0 514 858 -1
1 0 1 0 514 858 -1
1 0 1 0 514 858 -1
1 0 0 0 514 858 -1
1 0 0 0 514 858 -1
1 0 1 0 290 957 -1
1 0 1 0 290 957 -1
1 1 1 0 290 957 -1
1 0 1 0 290 957 -1
1 0 0 0 290 957 -1
1 0 1 0 290 957 -1
1 0 1 0 290 957 -1
1 0 1 0 290 957 -1
1 0 1 0 290 957 -1
1 0 1 0 290 957 -1
1 0 0 0 290 957 -1
1 0 0 0 290 957 -1
1 0 1 0 999 -49 -1
1 0 1 0 999 -49 -1
1 0 1 0 999 -49 -1
1 0 0 0 999 -49 -1
1 0 1 0 49 999 -1
1 0 1 0 49 999 -1
1 0 0 0 49 999 -1
1 0 1 0 -147 989 -1
1 0 0 0 -147 989 -1
1 0 1 0 -634 -773 -1
1 0 0 0 -634 -773 -1
1 0 1 0 -191 982 -1
1 0 0 0 -191 982 -1
1 0 1 0 672 -741 -1
1 0 0 0 672 -741 -1
1 0 1 0 858 -514 -1
1 0 1 0 858 -514 -1
1 0 1 0 858 -514 -1
1 0 1 0 858 -514 -1
1 0 1 0 858 -514 -1
1 0 1 0 858 -514 -1
1 0 0 0 858 -514 -1
1 0 1 0 831 -556 -1
1 0 1 0 831 -556 -1
1 0 1 0 831 -556 -1
1 0 1 0 831 -556 -1
1 0 1 0 831 -556 -1
1 0 1 0 831 -556 -1
1 0 1 0 831 -556 -1
1 0 1 0 831 -556 -1
1 0 1 0 831 -556 -1
1 0 1 0 831 -556 -1
1 0 1 0 831 -556 -1
1 0 0 0 831 -556 -1
1 0 1 0 999 49 -1
1 1 0 0 999 49 -1
1 0 1 0 -471 -882 -1
1 0 1 0 -471 -882 -1
1 0 0 0 -471 -882 -1
1 0 0 0 -471 -882 -1
1 0 1 0 -596 -803 -1
1 0 0 0 -596 -803 -1
1 0 1 0 596 803 -1
1 0 1 0 596 803 -1
1 0 1 0 596 803 -1
1 0 1 0 596 803 -1
1 0 0 0 596 803 -1
1 0 1 0 -634 -773 -1
1 0 1 0 -634 -773 -1
1 0 0 0 -634 -773 -1
1 0 1 0 290 -957 -1
1 0 1 0 290 -957 -1
1 0 1 0 290 -957 -1
1 0 1 0 290 -957 -1
1 1 1 0 290 -957 -1
1 0 1 0 290 -957 -1
1 0 0 0 290 -957 -1
1 0 1 0 -596 803 -1
1 0 0 0 -596 803 -1
1 0 1 0 -545 -839 -1
1 0 0 0 -545 -839 -1
1 0 1 0 -605 -796 -1
1 0 0 0 -605 -796 -1
1 0 1 0 -656 -755 -1
1 0 0 0 -656 -755 -1
1 0 1 0 -290 957 -1
1 0 1 0 -290 957 -1
1 0 1 0 -290 957 -1
1 0 0 0 -290 957 -1
1 0 1 0 -803 -596 -1
1 0 0 0 -803 -596 -1
1 0 1 0 741 672 -1
1 0 1 0 741 672 -1
1 0 0 0 741 672 -1
1 0 1 0 803 -596 -1
1 0 1 0 803 -596 -1
1 0 1 0 803 -596 -1
1 0 0 0 803 -596 -1
1 0 1 0 -290 957 -1
1 0 1 0 -290 957 -1
1 0 1 0 -290 957 -1
1 0 1 0 -290 957 -1
1 0 1 0 -290 957 -1
0 0 0 0 -290 957 -1
1 0 1 0 0 1000 -1
1 0 1 0 0 1000 -1
1 0 1 0 0 1000 -1
1 0 1 0 0 1000 -1
1 0 1 0 0 1000 -1
1 0 1 0 0 1000 -1
1 0 1 0 0 1000 -1
1 0 1 0 0 1000 -1
1 0 1 0 0 1000 -1
1 0 1 0 0 1000 -1
1 0 1 0 0 1000 -1
1 0 1 0 0 1000 -1
1 0 1 0 0 1000 -1
1 0 1 0 0 1000 -1
1 0 0 0 0 1000 -1
1 0 0 0 0 1000 -1
1 0 1 0 934 -358 -1
1 0 0 0 934 -358 -1
1 0 1 0 895 -446 -1
1 0 0 0 895 -446 -1
1 0 1 0 850 -526 -1
1 0 1 0 850 -526 -1
1 0 0 0 850 -526 -1
1 0 1 0 740 -672 -1
1 0 0 0 740 -672 -1
0 0 1 0 780 -626 -1
1 0 1 0 780 -626 -1
1 0 1 0 780 -626 -1
1 0 0 0 780 -626 -1
1 0 1 0 471 -882 -1
1 0 1 0 471 -882 -1
1 0 0 0 471 -882 -1
1 0 1 0 471 -882 -1
1 0 1 0 471 -882 -1
1 0 1 0 471 -882 -1
1 0 1 0 471 -882 -1
1 0 0 0 471 -882 -1
1 0 0 0 471 -882 -1
1 0 1 0 -989 147 -1
1 0 1 0 -989 147 -1
1 0 1 0 -989 147 -1
1 0 0 0 -989 147 -1
1 0 1 0 471 -882 -1
1 0 1 0 471 -882 -1
1 0 1 0 471 -882 -1
1 0 0 0 471 -882 -1
1 0 1 0 672 -741 -1
1 0 1 0 672 -741 -1
1 0 1 0 672 -741 -1
1 0 0 0 672 -741 -1
1 0 1 0 -161 987 -1
1 0 0 0 -161 987 -1
1 0 1 0 -831 -556 -1
1 0 1 0 -831 -556 -1
1 0 0 0 -831 -556 -1
1 0 1 0 49 999 -1
1 0 1 0 49 999 -1
1 0 1 0 49 999 -1
1 0 0 0 49 999 -1
1 0 1 0 707 -707 -1
1 0 1 0 707 -707 -1
1 0 1 0 707 -707 -1
1 0 1 0 707 -707 -1
1 0 0 0 707 -707 -1
1 0 1 0 514 -858 -1
1 0 1 0 514 -858 -1
1 0 0 0 514 -858 -1
1 0 1 0 -250 968 -1
1 0 0 0 -250 968 -1
1 0 0 0 -250 968 -1
1 0 1 0 -147 989 -1
1 0 1 0 -147 989 -1
1 0 0 0 -147 989 -1
1 0 1 0 -330 944 -1
1 0 0 0 -330 944 -1
1 0 1 0 -411 912 -1
1 0 0 0 -411 912 -1
1 0 1 0 -243 970 -1
1 0 1 0 -243 970 -1
1 0 1 0 -243 970 -1
1 0 1 0 -243 970 -1
0 0 0 0 -243 970 -1
0 0 1 0 147 -989 -1
0 0 1 0 147 -989 -1
-1 0 1 0 147 -989 -1
