979 5381.3 2384.4
980 5394.6 2407.4
981 5402.4 2424.9
982 5407.9 2442.5
983 5409.9 2454.0
984 5408.5 2451.9
985 5405.0 2440.3
986 5400.0 2425.9
987 5395.5 2413.9
988 5390.8 2401.5
989 5385.4 2388.8
990 5377.2 2373.7
991 5372.7 2361.4
992 5369.5 2347.3
993 5367.0 2332.0
994 5364.0 2316.3
995 5359.6 2304.3
996 5355.3 2292.0
997 5350.7 2278.6
998 5345.9 2265.7
999 5341.5 2252.6
1000 5337.0 2240.8
1001 5331.7 2226.3
1002 5326.5 2213.2
1003 5321.7 2200.6
1004 5318.2 2188.7
1005 5312.8 2172.7
1006 5308.2 2159.9
1007 5303.5 2146.4
1008 5299.5 2133.1
1009 5295.0 2117.9
1010 5290.7 2104.8
1011 5286.5 2089.4
1012 5283.1 2076.4
1013 5280.5 2062.7
1014 5279.2 2048.6
1015 5279.2 2033.0
1016 5279.6 2021.0
1017 5280.6 2008.5
1018 5281.4 1995.7
1019 5281.1 1982.6
1020 5283.7 1971.6
1021 5289.2 1961.2
1022 5301.0 1950.2
1023 5321.6 1939.7
1024 5346.7 1929.8
1025 5370.2 1921.7
1026 5400.2 1912.0
1027 5427.9 1904.1
1028 5454.2 1897.6
1029 5478.0 1892.4
1030 5508.4 1887.2
1031 5534.5 1883.6
1032 5561.4 1880.8
1033 5586.6 1878.9
1034 5615.0 1877.6
1035 5639.9 1877.3
1036 5670.0 1877.9
1037 5695.4 1878.9
1038 5722.3 1880.5
1039 5749.2 1882.5
1040 5779.2 1885.5
1041 5803.8 1888.4
1042 5830.7 1891.8
1043 5858.7 1895.9
1044 5888.1 1900.8
1045 5912.0 1903.8
1046 5938.4 1904.1
1047 5970.6 1901.2
1048 6004.7 1895.7
1049 6037.1 1889.7
1050 6067.2 1884.4
1051 6104.8 1878.5
1052 6138.9 1873.6
1053 6171.0 1869.1
1054 6201.0 1865.6
1055 6237.5 1861.6
1056 6269.4 1859.0
1057 6302.8 1856.6
1058 6333.7 1854.7
1059 6368.8 1853.1
1060 6399.1 1850.3
1061 6435.3 1846.9
1062 6465.8 1844.2
1063 6498.4 1841.8
1064 6531.1 1840.1
1065 6568.3 1839.3
1066 6598.1 1839.0
1067 6630.3 1839.0
1068 6664.8 1839.1
1069 6700.7 1839.8
1070 6730.6 1841.2
1071 6762.1 1843.0
1072 6797.0 1845.5
1073 6831.7 1848.8
1074 6864.0 1852.0
1075 6893.2 1852.8
1076 6930.0 1843.5
1077 6964.5 1826.3
1078 6997.8 1806.4
1079 7028.1 1788.3
1080 7066.1 1765.3
1081 7098.6 1746.2
1082 7132.0 1725.5
1083 7163.0 1705.0
1084 7197.9 1681.1
1085 7228.0 1659.2
1086 7262.9 1632.9
1087 7292.2 1609.4
1088 7322.9 1584.3
1089 7353.6 1559.5
1090 7389.0 1532.1
1091 7416.2 1510.6
1092 7445.6 1488.6
1093 7477.3 1465.8
1094 7510.8 1442.7
1095 7538.7 1427.9
1096 7568.9 1425.4
1097 7604.5 1432.1
1098 7640.3 1443.9
1099 7673.0 1456.9
1100 7702.8 1469.8
1101 7740.1 1486.9
1102 7774.4 1502.7
1103 7807.3 1517.5
1104 7837.6 1530.8
1105 7876.2 1545.6
1106 7910.4 1557.5
1107 7946.1 1569.0
1108 7979.0 1579.3
1109 8016.1 1591.1
1110 8049.4 1601.6
1111 8087.3 1612.2
1112 8120.4 1619.2
1113 8155.9 1624.5
1114 8191.8 1629.1
1115 8232.4 1634.6
1116 8264.9 1637.9
1117 8300.4 1641.1
1118 8334.8 1644.4
1119 8359.8 1646.9
1120 8387.7 1650.4
1121 8421.6 1654.9
1122 8459.5 1659.5
1123 8497.2 1663.2
1124 8532.1 1666.3
1125 8563.0 1669.6
1126 8603.2 1674.4
1127 8640.1 1679.5
1128 8675.7 1684.8
1129 8708.2 1690.0
1130 8748.0 1696.2
1131 8783.3 1700.4
1132 8819.5 1704.5
1133 8853.2 1709.0
1134 8891.4 1714.5
1135 8924.7 1720.0
1136 8964.3 1726.7
1137 8998.1 1733.0
1138 9033.9 1740.2
1139 9069.5 1747.9
1140 9109.0 1757.1
1141 9139.4 1765.0
1142 9171.8 1774.2
1143 9206.3 1784.4
1144 9242.7 1795.9
1145 9272.1 1806.5
1146 9301.2 1819.7
1147 9331.5 1835.1
1148 9359.0 1851.0
1149 9382.3 1866.1
1150 9401.2 1880.7
1151 9420.2 1899.7
1152 9434.5 1917.4
1153 9445.7 1934.6
1154 9453.2 1949.9
1155 9458.2 1969.2
1156 9457.6 1985.4
1157 9453.8 2001.3
1158 9447.6 2015.5
1159 9437.5 2032.0
1160 9423.2 2048.8
1161 9405.6 2068.9
1162 9389.1 2084.9
1163 9369.8 2100.2
1164 9349.3 2114.0
1165 9324.6 2127.2
1166 9302.4 2134.6
1167 9274.9 2140.8
1168 9243.8 2146.2
1169 9210.9 2151.7
1170 9184.1 2155.9
1171 9155.7 2160.8
1172 9123.2 2165.2
1173 9090.8 2169.3
1174 9060.8 2173.2
1175 9033.8 2177.4
1176 8998.7 2180.4
1177 8967.0 2183.2
1178 8936.6 2186.1
1179 8909.1 2189.1
1180 8874.4 2190.7
1181 8844.3 2189.7
1182 8813.1 2189.1
1183 8783.8 2189.1
1184 8750.8 2189.2
1185 8721.7 2189.8
1186 8688.1 2191.3
1187 8659.1 2193.1
1188 8628.2 2195.4
1189 8597.2 2198.4
1190 8562.0 2202.3
1191 8534.3 2204.5
1192 8503.3 2204.7
1193 8468.2 2202.9
1194 8429.7 2199.9
1195 8398.5 2197.8
1196 8364.5 2196.0
1197 8327.2 2194.8
1198 8290.5 2193.6
1199 8256.7 2191.2
1200 8225.6 2183.1
1201 8187.0 2171.1
1202 8151.3 2160.9
1203 8116.8 2151.6
1204 8085.5 2144.2
1205 8045.7 2135.4
1206 8011.8 2128.6
1207 7976.6 2121.9
1208 7944.1 2116.2
1209 7907.2 2110.0
1210 7874.4 2106.1
1211 7836.2 2103.2
1212 7803.5 2101.2
1213 7768.8 2099.5
1214 7734.0 2097.9
1215 7694.1 2097.3
1216 7663.4 2097.0
1217 7628.6 2095.7
1218 7589.7 2092.9
1219 7547.1 2089.2
1220 7511.9 2087.0
1221 7474.9 2085.1
1222 7433.6 2083.3
1223 7392.8 2082.1
1224 7354.7 2081.3
1225 7320.6 2081.2
1226 7277.6 2081.2
1227 7238.1 2080.8
1228 7200.2 2079.9
1229 7165.5 2078.9
1230 7121.3 2078.2
1231 7083.3 2078.1
1232 7043.6 2078.4
1233 7006.8 2079.1
1234 6965.2 2080.6
1235 6928.6 2082.4
1236 6885.6 2084.9
1237 6848.9 2087.6
1238 6810.2 2090.8
1239 6771.1 2094.5
1240 6726.5 2099.4
1241 6691.6 2104.1
1242 6654.0 2110.0
1243 6613.5 2117.0
1244 6569.8 2124.9
1245 6534.8 2132.0
1246 6497.7 2139.8
1247 6456.6 2149.1
1248 6416.1 2158.7
1249 6378.5 2167.5
1250 6344.9 2173.8
1251 6301.5 2179.8
1252 6261.5 2185.2
1253 6222.3 2190.9
1254 6186.6 2196.5
1255 6142.9 2204.1
1256 6105.9 2212.5
1257 6068.1 2224.9
1258 6033.4 2242.0
1259 5993.6 2264.8
1260 5961.6 2285.6
1261 5923.3 2311.7
1262 5892.0 2335.1
1263 5861.2 2360.6
1264 5831.3 2386.7
1265 5799.3 2418.3
1266 5776.6 2444.3
1267 5754.3 2473.6
1268 5732.9 2505.5
1269 5713.0 2539.8
1270 5697.0 2568.5
1271 5680.9 2599.1
1272 5662.8 2633.2
1273 5644.1 2666.9
1274 5625.6 2697.9
1275 5608.7 2724.1
1276 5586.2 2757.9
1277 5564.9 2788.9
1278 5543.3 2817.3
1279 5522.6 2841.7
1280 5495.6 2869.6
1281 5471.5 2891.2
1282 5445.4 2911.3
1283 5420.9 2927.9
1284 5392.4 2944.1
1285 5367.7 2955.5
1286 5338.4 2960.4
1287 5312.5 2960.6
1288 5283.7 2956.4
1289 5252.5 2947.3
1290 5216.1 2933.2
1291 5186.5 2922.8
1292 5154.9 2910.2
1293 5122.1 2894.8
1294 5087.3 2876.2
1295 5059.7 2859.9
1296 5030.0 2842.2
1297 4997.8 2821.3
1298 4966.8 2799.6
1299 4938.5 2778.7
1300 4912.5 2759.6
1301 4881.4 2734.4
1302 4853.1 2710.9
1303 4826.3 2687.9
1304 4802.3 2666.4
1305 4771.7 2640.4
1306 4745.9 2617.5
1307 4719.9 2592.8
1308 4696.2 2568.9
1309 4669.9 2541.5
1310 4647.3 2516.6
1311 4621.1 2488.4
1312 4599.1 2464.4
1313 4575.1 2439.4
1314 4551.2 2414.8
1315 4522.7 2388.8
1316 4495.5 2368.6
1317 4465.2 2347.6
1318 4432.6 2325.7
1319 4397.6 2302.8
1320 4368.7 2284.6
1321 4338.0 2265.9
1322 4303.8 2245.8
1323 4270.3 2226.3
1324 4239.3 2208.7
1325 4211.3 2193.1
1326 4175.2 2175.0
1327 4142.6 2158.9
1328 4111.4 2143.9
1329 4082.6 2130.5
1330 4046.4 2115.0
1331 4014.3 2102.6
1332 3981.1 2090.4
1333 3949.7 2079.8
1334 3914.6 2068.5
1335 3883.5 2059.0
1336 3847.1 2048.6
1337 3815.9 2041.2
1338 3783.2 2034.8
1339 3750.4 2029.1
1340 3714.0 2024.8
1341 3685.4 2022.1
1342 3654.6 2020.0
1343 3621.7 2018.6
1344 3586.5 2018.8
1345 3557.8 2019.7
1346 3527.4 2024.3
1347 3492.0 2034.0
1348 3456.0 2044.6
1349 3422.4 2054.6
1350 3391.3 2063.8
1351 3352.2 2076.4
1352 3316.2 2088.6
1353 3281.9 2100.5
1354 3250.7 2111.5
1355 3211.2 2122.9
1356 3177.7 2133.0
1357 3142.3 2141.9
1358 3109.2 2149.4
1359 3071.3 2156.7
1360 3038.3 2163.1
1361 2998.9 2170.1
1362 2965.4 2175.2
1363 2929.9 2180.6
1364 2894.1 2186.2
1365 2853.3 2191.5
1366 2820.7 2189.6
1367 2783.2 2180.3
1368 2742.0 2168.5
1369 2697.8 2156.2
1370 2660.9 2146.4
1371 2623.0 2137.1
1372 2580.8 2127.8
1373 2539.0 2119.2
1374 2500.1 2111.6
1375 2465.3 2105.2
1376 2420.4 2096.8
1377 2378.9 2087.9
1378 2339.5 2079.8
1379 2304.1 2072.7
1380 2258.4 2064.8
1381 2219.6 2058.3
1382 2178.9 2052.1
1383 2141.2 2046.7
1384 2099.1 2041.2
1385 2061.6 2036.9
1386 2017.7 2032.4
1387 1980.2 2028.8
1388 1940.3 2025.7
1389 1900.1 2022.8
1390 1854.3 2020.4
1391 1818.7 2019.1
1392 1780.1 2018.2
1393 1738.5 2017.5
1394 1695.0 2017.3
1395 1659.1 2017.8
1396 1620.9 2018.4
1397 1578.8 2019.7
1398 1537.1 2021.7
1399 1498.3 2024.0
1400 1463.5 2025.8
1401 1419.1 2029.8
1402 1378.2 2033.8
1403 1338.8 2037.8
1404 1303.3 2042.2
1405 1258.2 2047.3
1406 1219.0 2050.8
1407 1177.8 2056.9
1408 1139.0 2066.0
1409 1094.7 2076.5
1410 1055.7 2083.9
1411 1009.8 2093.0
1412 970.5 2101.4
1413 928.8 2109.8
1414 886.7 2117.3
1415 839.6 2125.1
1416 801.9 2132.8
1417 761.8 2140.8
1418 719.1 2150.1
1419 674.2 2161.4
1420 637.4 2172.0
1421 599.0 2183.3
1422 557.2 2196.8
1423 515.4 2211.3
1424 476.5 2226.0
1425 442.5 2240.1
1426 403.9 2259.0
1427 378.4 2277.3
1428 358.8 2296.0
1429 342.7 2313.5
1430 325.2 2337.5
1431 311.1 2358.8
1432 298.8 2381.1
1433 289.3 2402.6
1434 279.8 2428.7
1435 271.8 2452.7
1436 265.6 2481.0
1437 261.8 2506.3
1438 257.9 2533.9
1439 253.5 2562.1
1440 248.5 2595.1
1441 245.9 2621.7
1442 242.7 2650.8
1443 240.6 2682.4
1444 240.7 2716.3
1445 242.5 2743.9
1446 248.3 2776.0
1447 259.9 2814.8
1448 274.3 2853.5
1449 289.8 2888.2
1450 303.9 2917.5
1451 324.0 2952.0
1452 343.5 2975.6
1453 362.9 2985.4
1454 381.1 2979.7
1455 405.3 2964.6
1456 429.3 2947.4
1457 454.6 2929.4
1458 477.8 2912.3
1459 502.7 2892.3
1460 524.4 2873.9
1461 547.2 2849.9
1462 565.3 2828.2
1463 583.1 2804.9
1464 599.3 2781.1
1465 617.0 2753.0
1466 630.0 2731.5
1467 644.4 2708.8
1468 659.9 2684.8
1469 676.6 2659.6
1470 690.2 2639.9
1471 706.1 2620.3
1472 723.7 2599.9
1473 741.0 2580.7
1474 757.7 2563.5
1475 773.6 2549.2
1476 793.7 2532.3
1477 813.0 2517.8
1478 831.7 2504.4
1479 848.8 2492.5
1480 870.6 2478.2
1481 888.7 2466.3
1482 907.5 2454.6
1483 925.4 2444.2
1484 946.2 2432.8
1485 964.1 2423.4
1486 984.5 2412.6
1487 1002.2 2403.9
1488 1020.8 2395.4
1489 1039.6 2387.9
1490 1061.9 2380.4
1491 1079.2 2375.2
1492 1099.8 2372.2
1493 1124.4 2372.4
1494 1152.6 2375.1
1495 1176.1 2377.8
1496 1201.4 2380.6
1497 1229.4 2382.5
1498 1257.0 2384.2
1499 1282.0 2386.1
1500 1304.6 2386.5
1501 1333.4 2386.8
1502 1360.0 2387.6
1503 1385.6 2388.9
1504 1409.0 2390.9
1505 1437.8 2396.5
1506 1464.7 2407.9
1507 1492.8 2420.8
1508 1518.9 2433.1
1509 1548.6 2447.5
1510 1574.4 2460.9
1511 1605.0 2477.5
1512 1630.3 2492.6
1513 1656.9 2509.3
1514 1683.4 2526.4
1515 1714.3 2546.6
1516 1738.3 2562.9
1517 1765.0 2580.2
1518 1794.3 2597.3
1519 1825.8 2612.6
1520 1853.1 2620.7
1521 1879.8 2613.4
1522 1910.5 2607.6
1523 1940.9 2605.3
1524 1969.4 2603.9
1525 1993.8 2602.1
1526 2026.7 2601.0
1527 2056.5 2600.1
1528 2084.7 2599.7
1529 2110.3 2599.7
1530 2142.6 2601.3
1531 2170.0 2604.3
1532 2198.3 2608.3
1533 2224.6 2613.0
1534 2252.9 2619.1
1535 2276.9 2624.8
1536 2303.4 2633.6
1537 2324.7 2642.3
1538 2346.8 2652.3
1539 2367.8 2662.8
1540 2392.0 2675.7
1541 2412.1 2687.5
1542 2432.2 2701.2
1543 2452.7 2717.7
1544 2472.7 2739.6
1545 2488.5 2764.6
1546 2503.7 2793.2
1547 2521.7 2826.2
1548 2539.1 2860.1
1549 2554.4 2892.3
1550 2567.1 2921.2
1551 2584.6 2959.0
1552 2600.8 2993.5
1553 2617.0 3026.7
1554 2632.2 3056.9
1555 2652.6 3093.7
1556 2671.6 3123.4
1557 2690.4 3154.4
1558 2708.1 3183.5
1559 2728.9 3217.1
1560 2746.8 3247.0
1561 2767.2 3283.3
1562 2786.8 3312.8
1563 2809.3 3342.3
1564 2832.7 3370.3
1565 2858.6 3398.3
1566 2880.9 3418.0
1567 2905.4 3437.4
1568 2931.5 3456.6
1569 2958.9 3476.8
1570 2981.2 3493.4
1571 3005.0 3502.1
1572 3032.7 3497.4
1573 3060.2 3486.7
1574 3085.3 3475.4
1575 3107.0 3464.2
1576 3133.1 3447.3
1577 3155.4 3430.4
1578 3175.5 3413.2
1579 3192.7 3396.5
1580 3212.2 3373.9
1581 3226.1 3353.3
1582 3240.0 3331.1
1583 3250.9 3309.2
1584 3261.3 3279.6
1585 3268.5 3240.8
1586 3275.9 3191.1
1587 3282.2 3148.8
1588 3289.2 3104.6
1589 3296.3 3060.7
1590 3304.1 3010.7
1591 3311.1 2972.1
1592 3319.1 2930.7
1593 3328.4 2887.5
1594 3340.0 2843.1
1595 3350.9 2807.5
1596 3362.6 2771.3
1597 3376.2 2731.8
1598 3390.0 2693.2
1599 3403.2 2658.0
1600 3416.3 2628.2
1601 3433.2 2591.0
1602 3449.6 2558.4
1603 3466.1 2528.3
1604 3481.7 2503.7
1605 3502.2 2487.5
1606 3520.9 2476.8
1607 3540.6 2466.2
1608 3559.2 2456.8
1609 3579.7 2446.7
1610 3598.8 2438.8
1611 3622.1 2433.4
1612 3645.2 2434.3
1613 3670.8 2437.9
1614 3696.6 2442.1
1615 3726.0 2448.5
1616 3749.3 2454.2
1617 3773.2 2461.3
1618 3799.1 2470.0
1619 3826.9 2480.2
1620 3849.1 2490.1
1621 3871.5 2500.6
1622 3896.8 2513.3
1623 3922.1 2527.0
1624 3946.0 2540.3
1625 3966.7 2552.8
1626 3993.8 2569.5
1627 4018.3 2585.3
1628 4041.9 2600.8
1629 4063.7 2615.3
1630 4090.2 2634.2
1631 4113.5 2651.1
1632 4136.9 2669.6
1633 4158.7 2687.4
1634 4183.1 2708.0
1635 4203.8 2727.9
1636 4229.3 2762.2
1637 4250.9 2793.1
1638 4273.5 2826.0
1639 4296.7 2859.6
1640 4322.9 2898.3
1641 4344.8 2927.1
1642 4369.6 2956.8
1643 4396.9 2986.0
1644 4426.0 3014.3
1645 4450.7 3035.7
1646 4477.5 3057.8
1647 4506.9 3082.0
1648 4536.7 3104.7
1649 4565.0 3124.4
1650 4591.5 3140.8
1651 4625.1 3159.8
1652 4656.4 3175.8
1653 4686.6 3189.9
1654 4714.3 3201.8
1655 4749.1 3213.9
1656 4780.1 3223.0
1657 4812.8 3231.6
1658 4843.2 3238.2
1659 4877.2 3243.9
1660 4907.0 3248.6
1661 4942.8 3251.2
1662 4972.8 3251.8
1663 5004.0 3251.6
1664 5035.6 3250.4
1665 5072.8 3248.6
1666 5101.3 3245.3
1667 5132.0 3242.2
1668 5165.2 3238.8
1669 5200.7 3233.9
1670 5229.9 3229.4
1671 5260.3 3225.6
1672 5294.1 3221.8
1673 5327.9 3218.7
1674 5359.2 3216.4
1675 5387.3 3215.5
1676 5422.4 3214.3
1677 5455.4 3213.8
1678 5488.1 3212.6
1679 5520.1 3209.8
1680 5561.8 3203.7
1681 5596.5 3190.1
1682 5632.9 3175.5
1683 5666.8 3162.0
1684 5704.0 3145.2
1685 5735.7 3128.6
1686 5772.5 3107.3
1687 5804.0 3089.1
1688 5837.0 3069.6
1689 5870.1 3049.0
1690 5906.5 3024.1
1691 5935.1 3004.6
1692 5965.4 2983.4
1693 5997.1 2959.6
1694 6029.9 2932.4
1695 6056.1 2909.0
1696 6082.9 2883.8
1697 6112.4 2856.2
1698 6142.0 2829.6
1699 6170.0 2805.9
1700 6195.2 2785.9
1701 6227.4 2760.6
1702 6257.2 2738.7
1703 6285.8 2718.5
1704 6312.4 2700.9
1705 6345.9 2679.9
1706 6375.3 2663.2
1707 6405.2 2646.5
1708 6433.1 2631.9
1709 6465.3 2616.3
1710 6494.4 2603.2
1711 6528.2 2589.0
1712 6557.2 2577.1
1713 6587.9 2565.4
1714 6618.4 2554.4
1715 6653.8 2542.8
1716 6681.6 2534.2
1717 6712.2 2525.3
1718 6745.0 2516.8
1719 6779.0 2510.8
1720 6807.3 2511.1
1721 6838.9 2514.0
1722 6876.1 2520.4
1723 6914.0 2528.4
1724 6949.5 2536.5
1725 6981.1 2544.1
1726 7020.6 2554.4
1727 7057.5 2564.9
1728 7092.9 2575.3
1729 7124.8 2585.0
1730 7165.5 2599.9
1731 7200.0 2612.9
1732 7235.9 2626.8
1733 7268.8 2640.5
1734 7305.9 2656.9
1735 7339.6 2672.0
1736 7377.8 2690.7
1737 7410.4 2707.0
1738 7444.9 2724.5
1739 7479.7 2742.7
1740 7518.7 2764.4
1741 7549.7 2781.6
1742 7584.0 2799.8
1743 7621.9 2816.4
1744 7663.3 2825.4
1745 7698.3 2817.8
1746 7735.9 2803.1
1747 7778.2 2786.8
1748 7820.3 2771.1
1749 7858.4 2757.4
1750 7893.4 2745.7
1751 7938.2 2731.8
1752 7978.9 2719.7
1753 8018.1 2708.6
1754 8053.7 2698.8
1755 8098.2 2686.6
1756 8137.0 2674.9
1757 8177.6 2662.8
1758 8214.9 2651.7
1759 8257.3 2639.8
1760 8294.2 2630.2
1761 8337.4 2619.0
1762 8374.8 2609.8
1763 8415.2 2600.5
1764 8455.9 2591.6
1765 8501.4 2582.1
1766 8537.5 2575.4
1767 8576.7 2568.3
1768 8618.2 2561.3
1769 8662.2 2554.5
1770 8698.2 2549.6
1771 8735.8 2545.7
1772 8777.7 2546.4
1773 8820.2 2554.5
1774 8859.8 2565.4
1775 8896.0 2576.1
1776 8940.7 2591.8
1777 8980.1 2607.6
1778 9017.1 2623.5
1779 9050.0 2638.6
1780 9087.8 2658.5
1781 9118.7 2677.2
1782 9149.6 2697.4
1783 9176.5 2717.2
1784 9204.3 2741.1
1785 9225.8 2762.4
1786 9248.1 2787.9
1787 9263.9 2810.5
1788 9278.7 2834.7
1789 9292.1 2859.7
1790 9302.9 2889.5
1791 9308.2 2913.2
1792 9310.7 2939.6
1793 9310.6 2968.4
1794 9308.0 2999.2
1795 9303.1 3024.7
1796 9295.3 3050.6
1797 9286.1 3080.4
1798 9275.4 3109.8
1799 9264.0 3135.6
1800 9251.1 3157.8
1801 9235.9 3185.6
1802 9221.9 3211.2
1803 9206.9 3234.9
1804 9190.7 3255.5
1805 9162.5 3277.2
1806 9137.2 3292.9
1807 9110.0 3307.2
1808 9083.9 3317.9
1809 9054.1 3324.9
1810 9027.0 3317.8
1811 8996.5 3305.7
1812 8970.3 3295.4
1813 8942.7 3284.9
1814 8914.9 3274.8
1815 8883.3 3264.9
1816 8858.6 3258.5
1817 8831.6 3252.1
1818 8802.6 3245.8
1819 8772.0 3239.3
1820 8746.7 3234.8
1821 8720.4 3230.4
1822 8690.9 3226.3
1823 8661.9 3223.3
1824 8634.9 3221.0
1825 8610.2 3219.1
1826 8579.2 3218.1
1827 8550.0 3217.2
1828 8520.3 3215.8
1829 8490.9 3213.1
1830 8452.5 3209.6
1831 8419.1 3206.8
1832 8385.0 3204.5
1833 8353.6 3202.7
1834 8317.9 3200.7
1835 8286.0 3197.5
1836 8249.1 3194.2
1837 8217.2 3191.8
1838 8183.6 3189.5
1839 8150.1 3187.5
1840 8111.9 3186.5
1841 8082.0 3186.8
1842 8049.0 3187.6
1843 8013.7 3188.9
1844 7976.3 3190.7
1845 7946.3 3192.8
1846 7914.1 3195.6
1847 7878.0 3198.7
1848 7842.1 3201.5
1849 7809.3 3202.7
1850 7780.8 3202.3
1851 7743.4 3201.7
1852 7709.2 3201.6
1853 7676.6 3201.8
1854 7646.7 3203.0
1855 7605.0 3209.2
1856 7569.5 3214.9
1857 7532.1 3219.7
1858 7497.3 3223.6
1859 7458.4 3226.8
1860 7423.4 3229.1
1861 7382.4 3229.6
1862 7347.5 3230.4
1863 7310.7 3231.7
1864 7273.3 3232.8
1865 7231.7 3232.3
1866 7199.0 3232.3
1867 7162.9 3232.8
1868 7124.6 3233.7
1869 7084.8 3235.0
1870 7051.4 3236.8
1871 7016.3 3238.4
1872 6977.6 3236.7
1873 6939.7 3228.1
1874 6904.8 3216.7
1875 6872.3 3207.1
1876 6830.8 3195.6
1877 6792.5 3187.8
1878 6754.7 3185.1
1879 6718.9 3187.8
1880 6672.1 3194.7
1881 6632.8 3201.5
1882 6591.8 3209.8
1883 6554.0 3218.2
1884 6511.3 3228.5
1885 6474.3 3238.0
1886 6431.1 3251.0
1887 6394.0 3262.8
1888 6354.3 3276.2
1889 6314.4 3290.6
1890 6268.9 3308.3
1891 6233.2 3322.7
1892 6194.7 3339.1
1893 6153.0 3356.9
1894 6109.3 3376.4
1895 6074.5 3392.8
1896 6037.8 3410.9
1897 5997.0 3431.4
1898 5956.4 3452.2
1899 5918.5 3471.9
1900 5883.9 3489.9
1901 5840.1 3513.5
1902 5800.1 3534.9
1903 5761.5 3554.4
1904 5725.8 3571.8
1905 5680.5 3591.3
1906 5642.0 3607.9
1907 5601.8 3624.0
1908 5564.0 3638.3
1909 5521.2 3653.4
1910 5483.0 3666.4
1911 5438.6 3678.6
1912 5400.2 3687.9
1913 5359.4 3697.8
1914 5318.4 3707.8
1915 5270.9 3719.7
1916 5234.8 3726.4
1917 5193.6 3727.4
1918 5148.5 3724.8
1919 5099.7 3721.2
1920 5059.5 3719.3
1921 5017.4 3717.1
1922 4970.4 3715.3
1923 4923.9 3714.1
1924 4880.9 3713.3
1925 4842.3 3713.1
1926 4793.1 3713.4
1927 4748.2 3714.2
1928 4705.2 3715.7
1929 4665.9 3717.9
1930 4615.9 3722.6
1931 4574.8 3728.0
1932 4531.4 3733.8
1933 4491.5 3738.7
1934 4447.8 3741.1
1935 4411.0 3730.4
1936 4370.1 3711.7
1937 4336.9 3694.6
1938 4303.2 3674.9
1939 4271.3 3654.2
1940 4238.3 3629.2
1941 4213.9 3609.7
1942 4188.9 3587.9
1943 4163.8 3563.4
1944 4139.5 3536.2
1945 4121.0 3513.6
1946 4107.6 3488.8
1947 4097.7 3459.4
1948 4090.2 3430.2
1949 4084.3 3403.4
1950 4079.0 3379.8
1951 4072.3 3350.9
1952 4065.2 3325.1
1953 4057.7 3301.0
1954 4049.9 3280.2
1955 4038.7 3255.6
1956 4027.3 3235.5
1957 4015.1 3216.1
1958 4002.9 3199.2
1959 3988.1 3181.2
1960 3975.0 3166.9
1961 3958.2 3152.0
1962 3943.2 3140.2
1963 3927.2 3129.2
1964 3910.9 3119.0
1965 3892.9 3110.2
1966 3878.3 3104.0
1967 3863.2 3098.7
1968 3846.9 3094.3
1969 3829.2 3091.2
1970 3814.2 3090.5
1971 3800.6 3090.7
1972 3785.2 3092.0
1973 3770.5 3094.9
1974 3757.9 3098.8
1975 3746.7 3102.9
1976 3733.5 3110.8
1977 3723.4 3119.3
1978 3715.8 3128.5
1979 3711.3 3138.1
1980 3707.6 3151.4
1981 3705.4 3164.4
1982 3701.8 3179.0
1983 3696.2 3194.7
1984 3686.0 3216.4
1985 3675.0 3236.9
1986 3661.7 3262.3
1987 3650.1 3284.0
1988 3638.2 3307.5
1989 3626.3 3331.6
1990 3613.1 3360.3
1991 3602.0 3382.2
1992 3588.8 3405.8
1993 3574.3 3431.2
1994 3559.2 3458.7
1995 3546.7 3481.3
1996 3531.5 3504.7
1997 3514.1 3530.2
1998 3496.1 3554.5
1999 3478.6 3575.9
2000 3462.0 3595.1
2001 3440.9 3619.4
2002 3420.1 3640.4
2003 3398.7 3659.6
2004 3379.5 3676.9
2005 3355.7 3698.6
2006 3333.2 3715.7
2007 3309.2 3732.1
2008 3287.1 3747.3
2009 3261.1 3764.4
2010 3237.7 3777.9
2011 3210.5 3794.3
2012 3186.9 3808.6
2013 3161.8 3823.5
2014 3136.0 3837.6
2015 3106.6 3850.1
2016 3082.8 3857.7
2017 3056.5 3863.4
2018 3027.4 3865.2
2019 2994.3 3860.0
2020 2966.9 3852.2
2021 2937.1 3843.8
2022 2904.1 3834.2
2023 2871.6 3823.6
2024 2841.5 3813.6
2025 2813.7 3805.0
2026 2779.0 3793.8
2027 2748.4 3781.3
2028 2719.7 3768.4
2029 2693.8 3756.1
2030 2660.9 3740.9
2031 2633.1 3727.4
2032 2603.9 3712.9
2033 2576.5 3699.8
2034 2545.8 3685.1
2035 2519.2 3671.1
2036 2488.8 3655.7
2037 2462.2 3642.3
2038 2434.4 3628.5
2039 2406.9 3614.8
2040 2376.7 3597.1
2041 2353.9 3578.5
2042 2329.8 3551.3
2043 2304.8 3519.6
2044 2279.1 3485.7
2045 2256.8 3458.0
2046 2234.1 3429.6
2047 2208.9 3398.4
2048 2183.2 3368.2
2049 2158.8 3340.7
2050 2136.8 3318.6
2051 2107.5 3304.1
2052 2080.1 3293.3
2053 2053.3 3283.9
2054 2029.2 3275.8
2055 1998.9 3267.8
2056 1972.5 3261.1
2057 1945.1 3254.8
2058 1920.0 3249.1
2059 1891.0 3243.5
2060 1865.6 3238.6
2061 1836.4 3233.2
2062 1812.1 3226.7
2063 1786.5 3217.8
2064 1760.8 3207.2
2065 1733.5 3192.3
2066 1713.8 3179.1
2067 1693.5 3163.3
2068 1672.7 3144.9
2069 1651.5 3124.3
2070 1634.5 3107.0
2071 1618.6 3088.5
2072 1600.4 3068.4
2073 1582.1 3049.4
2074 1564.6 3032.4
2075 1548.2 3017.2
2076 1528.6 2999.7
2077 1510.2 2983.7
2078 1492.5 2968.5
2079 1476.6 2954.8
2080 1457.6 2939.1
2081 1441.2 2925.2
2082 1423.9 2911.6
2083 1408.1 2899.7
2084 1390.5 2887.0
2085 1373.9 2876.5
2086 1355.2 2865.8
2087 1339.5 2857.2
2088 1322.9 2849.0
2089 1305.8 2841.7
2090 1286.5 2835.4
2091 1271.8 2832.1
2092 1255.7 2829.4
2093 1238.8 2827.4
2094 1221.3 2826.2
2095 1206.3 2825.2
2096 1191.3 2825.3
2097 1174.5 2826.1
2098 1157.7 2828.1
2099 1141.3 2830.8
2100 1128.1 2834.5
2101 1110.3 2842.1
2102 1093.8 2856.8
2103 1075.5 2879.5
2104 1055.8 2905.5
2105 1031.5 2940.2
2106 1012.6 2970.5
2107 993.2 3001.9
2108 974.2 3031.8
2109 953.2 3065.9
2110 935.0 3096.4
2111 912.0 3132.4
2112 891.6 3162.7
2113 870.2 3194.8
2114 847.3 3227.4
2115 822.4 3264.6
2116 801.9 3292.5
2117 779.0 3321.2
2118 753.6 3351.2
2119 726.7 3382.8
2120 704.9 3408.6
2121 678.4 3434.3
2122 650.6 3462.9
2123 623.1 3491.0
2124 595.7 3516.3
2125 571.4 3537.0
2126 538.9 3564.0
2127 509.4 3589.7
2128 480.8 3614.9
2129 455.4 3638.6
2130 423.1 3669.4
2131 397.1 3697.0
2132 371.2 3726.2
2133 348.2 3754.1
2134 324.1 3786.0
2135 305.5 3814.0
2136 287.7 3848.4
2137 275.4 3877.8
2138 264.3 3908.6
2139 253.3 3938.5
2140 243.2 3974.0
2141 237.6 4003.3
2142 234.3 4034.3
2143 234.0 4067.2
2144 236.8 4102.3
2145 241.9 4130.8
2146 250.5 4159.9
2147 262.2 4191.5
2148 275.3 4221.3
2149 288.2 4247.3
2150 302.0 4268.9
2151 321.1 4294.1
2152 339.6 4315.0
2153 358.2 4333.8
2154 375.5 4350.1
2155 399.3 4368.5
2156 427.6 4380.2
2157 460.9 4390.8
2158 493.3 4399.6
2159 530.0 4408.7
2160 561.6 4415.4
2161 599.7 4423.2
2162 632.5 4429.6
2163 666.9 4435.6
2164 702.3 4441.3
2165 741.4 4447.5
2166 771.8 4447.1
2167 805.9 4438.3
2168 841.7 4426.6
2169 879.8 4414.8
2170 911.2 4405.7
2171 944.4 4396.3
2172 981.2 4385.9
2173 1017.5 4376.4
2174 1051.7 4367.8
2175 1082.8 4360.6
2176 1123.7 4351.1
2177 1159.5 4341.5
2178 1193.4 4331.4
2179 1224.3 4321.3
2180 1262.5 4308.5
2181 1295.4 4295.3
2182 1329.3 4281.4
2183 1360.3 4267.8
2184 1394.9 4251.6
2185 1424.6 4236.4
2186 1459.6 4217.9
2187 1489.3 4200.8
2188 1520.9 4183.0
2189 1552.7 4165.6
2190 1587.8 4145.8
2191 1615.8 4129.4
2192 1645.8 4111.6
2193 1678.1 4095.3
2194 1713.6 4086.0
2195 1743.1 4092.9
2196 1774.3 4106.0
2197 1809.4 4121.1
2198 1844.1 4137.2
2199 1876.0 4152.9
2200 1904.5 4167.6
2201 1940.4 4186.7
2202 1972.8 4205.1
2203 2004.1 4223.4
2204 2032.8 4240.5
2205 2068.8 4262.8
2206 2100.1 4282.4
2207 2132.8 4302.9
2208 2163.4 4321.2
2209 2198.7 4341.4
2210 2229.2 4359.5
2211 2265.5 4380.9
2212 2296.5 4397.4
2213 2329.8 4413.8
2214 2363.6 4430.0
2215 2402.1 4448.4
2216 2432.9 4460.3
2217 2466.4 4472.1
2218 2502.1 4483.2
2219 2541.1 4489.9
2220 2575.8 4482.1
2221 2612.8 4469.6
2222 2654.3 4454.6
2223 2695.5 4439.4
2224 2733.3 4425.2
2225 2767.0 4411.3
2226 2809.3 4391.4
2227 2848.4 4373.5
2228 2886.1 4356.4
2229 2920.4 4341.2
2230 2963.7 4322.1
2231 2999.4 4304.5
2232 3036.7 4286.2
2233 3071.4 4269.3
2234 3110.2 4250.6
2235 3144.9 4234.7
2236 3187.1 4218.0
2237 3222.8 4204.1
2238 3260.4 4190.0
2239 3298.5 4176.3
2240 3341.8 4161.4
2241 3375.6 4149.3
2242 3411.4 4134.4
2243 3449.0 4116.8
2244 3487.8 4096.4
2245 3518.8 4078.6
2246 3548.8 4058.4
2247 3579.9 4035.6
2248 3608.4 4012.8
2249 3632.8 3991.6
2250 3652.3 3972.5
2251 3673.3 3949.1
2252 3690.4 3928.0
2253 3704.6 3908.2
2254 3714.9 3890.5
2255 3722.6 3869.3
2256 3726.7 3853.8
2257 3731.9 3840.8
2258 3738.2 3830.3
2259 3746.6 3819.9
2260 3754.6 3812.3
2261 3765.4 3805.1
2262 3775.0 3800.4
2263 3784.9 3796.6
2264 3794.6 3793.8
2265 3805.4 3792.6
2266 3813.5 3792.7
2267 3822.2 3793.4
2268 3831.7 3794.8
2269 3842.4 3797.6
2270 3852.6 3800.8
2271 3864.2 3806.4
2272 3877.7 3816.3
2273 3891.1 3831.0
2274 3903.8 3847.0
2275 3915.5 3861.9
2276 3929.8 3881.9
2277 3943.1 3900.5
2278 3955.8 3918.8
2279 3967.6 3935.6
2280 3984.1 3955.5
2281 4002.3 3970.5
2282 4025.2 3985.6
2283 4048.3 3999.2
2284 4075.2 4014.3
2285 4099.3 4026.2
2286 4127.7 4040.2
2287 4152.2 4051.8
2288 4178.5 4063.2
2289 4205.4 4075.0
2290 4235.8 4088.0
2291 4260.7 4096.9
2292 4287.9 4106.9
2293 4316.8 4118.1
2294 4347.0 4130.4
2295 4371.7 4140.5
2296 4398.3 4148.5
2297 4428.9 4156.5
2298 4459.2 4164.2
2299 4486.9 4171.7
2300 4512.5 4178.5
2301 4544.3 4185.6
2302 4574.1 4192.9
2303 4602.8 4200.0
2304 4628.8 4207.0
2305 4661.9 4216.9
2306 4691.6 4225.5
2307 4721.5 4233.9
2308 4749.9 4239.1
2309 4785.5 4240.6
2310 4819.1 4240.9
2311 4857.3 4242.5
2312 4890.2 4244.1
2313 4925.1 4246.2
2314 4959.7 4248.6
2315 4999.2 4251.4
2316 5029.9 4254.4
2317 5063.5 4258.2
2318 5099.4 4263.2
2319 5137.4 4268.6
2320 5169.5 4273.6
2321 5202.3 4276.5
2322 5239.4 4275.4
2323 5276.0 4266.9
2324 5309.6 4255.7
2325 5340.8 4246.1
2326 5379.6 4234.7
2327 5415.5 4225.0
2328 5449.9 4215.9
2329 5481.3 4207.2
2330 5521.2 4197.3
2331 5554.6 4189.8
2332 5589.6 4181.9
2333 5622.5 4174.9
2334 5659.3 4167.5
2335 5691.6 4161.1
2336 5729.6 4148.7
2337 5762.1 4137.5
2338 5796.3 4125.7
2339 5830.7 4113.1
2340 5870.5 4098.9
2341 5904.6 4088.7
2342 5942.0 4076.7
2343 5982.0 4063.7
2344 6024.6 4050.3
2345 6059.8 4039.2
2346 6096.6 4028.1
2347 6136.9 4014.1
2348 6176.5 3998.7
2349 6213.5 3983.9
2350 6247.2 3970.8
2351 6289.7 3955.1
2352 6328.9 3941.1
2353 6366.6 3927.4
2354 6400.8 3914.3
2355 6443.3 3897.7
2356 6480.4 3884.2
2357 6519.0 3870.3
2358 6554.6 3858.0
2359 6595.1 3844.4
2360 6630.6 3833.1
2361 6672.1 3820.2
2362 6707.5 3809.8
2363 6745.0 3799.3
2364 6782.9 3789.0
2365 6826.1 3778.2
2366 6860.1 3770.1
2367 6897.1 3762.2
2368 6936.8 3755.1
2369 6979.3 3750.3
2370 7015.7 3751.8
2371 7054.9 3755.6
2372 7098.3 3760.7
2373 7141.2 3766.6
2374 7180.6 3772.4
2375 7216.1 3778.3
2376 7261.7 3786.3
2377 7303.4 3794.8
2378 7342.8 3803.7
2379 7378.3 3812.7
2380 7423.2 3826.0
2381 7462.2 3838.9
2382 7501.6 3852.8
2383 7538.0 3866.4
2384 7578.9 3882.8
2385 7615.4 3898.3
2386 7658.1 3917.6
2387 7694.9 3935.4
2388 7733.1 3954.9
2389 7771.8 3975.3
2390 7816.0 3999.2
2391 7849.9 4018.9
2392 7886.8 4040.9
2393 7925.8 4064.9
2394 7965.2 4091.7
2395 7998.6 4114.4
2396 8032.1 4138.9
2397 8070.5 4166.6
2398 8108.4 4193.5
2399 8142.8 4217.2
2400 8174.8 4236.3
2401 8214.1 4257.7
2402 8250.5 4274.9
2403 8284.5 4289.6
2404 8315.8 4298.3
2405 8353.0 4283.9
2406 8383.5 4266.5
2407 8413.6 4246.8
2408 8439.5 4227.3
2409 8466.9 4204.1
2410 8489.8 4182.9
2411 8513.7 4156.5
2412 8531.2 4132.9
2413 8547.1 4107.4
2414 8560.4 4081.3
2415 8570.6 4051.1
2416 8574.6 4024.8
2417 8574.0 3992.7
2418 8571.5 3957.1
2419 8568.3 3919.4
2420 8564.6 3889.2
2421 8564.1 3857.7
2422 8565.0 3823.4
2423 8568.0 3789.9
2424 8572.8 3759.3
2425 8578.0 3733.0
2426 8586.5 3700.7
2427 8594.4 3671.2
2428 8602.5 3643.6
2429 8610.6 3619.3
2430 8622.4 3590.4
2431 8634.2 3567.1
2432 8647.7 3544.4
2433 8660.7 3526.7
2434 8676.2 3512.8
2435 8690.2 3503.5
2436 8707.8 3495.1
2437 8724.5 3491.3
2438 8745.1 3492.1
2439 8766.8 3495.7
2440 8791.6 3502.1
2441 8811.6 3507.8
2442 8832.6 3514.4
2443 8855.4 3521.8
2444 8879.7 3530.2
2445 8899.3 3538.1
2446 8920.3 3546.7
2447 8943.2 3556.4
2448 8965.3 3566.5
2449 8985.3 3576.5
2450 9004.2 3585.5
2451 9027.6 3597.9
2452 9049.3 3610.1
2453 9069.8 3622.2
2454 9088.2 3633.5
2455 9111.7 3648.1
2456 9131.9 3661.9
2457 9152.6 3676.6
2458 9171.8 3691.2
2459 9192.0 3708.0
2460 9206.5 3724.6
2461 9221.4 3744.2
2462 9229.3 3762.0
2463 9234.9 3781.2
2464 9238.8 3800.6
2465 9235.2 3822.9
2466 9229.6 3841.0
2467 9221.9 3858.9
2468 9211.2 3877.5
2469 9197.3 3895.8
2470 9182.7 3909.6
2471 9168.1 3922.7
2472 9149.3 3935.1
2473 9129.0 3945.0
2474 9109.6 3952.6
2475 9092.9 3959.7
2476 9072.4 3968.9
2477 9054.1 3979.1
2478 9037.1 3990.1
2479 9023.6 4001.0
2480 9010.0 4015.8
2481 9002.1 4030.5
2482 8994.5 4046.6
2483 8989.2 4062.4
2484 8985.9 4080.7
2485 8983.5 4097.0
2486 8984.9 4116.8
2487 8989.4 4133.6
2488 8996.4 4151.3
2489 9005.1 4168.3
2490 9018.3 4186.1
2491 9030.7 4198.2
2492 9046.4 4208.5
2493 9064.5 4218.5
2494 9084.3 4228.6
2495 9099.9 4237.4
2496 9117.2 4247.2
2497 9136.0 4258.8
2498 9154.5 4270.7
2499 9171.4 4282.4
2500 9186.5 4293.6
2501 9205.1 4308.5
2502 9222.5 4322.8
2503 9238.8 4336.7
2504 9252.0 4350.0
2505 9262.5 4367.8
2506 9261.2 4383.3
2507 9256.2 4399.0
2508 9248.7 4413.0
2509 9237.5 4428.6
2510 9221.3 4443.5
2511 9198.1 4459.2
2512 9177.5 4471.4
2513 9155.7 4483.1
2514 9132.9 4490.6
2515 9107.5 4479.0
2516 9086.7 4467.8
2517 9064.8 4456.1
2518 9041.0 4444.1
2519 9015.6 4433.8
2520 8995.4 4429.7
2521 8973.3 4431.4
2522 8949.3 4434.4
2523 8926.1 4438.5
2524 8905.4 4443.4
2525 8887.9 4448.7
2526 8864.1 4456.5
2527 8843.0 4464.6
2528 8823.7 4473.4
2529 8806.8 4482.1
2530 8788.0 4494.9
2531 8781.7 4506.6
2532 8779.1 4519.3
2533 8780.1 4531.5
2534 8783.5 4546.9
2535 8784.8 4566.5
2536 8788.4 4591.4
2537 8794.3 4612.5
