1 0 1 0 -85 -996 -1
1 0 1 0 -85 -996 -1
1 0 1 0 -85 -996 -1
-1 0 1 0 -85 -996 -1
0 0 1 0 -85 -996 -1
-1 0 1 0 -85 -996 -1
-1 0 0 0 -98 -995 -1
-1 0 1 0 929 -371 -1
-1 0 1 0 929 -371 -1
-1 0 1 0 929 -371 -1
0 0 1 0 929 -371 -1
0 0 1 0 929 -371 -1
1 0 1 0 929 -371 -1
0 0 1 0 929 -371 -1
0 0 1 0 929 -371 -1
1 0 1 0 929 -371 -1
0 0 1 0 929 -371 -1
-1 0 1 0 929 -371 -1
1 0 1 0 929 -371 -1
1 0 0 0 924 -383 -1
1 0 1 0 770 638 -1
1 0 1 0 770 638 -1
1 0 1 0 770 638 -1
1 0 1 0 770 638 -1
1 0 0 0 773 634 -1
1 0 0 0 773 634 -1
1 0 1 0 707 707 -1
1 0 0 0 707 707 -1
1 0 1 0 -981 -195 -1
1 0 0 0 -981 -195 -1
1 0 1 0 383 924 -1
1 0 1 0 383 924 -1
1 0 0 0 383 924 -1
1 0 1 0 -981 195 -1
1 0 1 0 -981 195 -1
1 0 0 0 -981 195 -1
1 0 1 0 -994 109 -1
1 0 0 0 -981 195 -1
1 0 0 0 -981 195 -1
1 0 1 0 735 -678 -1
1 0 1 0 735 -678 -1
1 0 1 0 735 -678 -1
1 0 1 0 735 -678 -1
1 0 0 0 773 -634 -1
1 0 1 0 782 -623 -1
1 0 1 0 782 -623 -1
1 0 1 0 782 -623 -1
1 0 1 0 782 -623 -1
1 0 1 0 782 -623 -1
1 0 0 0 773 -634 -1
1 0 1 0 471 882 -1
1 0 0 0 471 882 -1
1 0 1 0 795 -606 -1
1 0 1 0 795 -606 -1
1 0 1 0 795 -606 -1
1 0 1 0 795 -606 -1
1 0 1 0 795 -606 -1
1 0 1 0 795 -606 -1
1 0 1 0 795 -606 -1
1 0 1 0 795 -606 -1
1 0 1 0 795 -606 -1
1 0 1 0 795 -606 -1
1 0 1 0 795 -606 -1
1 0 0 0 773 -634 -1
1 1 1 0 1000 0 -1
