1 0 1 0 -471 -882 -1
1 0 1 0 -471 -882 -1
1 0 1 0 -471 -882 -1
1 0 1 0 -471 -882 -1
1 0 1 0 -471 -882 -1
1 0 1 0 -471 -882 -1
1 0 1 0 -471 -882 -1
1 0 1 0 -471 -882 -1
1 0 0 0 -471 -882 -1
-1 0 1 0 -707 -707 -1
1 0 1 0 -707 -707 -1
1 0 0 0 -707 -707 -1
1 0 1 0 -773 -634 -1
0 0 1 0 -773 -634 -1
1 0 0 0 -773 -634 -1
1 0 1 0 770 639 -1
1 0 1 0 770 639 -1
1 0 1 0 770 639 -1
1 0 1 0 770 639 -1
1 0 1 0 770 639 -1
1 0 1 0 770 639 -1
1 0 1 0 770 639 -1
0 0 0 0 773 634 -1
0 0 1 0 981 -193 -1
0 0 1 0 981 -193 -1
1 0 0 0 981 -195 -1
1 0 1 0 94 996 -1
1 0 1 0 94 996 -1
1 0 1 0 94 996 -1
1 0 1 0 94 996 -1
1 0 1 0 94 996 -1
1 0 1 0 94 996 -1
1 0 1 0 94 996 -1
1 0 0 0 98 995 -1
1 0 1 0 995 -98 -1
1 0 1 0 995 -98 -1
1 0 0 0 995 -98 -1
1 0 1 0 882 -471 -1
1 0 0 0 882 -471 -1
1 0 1 0 956 -294 -1
1 0 0 0 882 -471 -1
1 0 1 0 995 -98 -1
1 0 1 0 995 -98 -1
1 0 1 0 995 -98 -1
1 0 0 0 995 -98 -1
1 0 1 0 766 -643 -1
1 0 1 0 766 -643 -1
1 0 1 0 766 -643 -1
1 0 1 0 766 -643 -1
1 0 0 0 773 -634 -1
1 0 1 0 -882 -471 -1
1 0 0 0 -882 -471 -1
1 0 1 0 880 -475 -1
1 0 1 0 880 -475 -1
1 0 1 0 880 -475 -1
1 0 1 0 880 -475 -1
1 0 1 0 880 -475 -1
1 0 1 0 880 -475 -1
1 0 1 0 880 -475 -1
1 0 1 0 880 -475 -1
1 0 1 0 880 -475 -1
1 0 1 0 880 -475 -1
1 0 1 0 880 -475 -1
1 0 1 0 880 -475 -1
1 0 1 0 880 -475 -1
1 0 1 0 880 -475 -1
1 0 1 0 880 -475 -1
1 0 1 0 880 -475 -1
1 0 1 0 880 -475 -1
1 0 0 0 882 -471 -1
1 1 0 0 882 -471 -1
1 1 0 0 882 -471 -1
1 0 0 0 882 -471 -1
1 0 1 0 -1000 0 -1
1 0 0 0 -1000 0 -1
1 0 1 0 -195 -981 -1
1 0 1 0 -195 -981 -1
1 0 0 0 -195 -981 -1
1 0 1 0 0 -1000 -1
1 0 0 0 0 -1000 -1
1 0 1 0 98 -995 -1
1 0 0 0 98 -995 -1
1 0 1 0 707 707 -1
1 0 1 0 707 707 -1
1 0 1 0 707 707 -1
1 0 1 0 707 707 -1
1 0 1 0 707 707 -1
1 0 0 0 707 707 -1
1 0 1 0 290 957 -1
1 0 1 0 290 957 -1
1 0 1 0 290 957 -1
1 0 1 0 290 957 -1
1 0 1 0 290 957 -1
1 0 0 0 290 957 -1
1 0 1 0 831 -556 -1
1 0 1 0 831 -556 -1
1 0 1 0 831 -556 -1
1 0 0 0 831 -556 -1
1 0 1 0 -471 882 -1
1 0 0 0 -471 882 -1
1 0 1 0 290 957 -1
1 0 1 0 290 957 -1
1 0 1 0 290 957 -1
1 0 1 0 290 957 -1
1 0 1 0 290 957 -1
1 0 0 0 290 957 -1
1 0 1 0 773 -634 -1
1 0 1 0 773 -634 -1
1 0 0 0 773 -634 -1
1 0 1 0 634 773 -1
1 0 1 0 634 773 -1
1 0 1 0 634 773 -1
1 0 0 0 634 773 -1
1 0 1 0 957 -290 -1
1 0 1 0 957 -290 -1
1 0 1 0 957 -290 -1
1 0 1 0 957 -290 -1
1 0 1 0 957 -290 -1
1 0 1 0 957 -290 -1
1 0 1 0 957 -290 -1
1 0 1 0 957 -290 -1
1 0 1 0 957 -290 -1
1 0 1 0 957 -290 -1
1 0 1 0 957 -290 -1
1 0 1 0 957 -290 -1
1 0 1 0 957 -290 -1
1 0 1 0 957 -290 -1
1 0 1 0 957 -290 -1
1 0 1 0 957 -290 -1
1 0 0 0 957 -290 -1
1 0 1 0 290 -957 -1
1 1 0 0 290 -957 -1
1 0 1 0 98 995 -1
1 0 0 0 98 995 -1
1 0 1 0 98 995 -1
1 0 1 0 98 995 -1
1 0 1 0 98 995 -1
1 0 0 0 98 995 -1
1 0 1 0 924 383 -1
1 0 1 0 924 383 -1
1 0 1 0 924 383 -1
1 0 0 0 924 383 -1
1 0 1 0 98 995 -1
1 0 1 0 98 995 -1
1 0 1 0 98 995 -1
1 0 0 0 98 995 -1
1 0 0 0 98 995 -1
1 0 1 0 -831 556 -1
1 0 0 0 -831 556 -1
1 0 1 0 707 -707 -1
1 0 0 0 707 -707 -1
1 0 1 0 471 882 -1
1 1 1 0 471 882 -1
1 0 1 0 471 882 -1
1 0 1 0 471 882 -1
1 0 1 0 471 882 -1
1 0 0 0 471 882 -1
1 0 1 0 634 -773 -1
1 0 0 0 634 -773 -1
1 0 1 0 773 -634 -1
1 0 0 0 773 -634 -1
1 0 1 0 707 -707 -1
1 0 1 0 707 -707 -1
1 0 1 0 707 -707 -1
1 0 1 0 707 -707 -1
1 0 1 0 707 -707 -1
1 0 0 0 707 -707 -1
1 0 1 0 195 -981 -1
1 0 0 0 195 -981 -1
1 0 1 0 556 -831 -1
1 0 0 0 556 -831 -1
1 0 1 0 0 -1000 -1
1 0 1 0 0 -1000 -1
1 0 0 0 0 -1000 -1
1 0 1 0 556 -831 -1
1 0 1 0 556 -831 -1
1 0 0 0 556 -831 -1
1 0 1 0 -773 -634 -1
1 0 0 0 -773 -634 -1
1 0 1 0 882 471 -1
1 0 1 0 882 471 -1
1 0 1 0 882 471 -1
1 0 1 0 882 471 -1
1 0 1 0 882 471 -1
1 0 1 0 882 471 -1
1 0 1 0 882 471 -1
1 0 1 0 882 471 -1
1 0 0 0 882 471 -1
1 0 1 0 707 707 -1
1 0 1 0 707 707 -1
1 0 1 0 707 707 -1
1 0 0 0 707 707 -1
1 0 1 0 882 -471 -1
1 0 0 0 882 -471 -1
1 0 1 0 831 556 -1
1 0 1 0 831 556 -1
1 0 0 0 831 556 -1
1 0 1 0 -383 924 -1
1 0 0 0 -383 924 -1
1 0 1 0 882 471 -1
1 0 0 0 882 471 -1
1 0 1 0 634 -773 -1
1 0 1 0 634 -773 -1
1 0 1 0 634 -773 -1
1 0 1 0 634 -773 -1
1 0 1 0 634 -773 -1
1 0 0 0 634 -773 -1
1 0 1 0 556 -831 -1
1 0 1 0 556 -831 -1
1 0 1 0 556 -831 -1
1 0 1 0 556 -831 -1
1 0 1 0 556 -831 -1
1 0 1 0 556 -831 -1
1 0 0 0 556 -831 -1
1 0 1 0 471 -882 -1
1 0 1 0 471 -882 -1
1 0 1 0 471 -882 -1
1 0 1 0 471 -882 -1
1 0 1 0 471 -882 -1
1 0 0 0 471 -882 -1
1 0 1 0 471 -882 -1
1 0 1 0 471 -882 -1
1 0 1 0 471 -882 -1
1 0 1 0 471 -882 -1
1 0 1 0 471 -882 -1
1 0 1 0 471 -882 -1
1 0 1 0 471 -882 -1
1 1 0 0 471 -882 -1
1 0 0 0 471 -882 -1
1 0 1 0 98 995 -1
1 0 0 0 98 995 -1
1 0 1 0 195 -981 -1
1 0 1 0 195 -981 -1
1 0 0 0 195 -981 -1
1 0 1 0 195 981 -1
1 0 1 0 195 981 -1
1 0 0 0 195 981 -1
1 0 1 0 773 634 -1
1 0 1 0 773 634 -1
1 0 1 0 773 634 -1
1 0 1 0 773 634 -1
1 0 1 0 773 634 -1
1 0 1 0 773 634 -1
1 0 1 0 773 634 -1
1 0 1 0 773 634 -1
1 0 1 0 773 634 -1
1 0 1 0 773 634 -1
1 0 1 0 773 634 -1
1 0 1 0 773 634 -1
1 0 1 0 773 634 -1
1 0 1 0 773 634 -1
1 0 0 0 773 634 -1
1 0 1 0 -707 -707 -1
1 0 1 0 -707 -707 -1
1 0 1 0 -707 -707 -1
1 0 0 0 -707 -707 -1
1 0 1 0 383 -924 -1
1 0 1 0 383 -924 -1
1 0 0 0 383 -924 -1
1 0 0 0 383 -924 -1
1 0 1 0 -707 -707 -1
1 0 0 0 -707 -707 -1
1 0 1 0 471 882 -1
1 0 1 0 471 882 -1
1 0 0 0 471 882 -1
1 0 1 0 98 -995 -1
1 0 0 0 98 -995 -1
1 0 1 0 471 -882 -1
1 0 1 0 471 -882 -1
1 0 1 0 471 -882 -1
1 0 1 0 471 -882 -1
1 0 1 0 471 -882 -1
1 0 0 0 471 -882 -1
1 1 0 0 471 -882 -1
1 0 0 0 471 -882 -1
1 0 1 0 -924 -383 -1
1 0 0 0 -924 -383 -1
1 0 1 0 -383 -924 -1
1 0 1 0 -383 -924 -1
1 0 1 0 -383 -924 -1
1 0 0 0 -383 -924 -1
1 0 1 0 471 882 -1
1 0 1 0 471 882 -1
1 0 1 0 471 882 -1
1 0 1 0 471 882 -1
1 0 1 0 471 882 -1
1 0 0 0 471 882 -1
1 0 1 0 -195 981 -1
1 0 1 0 -195 981 -1
1 0 1 0 -195 981 -1
1 0 0 0 -195 981 -1
1 0 1 0 882 -471 -1
1 0 0 0 882 -471 -1
1 0 1 0 957 -290 -1
1 0 1 0 957 -290 -1
1 0 1 0 957 -290 -1
1 0 1 0 957 -290 -1
1 0 1 0 957 -290 -1
1 0 0 0 957 -290 -1
1 0 1 0 882 471 -1
1 0 1 0 882 471 -1
1 0 0 0 882 471 -1
1 0 1 0 471 -882 -1
1 0 1 0 471 -882 -1
1 0 1 0 471 -882 -1
1 0 1 0 471 -882 -1
1 0 1 0 471 -882 -1
1 0 1 0 471 -882 -1
1 0 0 0 471 -882 -1
1 0 1 0 882 471 -1
1 0 0 0 882 471 -1
1 0 1 0 -882 471 -1
1 0 0 0 -882 471 -1
1 0 1 0 195 -981 -1
1 0 1 0 195 -981 -1
1 0 0 0 195 -981 -1
1 0 0 0 195 -981 -1
1 0 1 0 -831 -556 -1
1 0 0 0 -831 -556 -1
1 0 1 0 0 1000 -1
1 0 0 0 0 1000 -1
1 0 1 0 383 -924 -1
1 0 0 0 383 -924 -1
1 0 1 0 -882 -471 -1
1 0 1 0 -882 -471 -1
1 0 1 0 -882 -471 -1
1 0 1 0 -882 -471 -1
1 0 0 0 -882 -471 -1
1 0 1 0 290 -957 -1
1 0 1 0 290 -957 -1
1 0 0 0 290 -957 -1
1 0 1 0 -471 -882 -1
1 0 0 0 -471 -882 -1
1 0 1 0 195 -981 -1
1 0 1 0 195 -981 -1
1 0 0 0 195 -981 -1
1 0 1 0 -831 -556 -1
1 0 1 0 -831 -556 -1
1 0 1 0 -831 -556 -1
1 0 1 0 -831 -556 -1
1 0 0 0 -831 -556 -1
1 0 1 0 556 831 -1
1 0 0 0 556 831 -1
1 0 1 0 707 -707 -1
1 0 1 0 707 -707 -1
1 0 1 0 707 -707 -1
1 0 1 0 707 -707 -1
1 0 1 0 707 -707 -1
1 0 0 0 707 -707 -1
1 0 1 0 -831 -556 -1
1 0 0 0 -831 -556 -1
1 0 1 0 195 981 -1
1 0 0 0 195 981 -1
1 0 1 0 471 -882 -1
1 0 1 0 471 -882 -1
1 0 0 0 471 -882 -1
1 0 0 0 471 -882 -1
1 0 1 0 634 -773 -1
1 0 1 0 634 -773 -1
1 0 1 0 634 -773 -1
1 0 1 0 634 -773 -1
1 0 0 0 634 -773 -1
1 0 1 0 -290 -957 -1
1 0 1 0 -290 -957 -1
1 1 1 0 -290 -957 -1
1 0 1 0 -290 -957 -1
1 0 1 0 -290 -957 -1
1 0 1 0 -290 -957 -1
1 0 1 0 -290 -957 -1
1 0 1 0 -290 -957 -1
1 0 1 0 -290 -957 -1
1 0 0 0 -290 -957 -1
1 0 1 0 -634 -773 -1
1 0 1 0 -634 -773 -1
1 0 1 0 -634 -773 -1
1 0 0 0 -634 -773 -1
0 0 1 0 634 773 -1
1 0 0 0 634 773 -1
1 0 1 0 471 882 -1
1 0 1 0 471 882 -1
1 0 1 0 471 882 -1
1 0 1 0 471 882 -1
1 0 1 0 471 882 -1
1 0 1 0 471 882 -1
1 0 1 0 471 882 -1
1 0 1 0 471 882 -1
1 0 1 0 471 882 -1
1 0 1 0 471 882 -1
1 0 1 0 471 882 -1
1 0 1 0 471 882 -1
1 0 1 0 471 882 -1
1 0 1 0 471 882 -1
1 0 1 0 471 882 -1
1 0 1 0 471 882 -1
1 0 1 0 471 882 -1
1 0 1 0 471 882 -1
1 0 1 0 471 882 -1
1 0 1 0 471 882 -1
1 0 1 0 471 882 -1
1 0 1 0 471 882 -1
1 0 1 0 471 882 -1
1 0 1 0 471 882 -1
1 0 1 0 471 882 -1
1 0 1 0 471 882 -1
1 0 1 0 471 882 -1
1 0 1 0 471 882 -1
0 0 1 0 471 882 -1
1 0 1 0 471 882 -1
1 0 1 0 471 882 -1
-1 0 0 0 471 882 -1
1 0 1 0 -882 471 -1
1 0 1 0 -882 471 -1
1 0 0 0 -882 471 -1
1 0 1 0 -882 471 -1
1 0 1 0 -882 471 -1
1 0 0 0 -882 471 -1
1 0 1 0 -957 290 -1
1 0 0 0 -957 290 -1
1 0 1 0 -924 383 -1
1 0 1 0 -924 383 -1
1 0 0 0 -924 383 -1
1 0 1 0 -924 383 -1
1 0 0 0 -924 383 -1
1 0 1 0 -981 195 -1
-1 0 1 0 -981 195 -1
-1 0 1 0 -981 195 -1
-1 0 1 0 -981 195 -1
-1 0 0 0 -981 195 -1
-1 0 1 0 -924 -383 -1
-1 0 0 0 -924 -383 -1
-1 0 1 0 -831 -556 -1
-1 0 0 0 -831 -556 -1
-1 0 1 0 -831 -556 -1
-1 0 0 0 -831 -556 -1
-1 0 1 0 -924 -383 -1
-1 0 1 0 -924 -383 -1
-1 0 0 0 -924 -383 -1
-1 0 0 0 -924 -383 -1
-1 0 1 0 -707 -707 -1
-1 0 0 0 -707 -707 -1
-1 0 1 0 -831 -556 -1
-1 0 1 0 -831 -556 -1
-1 0 0 0 -831 -556 -1
-1 0 1 0 -707 -707 -1
-1 0 0 0 -707 -707 -1
-1 0 1 0 -634 -773 -1
-1 0 0 0 -634 -773 -1
-1 0 1 0 -634 -773 -1
-1 0 0 0 -634 -773 -1
-1 0 1 0 -556 -831 -1
-1 0 1 0 -556 -831 -1
-1 0 1 0 -556 -831 -1
-1 0 0 0 -556 -831 -1
-1 0 1 0 -290 -957 -1
-1 0 0 0 -290 -957 -1
-1 0 1 0 -98 -995 -1
-1 0 0 0 -98 -995 -1
-1 0 1 0 -195 -981 -1
-1 0 0 0 -195 -981 -1
-1 0 1 0 -383 -924 -1
-1 0 1 0 -383 -924 -1
-1 0 0 0 -383 -924 -1
-1 0 0 0 -383 -924 -1
-1 1 1 0 707 707 -1
-1 0 0 0 707 707 -1
-1 0 1 0 0 -1000 -1
-1 0 0 0 0 -1000 -1
-1 0 1 0 -831 556 -1
-1 0 1 0 -831 556 -1
-1 0 0 0 -831 556 -1
-1 0 1 0 -383 -924 -1
-1 0 1 0 -383 -924 -1
-1 0 1 0 -383 -924 -1
-1 0 0 0 -383 -924 -1
-1 0 1 0 -383 924 -1
-1 0 1 0 -383 924 -1
-1 1 1 0 -383 924 -1
-1 0 1 0 -383 924 -1
-1 0 0 0 -383 924 -1
-1 1 0 0 -383 924 -1
-1 0 1 0 383 924 -1
-1 0 0 0 383 924 -1
-1 0 1 0 -995 98 -1
-1 0 1 0 -995 98 -1
-1 0 1 0 -995 98 -1
-1 0 1 0 -995 98 -1
-1 0 0 0 -995 98 -1
-1 0 1 0 195 981 -1
-1 0 1 0 195 981 -1
-1 0 0 0 195 981 -1
-1 0 1 0 -290 957 -1
-1 0 1 0 -290 957 -1
-1 1 1 0 -290 957 -1
-1 0 0 0 -290 957 -1
-1 0 0 0 -290 957 -1
-1 0 1 0 -383 924 -1
-1 0 1 0 -383 924 -1
-1 0 1 0 -383 924 -1
-1 0 1 0 -383 924 -1
-1 0 1 0 -383 924 -1
-1 0 0 0 -383 924 -1
-1 0 0 0 -383 924 -1
-1 0 1 0 -195 981 -1
-1 0 1 0 -195 981 -1
-1 0 0 0 -195 981 -1
-1 0 0 0 -195 981 -1
-1 0 1 0 924 383 -1
-1 0 0 0 924 383 -1
-1 0 1 0 -634 773 -1
-1 0 1 0 -634 773 -1
-1 0 1 0 -634 773 -1
-1 0 1 0 -634 773 -1
-1 0 1 0 -634 773 -1
-1 0 1 0 -634 773 -1
-1 0 1 0 -634 773 -1
-1 0 0 0 -634 773 -1
-1 0 1 0 0 1000 -1
-1 0 0 0 0 1000 -1
-1 0 1 0 -383 -924 -1
-1 0 1 0 -383 -924 -1
-1 0 0 0 -383 -924 -1
-1 0 1 0 -195 -981 -1
-1 0 0 0 -195 -981 -1
-1 0 1 0 -995 -98 -1
-1 0 1 0 -995 -98 -1
-1 0 1 0 -995 -98 -1
-1 0 1 0 -995 -98 -1
-1 0 1 0 -995 -98 -1
-1 0 0 0 -995 -98 -1
-1 0 1 0 -634 773 -1
-1 0 1 0 -634 773 -1
-1 0 1 0 -634 773 -1
-1 0 0 0 -634 773 -1
-1 0 1 0 -882 -471 -1
-1 0 0 0 -882 -471 -1
-1 0 1 0 -556 -831 -1
-1 0 1 0 -556 -831 -1
-1 0 0 0 -556 -831 -1
-1 0 1 0 -195 -981 -1
-1 0 0 0 -195 -981 -1
-1 0 1 0 634 773 -1
-1 0 0 0 634 773 -1
-1 0 1 0 -471 -882 -1
-1 0 1 0 -471 -882 -1
-1 0 1 0 -471 -882 -1
-1 0 1 0 -471 -882 -1
-1 0 0 0 -471 -882 -1
-1 0 0 0 -471 -882 -1
-1 0 1 0 -831 -556 -1
-1 0 1 0 -831 -556 -1
-1 0 1 0 -831 -556 -1
-1 0 1 0 -831 -556 -1
-1 0 1 0 -831 -556 -1
-1 0 1 0 -831 -556 -1
-1 0 1 0 -831 -556 -1
-1 0 1 0 -831 -556 -1
-1 0 1 0 -831 -556 -1
-1 0 1 0 -831 -556 -1
-1 0 1 0 -831 -556 -1
-1 0 1 0 -831 -556 -1
-1 0 1 0 -831 -556 -1
-1 0 0 0 -831 -556 -1
-1 0 0 0 -831 -556 -1
-1 0 1 0 -290 -957 -1
-1 0 1 0 -290 -957 -1
-1 0 0 0 -290 -957 -1
-1 0 1 0 -924 -383 -1
-1 0 1 0 -924 -383 -1
-1 0 0 0 -924 -383 -1
-1 1 1 0 -383 924 -1
-1 0 1 0 -383 924 -1
-1 0 1 0 -383 924 -1
-1 0 1 0 -383 924 -1
-1 0 1 0 -383 924 -1
-1 0 0 0 -383 924 -1
-1 0 1 0 634 773 -1
-1 0 1 0 634 773 -1
-1 0 1 0 634 773 -1
-1 0 1 0 634 773 -1
-1 0 0 0 634 773 -1
-1 0 1 0 -957 290 -1
-1 0 1 0 -957 290 -1
-1 0 0 0 -957 290 -1
-1 0 1 0 -383 924 -1
-1 0 1 0 -383 924 -1
-1 0 1 0 -383 924 -1
-1 0 1 0 -383 924 -1
-1 0 1 0 -383 924 -1
-1 0 0 0 -383 924 -1
-1 0 1 0 -556 831 -1
-1 0 1 0 -556 831 -1
-1 0 1 0 -556 831 -1
-1 0 0 0 -556 831 -1
-1 0 1 0 -957 290 -1
-1 0 1 0 -957 290 -1
-1 0 0 0 -957 290 -1
-1 0 1 0 957 -290 -1
-1 0 1 0 957 -290 -1
-1 0 0 0 957 -290 -1
-1 0 1 0 -924 383 -1
-1 0 0 0 -924 383 -1
-1 0 1 0 831 556 -1
-1 0 1 0 831 556 -1
-1 0 1 0 831 556 -1
-1 0 1 0 831 556 -1
-1 0 0 0 831 556 -1
-1 0 1 0 -383 -924 -1
-1 0 1 0 -383 -924 -1
-1 0 1 0 -383 -924 -1
-1 0 1 0 -383 -924 -1
-1 0 0 0 -383 -924 -1
-1 0 1 0 -634 -773 -1
-1 0 1 0 -634 -773 -1
-1 0 1 0 -634 -773 -1
-1 0 1 0 -634 -773 -1
-1 0 0 0 -634 -773 -1
-1 0 1 0 471 -882 -1
-1 0 1 0 471 -882 -1
-1 1 1 0 471 -882 -1
-1 0 1 0 471 -882 -1
-1 0 1 0 471 -882 -1
-1 0 1 0 471 -882 -1
-1 0 0 0 471 -882 -1
-1 0 1 0 707 -707 -1
-1 0 0 0 707 -707 -1
-1 0 1 0 471 -882 -1
1 0 1 0 471 -882 -1
-1 0 1 0 471 -882 -1
-1 0 0 0 471 -882 -1
-1 0 1 0 831 -556 -1
-1 0 1 0 831 -556 -1
-1 0 0 0 831 -556 -1
-1 0 1 0 -634 773 -1
-1 0 1 0 -634 773 -1
-1 0 1 0 -634 773 -1
-1 0 1 0 -634 773 -1
-1 0 0 0 -634 773 -1
-1 0 0 0 -634 773 -1
-1 0 1 0 -383 924 -1
-1 0 1 0 -383 924 -1
-1 0 1 0 -383 924 -1
-1 0 0 0 -383 924 -1
-1 0 0 0 -383 924 -1
-1 0 1 0 -556 831 -1
-1 0 1 0 -556 831 -1
-1 0 1 0 -556 831 -1
-1 0 0 0 -556 831 -1
-1 0 0 0 -556 831 -1
-1 0 1 0 195 -981 -1
-1 0 0 0 195 -981 -1
-1 0 1 0 290 957 -1
-1 0 0 0 290 957 -1
-1 0 1 0 -98 995 -1
-1 0 0 0 -98 995 -1
-1 0 1 0 -98 995 -1
-1 0 1 0 -98 995 -1
-1 0 0 0 -98 995 -1
-1 0 1 0 -882 -471 -1
-1 0 1 0 -882 -471 -1
-1 0 1 0 -882 -471 -1
-1 0 1 0 -882 -471 -1
-1 0 1 0 -882 -471 -1
-1 0 1 0 -882 -471 -1
-1 0 1 0 -882 -471 -1
-1 0 0 0 -882 -471 -1
-1 0 1 0 -773 -634 -1
-1 0 1 0 -773 -634 -1
-1 0 1 0 -773 -634 -1
-1 0 1 0 -773 -634 -1
-1 0 1 0 -773 -634 -1
-1 0 1 0 -773 -634 -1
-1 0 1 0 -773 -634 -1
-1 0 1 0 -773 -634 -1
-1 0 1 0 -773 -634 -1
-1 0 0 0 -773 -634 -1
-1 0 1 0 -471 882 -1
-1 0 1 0 -471 882 -1
-1 0 1 0 -471 882 -1
-1 0 0 0 -471 882 -1
-1 0 1 0 -471 882 -1
-1 0 1 0 -471 882 -1
-1 0 0 0 -471 882 -1
-1 0 1 0 -98 995 -1
-1 0 1 0 -98 995 -1
-1 0 1 0 -98 995 -1
-1 0 0 0 -98 995 -1
-1 0 1 0 98 995 -1
-1 0 0 0 98 995 -1
-1 0 1 0 -634 -773 -1
-1 0 1 0 -634 -773 -1
-1 0 0 0 -634 -773 -1
-1 0 1 0 -383 924 -1
-1 0 0 0 -383 924 -1
-1 0 0 0 -383 924 -1
-1 0 1 0 707 707 -1
-1 0 0 0 707 707 -1
-1 0 1 0 -471 -882 -1
-1 0 1 0 -471 -882 -1
-1 0 0 0 -471 -882 -1
-1 0 0 0 -471 -882 -1
-1 0 1 0 -471 -882 -1
-1 0 1 0 -471 -882 -1
-1 0 1 0 -471 -882 -1
-1 0 0 0 -471 -882 -1
-1 0 1 0 -290 -957 -1
-1 0 0 0 -290 -957 -1
-1 0 1 0 -556 -831 -1
-1 0 1 0 -556 -831 -1
-1 0 1 0 -556 -831 -1
-1 0 1 0 -556 -831 -1
-1 0 1 0 -556 -831 -1
-1 1 0 0 -556 -831 -1
-1 0 1 0 -707 707 -1
-1 0 1 0 -707 707 -1
-1 0 1 0 -707 707 -1
-1 0 1 0 -707 707 -1
-1 0 1 0 -707 707 -1
-1 0 1 0 -707 707 -1
-1 0 1 0 -707 707 -1
-1 0 1 0 -707 707 -1
-1 0 0 0 -707 707 -1
-1 0 1 0 -634 773 -1
-1 0 1 0 -634 773 -1
-1 0 1 0 -634 773 -1
-1 0 1 0 -634 773 -1
-1 0 1 0 -634 773 -1
-1 0 0 0 -634 773 -1
-1 0 1 0 -290 957 -1
-1 0 1 0 -290 957 -1
-1 0 1 0 -290 957 -1
-1 0 1 0 -290 957 -1
-1 0 0 0 -290 957 -1
-1 0 0 0 -290 957 -1
-1 0 1 0 -290 957 -1
-1 0 0 0 -290 957 -1
-1 0 1 0 98 -995 -1
-1 0 0 0 98 -995 -1
-1 0 1 0 -98 -995 -1
-1 0 1 0 -98 -995 -1
-1 0 0 0 -98 -995 -1
-1 0 0 0 -98 -995 -1
-1 0 1 0 773 634 -1
-1 0 1 0 773 634 -1
-1 0 0 0 773 634 -1
-1 0 1 0 -290 957 -1
-1 0 1 0 -290 957 -1
-1 0 1 0 -290 957 -1
-1 0 1 0 -290 957 -1
-1 0 0 0 -290 957 -1
-1 0 1 0 -290 957 -1
-1 0 1 0 -290 957 -1
-1 0 0 0 -290 957 -1
-1 0 1 0 -195 981 -1
-1 0 1 0 -195 981 -1
-1 0 0 0 -195 981 -1
-1 0 0 0 -195 981 -1
-1 0 1 0 290 957 -1
-1 0 1 0 290 957 -1
-1 0 0 0 290 957 -1
-1 0 1 0 -98 995 -1
-1 0 1 0 -98 995 -1
-1 0 1 0 -98 995 -1
-1 0 1 0 -98 995 -1
-1 0 1 0 -98 995 -1
-1 0 0 0 -98 995 -1
-1 0 0 0 -98 995 -1
-1 0 1 0 1000 0 -1
-1 0 1 0 1000 0 -1
-1 0 0 0 1000 0 -1
-1 0 1 0 -556 -831 -1
-1 0 0 0 -556 -831 -1
-1 0 1 0 -773 -634 -1
-1 0 1 0 -773 -634 -1
-1 0 1 0 -773 -634 -1
-1 0 1 0 -773 -634 -1
-1 0 1 0 -773 -634 -1
-1 1 0 0 -773 -634 -1
-1 0 0 0 -773 -634 -1
-1 0 1 0 -98 995 -1
-1 0 0 0 -98 995 -1
-1 0 1 0 -195 981 -1
-1 0 1 0 -195 981 -1
-1 0 0 0 -195 981 -1
-1 0 1 0 -195 981 -1
-1 0 1 0 -195 981 -1
-1 0 1 0 -195 981 -1
-1 0 0 0 -195 981 -1
-1 0 1 0 957 290 -1
-1 0 1 0 957 290 -1
-1 0 0 0 957 290 -1
-1 0 1 0 -98 995 -1
-1 0 1 0 -98 995 -1
-1 0 0 0 -98 995 -1
-1 0 1 0 0 1000 -1
-1 0 1 0 0 1000 -1
-1 0 1 0 0 1000 -1
-1 0 0 0 0 1000 -1
-1 0 1 0 0 1000 -1
-1 0 1 0 0 1000 -1
-1 0 1 0 0 1000 -1
-1 0 0 0 0 1000 -1
-1 0 1 0 -773 -634 -1
-1 0 0 0 -773 -634 -1
-1 0 1 0 98 995 -1
-1 0 1 0 98 995 -1
-1 0 1 0 98 995 -1
-1 0 0 0 98 995 -1
-1 0 1 0 290 957 -1
-1 0 0 0 290 957 -1
-1 0 1 0 0 1000 -1
-1 0 1 0 0 1000 -1
-1 0 1 0 0 1000 -1
-1 0 1 0 0 1000 -1
-1 0 1 0 0 1000 -1
-1 0 1 0 0 1000 -1
-1 0 1 0 0 1000 -1
-1 0 1 0 0 1000 -1
0 0 0 0 0 1000 -1
1 0 1 0 556 831 -1
-1 0 1 0 556 831 -1
0 0 1 0 556 831 -1
1 0 1 0 556 831 -1
1 0 1 0 556 831 -1
0 0 1 0 556 831 -1
1 0 1 0 556 831 -1
1 0 1 0 556 831 -1
1 0 1 0 556 831 -1
1 0 1 0 556 831 -1
1 0 1 0 556 831 -1
1 0 1 0 556 831 -1
1 0 1 0 556 831 -1
1 0 1 0 556 831 -1
1 0 0 0 556 831 -1
1 0 1 0 634 -773 -1
1 0 1 0 634 -773 -1
1 0 0 0 634 -773 -1
1 0 1 0 882 -471 -1
1 0 1 0 882 -471 -1
1 0 0 0 882 -471 -1
1 0 1 0 195 981 -1
1 0 1 0 195 981 -1
1 0 1 0 195 981 -1
1 0 1 0 195 981 -1
1 0 0 0 195 981 -1
1 0 0 0 195 981 -1
1 0 1 0 383 -924 -1
1 0 1 0 383 -924 -1
1 0 0 0 383 -924 -1
1 0 0 0 383 -924 -1
1 0 1 0 707 -707 -1
1 0 1 0 707 -707 -1
1 0 1 0 707 -707 -1
1 0 0 0 707 -707 -1
1 0 1 0 556 -831 -1
1 0 1 0 556 -831 -1
1 0 1 0 556 -831 -1
1 0 1 0 556 -831 -1
1 0 1 0 556 -831 -1
1 1 1 0 556 -831 -1
1 0 0 0 556 -831 -1
1 0 1 0 383 -924 -1
1 1 0 0 383 -924 -1
1 0 1 0 383 -924 -1
1 0 0 0 383 -924 -1
1 0 1 0 290 957 -1
1 0 1 0 290 957 -1
1 0 1 0 290 957 -1
1 0 1 0 290 957 -1
1 1 0 0 290 957 -1
1 0 1 0 -195 -981 -1
1 0 1 0 -195 -981 -1
1 0 1 0 -195 -981 -1
1 0 1 0 -195 -981 -1
1 0 0 0 -195 -981 -1
1 0 1 0 773 -634 -1
1 0 1 0 773 -634 -1
1 0 1 0 773 -634 -1
1 0 0 0 773 -634 -1
1 0 1 0 0 1000 -1
1 0 1 0 0 1000 -1
1 0 1 0 0 1000 -1
1 0 1 0 0 1000 -1
1 0 0 0 0 1000 -1
1 0 1 0 -981 -195 -1
1 0 1 0 -981 -195 -1
1 0 0 0 -981 -195 -1
1 0 1 0 98 995 -1
1 0 0 0 98 995 -1
1 0 1 0 634 773 -1
1 0 1 0 634 773 -1
1 0 1 0 634 773 -1
1 0 1 0 634 773 -1
1 0 0 0 634 773 -1
1 0 1 0 924 383 -1
1 0 1 0 924 383 -1
1 0 0 0 924 383 -1
1 0 1 0 471 882 -1
1 1 1 0 471 882 -1
1 0 1 0 471 882 -1
1 0 1 0 471 882 -1
1 0 0 0 471 882 -1
1 0 1 0 290 957 -1
1 0 1 0 290 957 -1
1 0 1 0 290 957 -1
1 0 0 0 290 957 -1
1 0 1 0 957 290 -1
1 0 0 0 957 290 -1
1 0 1 0 195 981 -1
1 0 1 0 195 981 -1
1 0 1 0 195 981 -1
1 0 1 0 195 981 -1
1 0 0 0 195 981 -1
1 0 0 0 195 981 -1
1 0 1 0 556 -831 -1
1 0 1 0 556 -831 -1
1 0 0 0 556 -831 -1
1 0 1 0 556 831 -1
1 0 1 0 556 831 -1
1 0 1 0 556 831 -1
1 0 1 0 556 831 -1
1 0 1 0 556 831 -1
1 0 0 0 556 831 -1
1 0 1 0 -924 -383 -1
1 0 1 0 -924 -383 -1
1 0 1 0 -924 -383 -1
1 0 1 0 -924 -383 -1
1 0 1 0 -924 -383 -1
1 0 1 0 -924 -383 -1
1 0 0 0 -924 -383 -1
1 0 1 0 195 -981 -1
1 0 0 0 195 -981 -1
1 0 1 0 556 831 -1
1 0 1 0 556 831 -1
1 0 0 0 556 831 -1
1 0 1 0 634 773 -1
1 0 1 0 634 773 -1
1 0 1 0 634 773 -1
1 0 0 0 634 773 -1
1 0 1 0 773 -634 -1
1 0 1 0 773 -634 -1
1 0 1 0 773 -634 -1
1 0 1 0 773 -634 -1
1 0 1 0 773 -634 -1
1 0 0 0 773 -634 -1
1 0 0 0 773 -634 -1
1 0 1 0 773 -634 -1
1 0 1 0 773 -634 -1
1 0 1 0 773 -634 -1
1 0 1 0 773 -634 -1
1 0 1 0 773 -634 -1
1 0 1 0 773 -634 -1
1 0 1 0 773 -634 -1
1 0 1 0 773 -634 -1
1 0 1 0 773 -634 -1
1 0 1 0 773 -634 -1
1 0 1 0 773 -634 -1
1 1 0 0 773 -634 -1
1 0 1 0 -995 98 -1
1 0 0 0 -995 98 -1
1 0 1 0 -383 -924 -1
1 0 1 0 -383 -924 -1
1 0 0 0 -383 -924 -1
1 0 1 0 831 556 -1
1 0 1 0 831 556 -1
1 0 1 0 831 556 -1
1 0 1 0 831 556 -1
1 0 1 0 831 556 -1
1 0 1 0 831 556 -1
1 0 1 0 831 556 -1
1 0 0 0 831 556 -1
1 0 1 0 -556 831 -1
1 0 1 0 -556 831 -1
1 0 1 0 -556 831 -1
1 0 0 0 -556 831 -1
1 0 1 0 556 -831 -1
1 0 0 0 556 -831 -1
1 0 1 0 -195 -981 -1
1 1 1 0 -195 -981 -1
1 0 1 0 -195 -981 -1
1 0 0 0 -195 -981 -1
1 0 1 0 -831 -556 -1
1 0 0 0 -831 -556 -1
1 0 1 0 98 995 -1
1 0 0 0 98 995 -1
1 0 1 0 195 -981 -1
1 0 1 0 195 -981 -1
1 0 1 0 195 -981 -1
1 0 0 0 195 -981 -1
1 0 1 0 -634 -773 -1
1 0 0 0 -634 -773 -1
1 0 1 0 -634 -773 -1
1 0 0 0 -634 -773 -1
1 0 0 0 -634 -773 -1
1 0 1 0 -471 -882 -1
1 0 1 0 -471 -882 -1
1 0 1 0 -471 -882 -1
1 0 1 0 -471 -882 -1
1 0 0 0 -471 -882 -1
1 0 0 0 -471 -882 -1
1 0 1 0 -98 995 -1
1 0 1 0 -98 995 -1
1 0 0 0 -98 995 -1
1 0 0 0 -98 995 -1
1 0 1 0 882 -471 -1
1 0 1 0 882 -471 -1
1 0 1 0 882 -471 -1
1 0 1 0 882 -471 -1
1 0 1 0 882 -471 -1
0 0 0 0 882 -471 -1
-1 0 1 0 -98 995 -1
1 0 0 0 -98 995 -1
1 0 1 0 -195 981 -1
1 0 1 0 -195 981 -1
1 0 1 0 -195 981 -1
1 0 1 0 -195 981 -1
1 0 1 0 -195 981 -1
1 0 1 0 -195 981 -1
1 0 0 0 -195 981 -1
1 0 1 0 -383 924 -1
1 0 1 0 -383 924 -1
1 0 1 0 -383 924 -1
1 0 1 0 -383 924 -1
1 0 1 0 -383 924 -1
-1 0 1 0 -383 924 -1
0 0 0 0 -383 924 -1
0 0 0 0 -383 924 -1
1 0 1 0 957 -290 -1
1 0 1 0 957 -290 -1
1 0 1 0 957 -290 -1
1 0 0 0 957 -290 -1
0 0 1 0 882 -471 -1
1 0 1 0 882 -471 -1
1 0 0 0 882 -471 -1
1 0 1 0 634 -773 -1
1 0 0 0 634 -773 -1
1 0 1 0 634 -773 -1
1 0 1 0 634 -773 -1
1 0 0 0 634 -773 -1
1 0 0 0 634 -773 -1
1 0 1 0 471 -882 -1
1 0 0 0 471 -882 -1
1 0 1 0 383 -924 -1
1 0 0 0 383 -924 -1
1 0 1 0 290 -957 -1
1 0 0 0 290 -957 -1
1 0 0 0 290 -957 -1
1 0 1 0 195 -981 -1
1 0 0 0 195 -981 -1
1 0 0 0 195 -981 -1
1 0 1 0 471 -882 -1
1 0 1 0 471 -882 -1
1 0 1 0 471 -882 -1
1 0 1 0 471 -882 -1
1 0 0 0 471 -882 -1
1 0 0 0 471 -882 -1
1 0 1 0 634 773 -1
1 0 1 0 634 773 -1
1 0 1 0 634 773 -1
1 0 1 0 634 773 -1
1 0 1 0 634 773 -1
1 0 1 0 634 773 -1
1 0 0 0 634 773 -1
1 0 1 0 -290 957 -1
1 0 0 0 -290 957 -1
1 0 1 0 195 981 -1
1 0 1 0 195 981 -1
1 0 1 0 195 981 -1
1 0 1 0 195 981 -1
1 0 1 0 195 981 -1
1 0 0 0 195 981 -1
1 0 0 0 195 981 -1
1 0 1 0 -924 383 -1
1 0 0 0 -924 383 -1
1 0 1 0 -98 995 -1
1 0 0 0 -98 995 -1
1 0 1 0 98 -995 -1
1 0 1 0 98 -995 -1
1 0 0 0 98 -995 -1
1 0 1 0 0 1000 -1
1 0 1 0 0 1000 -1
1 0 0 0 0 1000 -1
1 0 0 0 0 1000 -1
1 0 1 0 831 -556 -1
1 0 1 0 831 -556 -1
1 0 1 0 831 -556 -1
1 0 0 0 831 -556 -1
1 0 1 0 -98 995 -1
1 0 1 0 -98 995 -1
1 0 1 0 -98 995 -1
1 0 0 0 -98 995 -1
1 0 1 0 -634 773 -1
-1 0 1 0 -634 773 -1
-1 0 1 0 -634 773 -1
1 0 0 0 -634 773 -1
1 0 1 0 981 195 -1
1 0 1 0 981 195 -1
1 0 0 0 981 195 -1
1 0 1 0 -981 -195 -1
-1 0 1 0 -981 -195 -1
-1 0 1 0 -981 -195 -1
1 0 1 0 -981 -195 -1
-1 0 1 0 -981 -195 -1
-1 1 1 0 -981 -195 -1
-1 0 1 0 -981 -195 3
-1 0 1 0 -981 -195 3
-1 0 1 0 -981 -195 3
0 0 1 0 -981 -195 3
-1 0 0 0 -981 -195 3
-1 0 1 0 981 195 3
-1 0 0 0 981 195 3
-1 0 1 0 -882 -471 3
0 0 1 0 -882 -471 3
-1 0 0 0 -882 -471 3
1 0 1 0 -981 -195 3
1 0 1 0 -981 -195 3
-1 0 1 1 103 -995 3
-1 0 0 0 -981 -195 3
0 0 0 0 -981 -195 3
-1 0 1 0 882 -471 3
0 1 1 0 882 -471 3
1 0 1 0 882 -471 3
-1 0 1 0 882 -471 3
-1 0 0 0 882 -471 3
-1 0 1 0 924 -383 3
0 0 0 0 924 -383 3
-1 0 1 0 -556 -831 3
0 0 1 0 -556 -831 3
0 0 1 0 -556 -831 3
-1 0 1 0 -556 -831 3
-1 0 0 0 -556 -831 3
0 0 1 0 924 -383 3
0 0 1 0 924 -383 3
0 0 0 0 924 -383 3
-1 0 1 0 957 -290 3
0 0 0 0 957 -290 3
0 0 1 0 -831 -556 3
1 0 1 0 -831 -556 3
1 0 0 0 -831 -556 3
1 0 1 0 957 290 3
1 0 0 0 957 290 3
0 0 1 0 957 290 3
1 0 0 0 957 290 3
1 0 1 0 471 882 3
1 0 1 0 471 882 3
1 0 0 0 471 882 3
1 0 1 0 981 195 3
-1 0 1 0 981 195 3
1 0 0 0 981 195 3
0 0 1 0 707 707 3
0 0 1 0 707 707 3
0 0 1 0 707 707 3
1 0 0 0 707 707 3
0 0 1 0 290 957 3
1 0 0 1 -52 -999 3
1 0 1 0 383 924 3
1 0 0 0 383 924 3
1 0 1 0 831 556 3
1 0 0 0 831 556 3
1 0 0 0 831 556 3
1 0 1 0 98 995 3
1 0 1 0 98 995 3
1 0 0 0 98 995 3
1 0 1 0 195 981 3
1 0 1 0 195 981 3
1 0 1 0 195 981 3
1 0 1 0 195 981 3
1 0 1 0 195 981 3
1 0 0 0 195 981 3
1 0 0 0 195 981 3
1 0 1 0 290 -957 3
1 0 0 0 290 -957 3
1 0 1 0 556 -831 3
1 0 1 0 556 -831 3
1 0 1 0 556 -831 3
1 0 1 0 556 -831 3
1 0 1 0 556 -831 3
1 0 1 0 556 -831 3
1 0 1 0 556 -831 3
1 0 1 0 556 -831 3
1 0 1 1 -924 383 3
1 0 1 0 -924 383 3
1 0 0 0 -924 383 3
1 0 0 0 -924 383 3
1 0 1 0 -471 882 3
1 0 0 0 -471 882 3
1 0 1 0 98 -995 3
1 0 1 0 98 -995 3
1 0 1 0 98 -995 3
1 0 1 0 98 -995 3
1 0 0 0 98 -995 3
1 0 1 0 195 981 3
1 0 1 0 195 981 3
1 0 0 0 195 981 3
1 0 1 0 924 383 3
1 0 1 0 924 383 3
1 0 1 0 924 383 3
1 0 0 0 924 383 3
1 0 0 0 924 383 3
1 0 1 0 0 1000 3
1 0 0 0 0 1000 3
1 0 1 0 -131 -991 3
1 0 0 0 -131 -991 3
1 0 0 0 -131 -991 3
1 0 0 0 -131 -991 3
1 0 0 1 -471 882 3
1 0 0 0 -471 882 3
1 0 1 0 998 -65 3
1 0 0 0 998 -65 3
1 0 0 0 998 -65 3
1 0 0 0 998 -65 3
1 0 0 0 998 -65 3
1 0 1 0 -195 -981 3
1 1 1 0 -195 -981 3
1 1 1 0 -195 -981 3
1 1 1 0 -195 -981 3
1 1 1 0 -195 -981 3
1 1 1 0 -195 -981 3
1 1 1 0 -195 -981 3
1 1 0 0 -195 -981 3
1 1 1 0 -65 998 3
1 1 0 0 -65 998 3
1 1 0 0 -65 998 3
1 1 1 0 -659 -752 3
1 1 0 0 -659 -752 3
1 1 1 0 -659 -752 3
1 1 0 0 -659 -752 3
1 1 1 0 -831 -556 3
1 1 0 0 -831 -556 3
1 1 1 0 609 793 3
1 1 1 0 609 793 3
1 1 1 0 609 793 3
1 0 0 1 634 -773 3
1 0 1 0 442 897 3
1 0 1 0 442 897 3
1 0 1 0 442 897 3
1 0 0 0 442 897 3
1 0 1 0 195 981 3
1 0 0 0 195 981 3
1 0 0 0 195 981 3
1 0 0 0 195 981 3
1 0 1 0 -966 259 3
1 0 0 0 -966 259 3
1 0 0 0 -966 259 3
1 0 0 0 -966 259 3
1 0 0 0 -966 259 3
1 0 0 0 -966 259 3
1 0 0 0 -966 259 3
1 0 1 0 998 -65 3
1 0 0 0 998 -65 3
1 0 0 0 998 -65 3
1 0 1 0 897 -442 3
1 0 0 0 897 -442 3
1 0 1 0 321 947 3
1 0 0 0 321 947 3
1 0 0 0 321 947 3
1 0 0 0 321 947 3
1 0 0 1 707 707 3
1 0 1 0 659 -752 3
1 0 1 0 659 -752 3
1 0 1 0 659 -752 3
1 0 0 0 659 -752 3
1 0 1 0 -609 -793 3
1 0 0 0 -609 -793 3
1 0 1 0 659 -752 3
1 0 0 0 659 -752 3
1 0 1 0 0 -1000 3
1 0 1 0 0 -1000 3
1 0 0 0 0 -1000 3
1 0 1 0 -65 -998 3
1 0 1 0 -65 -998 3
1 0 0 0 -65 -998 3
1 0 1 0 -65 998 3
1 0 0 0 -65 998 3
1 0 0 0 -65 998 3
1 0 1 0 897 442 3
1 0 0 0 897 442 3
1 0 1 0 998 -65 3
1 0 0 0 998 -65 3
1 0 0 0 998 -65 3
-1 0 1 0 -321 947 3
1 0 0 0 -321 947 3
1 0 0 1 290 -957 3
1 0 1 0 -195 981 3
0 0 1 0 -195 981 3
0 0 1 0 -195 981 3
0 0 0 0 -195 981 3
0 0 1 0 -195 981 3
-1 0 1 0 -195 981 3
-1 0 1 0 -195 981 3
-1 0 0 0 -195 981 3
-1 0 1 0 -897 442 3
-1 0 1 0 -897 442 3
-1 0 1 0 -897 442 3
-1 0 1 0 -897 442 3
-1 0 1 0 -897 442 3
-1 0 1 0 -897 442 3
-1 0 0 0 -897 442 3
-1 0 1 0 -1000 0 3
0 0 1 0 -1000 0 3
-1 0 1 0 -1000 0 3
-1 0 1 0 -1000 0 3
-1 0 1 0 -1000 0 3
-1 0 0 0 -1000 0 3
-1 0 1 0 -752 -659 3
-1 0 1 0 -752 -659 3
-1 0 1 0 -752 -659 3
-1 0 1 0 -752 -659 3
-1 0 1 0 -752 -659 3
-1 0 0 1 957 290 3
-1 0 0 0 957 290 3
-1 0 1 0 -65 -998 3
-1 0 1 0 -65 -998 3
-1 0 0 0 -65 -998 3
-1 0 0 0 -65 -998 3
-1 0 1 0 -707 707 3
-1 0 0 0 -707 707 3
-1 0 0 0 -707 707 3
-1 0 1 0 -866 500 3
-1 0 0 0 -866 500 3
-1 0 0 0 -866 500 3
-1 0 1 0 -752 -659 3
-1 0 0 0 -752 -659 3
-1 0 0 0 -752 -659 3
-1 0 1 0 998 -65 3
-1 0 0 0 998 -65 3
-1 0 0 0 998 -65 3
-1 0 0 0 998 -65 3
-1 0 1 0 259 -966 3
-1 0 0 0 259 -966 3
-1 0 1 0 -259 -966 3
-1 0 1 0 -259 -966 3
-1 0 1 0 -259 -966 3
-1 0 1 0 -259 -966 3
-1 0 0 1 195 981 3
-1 0 1 0 -259 -966 3
-1 0 0 0 -259 -966 3
-1 0 0 0 -259 -966 3
-1 0 0 0 -259 -966 3
-1 0 1 0 947 -321 3
-1 0 0 0 947 -321 3
-1 0 0 0 947 -321 3
-1 0 1 0 981 195 3
-1 0 0 0 981 195 3
-1 0 0 0 981 195 3
-1 0 1 0 500 -866 3
-1 0 0 0 500 -866 3
-1 0 0 0 500 -866 3
-1 0 1 0 -383 -924 3
-1 0 1 0 -383 -924 3
-1 0 0 0 -383 -924 3
-1 0 0 0 -383 -924 3
-1 0 1 0 -259 966 3
-1 0 0 0 -259 966 3
-1 0 1 0 -752 659 3
-1 0 0 0 -752 659 3
-1 0 1 0 609 793 3
-1 0 0 0 609 793 3
-1 0 1 0 966 259 3
-1 0 0 1 556 -831 3
-1 0 1 0 -609 -793 3
-1 0 0 0 -609 -793 3
-1 0 0 0 -609 -793 3
-1 1 1 0 -259 966 3
-1 1 1 0 -259 966 3
-1 1 1 0 -259 966 3
-1 1 1 0 -259 966 3
-1 1 1 0 -259 966 3
-1 1 0 0 -259 966 3
-1 1 0 0 -259 966 3
-1 0 1 0 -897 442 3
-1 0 0 0 -897 442 3
-1 0 0 0 -897 442 3
-1 0 1 0 195 -981 3
-1 0 0 0 195 -981 3
-1 0 0 0 195 -981 3
-1 0 0 0 195 -981 3
-1 0 1 0 131 -991 3
-1 0 0 0 131 -991 3
-1 0 1 0 -500 866 3
-1 0 0 0 -500 866 3
-1 0 0 0 -500 866 3
-1 0 0 0 -500 866 3
-1 0 0 0 -500 866 3
-1 0 0 1 290 -957 3
-1 0 0 0 290 -957 3
-1 0 1 0 -924 -383 3
-1 0 0 0 -924 -383 3
-1 0 1 0 -556 -831 3
-1 0 0 0 -556 -831 3
-1 0 0 0 -556 -831 3
-1 0 0 0 -556 -831 3
-1 0 0 0 -556 -831 3
-1 0 1 0 -1000 0 3
-1 0 0 0 -1000 0 3
-1 0 1 0 -195 -981 3
-1 0 1 0 -195 -981 3
-1 0 0 0 -195 -981 3
-1 0 1 0 0 -1000 3
-1 0 0 0 0 -1000 3
-1 0 1 0 65 -998 3
-1 0 1 0 65 -998 3
-1 0 0 0 65 -998 3
-1 0 0 0 65 -998 3
-1 0 1 0 -65 -998 3
-1 0 0 0 -65 -998 3
-1 0 0 0 -65 -998 3
-1 0 0 0 -65 -998 3
-1 0 1 0 897 442 3
-1 0 0 1 0 -1000 3
-1 0 0 0 0 -1000 3
-1 0 0 0 0 -1000 3
-1 0 0 0 0 -1000 3
-1 0 0 0 0 -1000 3
1 0 0 0 0 -1000 3
0 0 1 0 556 831 3
0 0 0 0 556 831 3
-1 0 1 0 259 966 3
0 0 0 0 259 966 3
0 0 1 0 947 321 3
0 0 0 0 947 321 3
1 0 1 0 383 924 3
0 0 1 0 383 924 3
0 0 1 0 383 924 3
-1 0 1 0 383 924 3
0 0 1 0 383 924 3
0 0 0 0 383 924 3
1 0 1 0 966 259 3
0 0 0 0 966 259 3
-1 0 1 0 947 321 3
-1 0 0 0 947 321 3
-1 0 1 0 -866 -500 3
-1 0 0 0 -866 -500 3
-1 0 1 0 -831 -556 3
-1 0 0 1 0 1000 3
-1 0 1 0 -831 -556 3
-1 0 1 0 -831 -556 3
-1 0 1 0 -831 -556 3
-1 0 1 0 -831 -556 3
-1 0 1 0 -831 -556 3
-1 0 1 0 -831 -556 3
-1 0 1 0 -831 -556 3
-1 0 1 0 -831 -556 3
-1 0 0 0 -831 -556 3
-1 0 1 0 -752 -659 3
-1 1 0 0 -752 -659 3
-1 0 1 0 -65 998 3
-1 0 1 0 -65 998 3
-1 0 0 0 -65 998 3
-1 1 0 0 -65 998 3
-1 1 1 0 998 65 3
-1 1 0 0 998 65 3
-1 1 0 0 998 65 3
-1 1 0 0 998 65 3
-1 1 1 0 383 -924 3
-1 1 1 0 383 -924 3
-1 1 0 0 383 -924 3
-1 1 1 0 659 -752 3
-1 0 0 0 659 -752 3
-1 0 0 1 773 -634 3
-1 0 1 0 442 -897 3
-1 0 0 0 442 -897 3
-1 0 1 0 383 -924 3
-1 0 1 0 383 -924 3
-1 0 1 0 383 -924 3
-1 0 1 0 383 -924 3
-1 0 1 0 383 -924 3
-1 0 0 0 383 -924 3
-1 0 1 0 897 -442 3
-1 0 0 0 897 -442 3
-1 0 0 0 897 -442 3
-1 0 1 0 321 -947 3
-1 0 0 0 321 -947 3
-1 0 1 0 442 -897 3
-1 0 1 0 442 -897 3
-1 0 1 0 442 -897 3
-1 0 1 0 442 -897 3
-1 0 1 0 442 -897 3
-1 0 0 0 442 -897 3
-1 0 1 0 -321 -947 3
-1 0 0 0 -321 -947 3
-1 0 1 0 383 -924 3
-1 0 0 0 383 -924 3
-1 0 0 0 383 -924 3
-1 0 1 0 -195 -981 3
-1 0 0 0 -195 -981 3
-1 0 0 0 -195 -981 3
-1 0 0 0 -195 -981 3
-1 0 1 0 -65 998 3
-1 0 0 1 -290 957 3
-1 0 0 0 -290 957 3
-1 0 1 0 -981 -195 3
-1 0 0 0 -981 -195 3
-1 0 1 0 -924 -383 3
-1 0 0 0 -924 -383 3
-1 0 1 0 947 -321 3
-1 0 0 0 947 -321 3
-1 0 0 0 947 -321 3
-1 0 1 0 -195 981 3
-1 0 1 0 -195 981 3
-1 0 1 0 -195 981 3
-1 0 1 0 -195 981 3
-1 0 0 0 -195 981 3
-1 0 1 0 -442 897 3
-1 0 0 0 -442 897 3
-1 0 1 0 -65 998 3
-1 0 1 0 -65 998 3
0 0 1 0 -65 998 3
-1 0 0 0 -65 998 3
-1 0 0 0 -65 998 3
-1 0 0 0 -65 998 3
-1 0 1 0 0 1000 3
-1 0 0 0 0 1000 3
-1 0 1 0 -383 -924 3
-1 0 0 0 -383 -924 3
-1 0 1 0 793 -609 3
-1 0 0 0 793 -609 3
-1 0 1 0 383 -924 3
-1 0 1 0 383 -924 3
-1 0 0 1 471 -882 3
-1 0 0 0 471 -882 3
-1 0 0 0 471 -882 3
-1 0 1 0 981 195 3
-1 0 0 0 981 195 3
-1 0 0 0 981 195 3
-1 0 1 0 -500 -866 3
-1 0 1 0 -500 -866 3
-1 0 0 0 -500 -866 3
-1 0 1 0 -500 -866 3
-1 0 1 0 -500 -866 3
-1 0 1 0 -500 -866 3
-1 0 1 0 -500 -866 3
-1 0 0 0 -500 -866 3
-1 0 0 0 -500 -866 3
-1 0 1 0 998 -65 3
-1 0 0 0 998 -65 3
-1 0 1 0 -131 -991 3
-1 0 1 0 -131 -991 3
-1 0 0 0 -131 -991 3
-1 0 0 0 -131 -991 3
-1 0 1 0 924 -383 3
-1 0 0 0 924 -383 3
-1 0 1 0 -924 -383 3
-1 0 0 0 -924 -383 3
-1 0 0 1 882 471 3
-1 0 0 0 882 471 3
-1 0 1 0 -383 924 3
-1 1 0 0 -383 924 3
-1 0 0 0 -383 924 3
-1 0 1 0 -556 -831 3
-1 0 0 0 -556 -831 3
-1 0 1 0 966 -259 3
-1 0 0 0 966 -259 3
-1 0 1 0 -793 609 3
-1 0 0 0 -793 609 3
-1 0 1 0 -947 321 3
-1 0 0 0 -947 321 3
-1 0 0 0 -947 321 3
-1 0 1 0 -998 65 3
-1 0 0 0 -998 65 3
-1 0 0 0 -998 65 3
-1 0 1 0 -793 -609 3
-1 0 0 0 -793 -609 3
-1 0 1 0 65 998 3
-1 0 0 0 65 998 3
-1 0 0 0 65 998 3
-1 0 0 0 65 998 3
-1 0 1 0 -991 131 3
-1 0 0 0 -991 131 3
-1 0 0 1 471 882 3
-1 0 0 0 471 882 3
-1 0 0 0 471 882 3
-1 0 1 0 0 1000 3
-1 0 0 0 0 1000 3
-1 0 0 0 0 1000 3
-1 0 0 0 0 1000 3
-1 0 1 0 -321 -947 3
-1 0 0 0 -321 -947 3
-1 0 0 0 -321 -947 3
-1 0 1 0 -966 259 3
-1 0 0 0 -966 259 3
1 0 1 0 -793 609 3
-1 0 0 0 -793 609 3
-1 0 0 0 -793 609 3
-1 0 0 0 -793 609 3
-1 0 1 0 831 556 3
-1 0 0 0 831 556 3
-1 0 1 0 -500 -866 3
-1 0 0 0 -500 -866 3
-1 0 1 0 -924 383 3
-1 0 0 0 -924 383 3
-1 0 0 0 -924 383 3
-1 0 0 0 -924 383 3
-1 0 1 0 0 -1000 3
-1 0 0 1 -957 -290 3
-1 0 1 0 131 -991 3
-1 0 0 0 131 -991 3
-1 0 1 0 383 -924 3
-1 0 0 0 383 -924 3
-1 0 1 0 -65 -998 3
-1 0 0 0 -65 -998 3
-1 0 0 0 -65 -998 3
1 0 0 0 -65 -998 3
-1 0 0 0 -65 -998 3
-1 0 1 0 321 947 3
-1 0 0 0 321 947 3
-1 0 1 0 383 924 3
-1 0 0 0 383 924 3
-1 0 1 0 442 897 3
-1 0 0 0 442 897 3
-1 0 1 0 -65 998 3
-1 0 1 0 -65 998 3
-1 0 0 0 -65 998 3
0 0 0 0 -65 998 3
0 0 1 0 442 897 3
0 0 1 0 442 897 3
-1 0 1 0 442 897 3
-1 0 1 0 442 897 3
1 0 0 0 442 897 3
1 0 0 1 -290 957 3
1 0 1 0 556 831 3
0 0 1 0 556 831 3
0 0 1 0 556 831 3
-1 0 1 0 556 831 3
-1 0 1 0 556 831 3
-1 0 1 0 556 831 3
0 0 0 0 556 831 3
0 0 1 0 947 321 3
1 0 1 0 947 321 3
1 0 1 0 947 321 3
1 0 1 0 947 321 3
1 0 1 0 947 321 3
1 0 1 0 947 321 3
1 0 0 0 947 321 3
1 0 1 0 866 -500 3
1 0 0 0 866 -500 3
1 0 0 0 866 -500 3
1 0 0 0 866 -500 3
1 0 1 0 831 -556 3
1 0 1 0 831 -556 3
1 1 0 0 831 -556 3
1 1 1 0 -259 -966 3
-1 1 1 0 -259 -966 3
1 1 1 0 -259 -966 3
0 1 1 0 -259 -966 3
0 1 1 0 -259 -966 3
1 0 0 1 -924 -383 3
1 0 1 0 -866 -500 3
1 0 0 0 -866 -500 3
1 0 1 0 -831 -556 3
0 0 1 0 -831 -556 3
1 0 1 0 -831 -556 3
1 0 0 0 -831 -556 3
1 0 1 0 659 752 3
1 0 0 0 659 752 3
1 0 1 0 -866 500 3
1 0 0 0 -866 500 3
1 0 1 0 -259 -966 3
1 0 0 0 -259 -966 3
1 0 1 0 556 -831 3
1 0 0 0 556 -831 3
1 0 0 0 556 -831 3
1 0 0 0 556 -831 3
1 0 1 0 195 981 3
1 0 1 0 195 981 3
-1 0 1 0 195 981 3
0 0 1 0 195 981 3
-1 0 1 0 195 981 3
0 0 0 0 195 981 3
-1 0 0 0 195 981 3
0 0 1 0 924 383 3
1 0 1 0 924 383 3
1 0 1 0 924 383 3
0 0 1 0 924 383 3
1 0 1 0 924 383 3
-1 0 0 0 924 383 3
1 0 1 0 556 831 3
1 0 0 1 -556 831 3
1 0 0 0 -556 831 3
1 0 0 0 -556 831 3
1 0 1 0 -65 998 3
1 0 0 0 -65 998 3
1 0 0 0 -65 998 3
1 0 1 0 0 1000 3
1 0 0 0 0 1000 3
1 0 1 0 383 -924 3
1 0 0 0 383 -924 3
1 0 1 0 -947 321 3
1 0 0 0 -947 321 3
1 0 1 0 65 -998 3
1 0 0 0 65 -998 3
1 0 0 0 65 -998 3
1 0 1 0 131 -991 3
1 0 1 0 131 -991 3
1 0 0 0 131 -991 3
1 0 0 0 131 -991 3
1 0 1 0 707 -707 3
1 1 0 0 707 -707 3
1 1 1 0 -981 195 3
1 1 0 0 -981 195 3
1 1 1 0 793 -609 3
1 1 0 0 793 -609 3
1 0 0 1 707 -707 3
1 0 1 0 866 500 3
1 0 1 0 866 500 3
1 0 1 0 866 500 3
1 0 1 0 866 500 3
1 0 1 0 866 500 3
1 0 1 0 866 500 3
1 0 1 0 866 500 3
1 0 1 0 866 500 3
1 0 1 0 866 500 3
1 0 1 0 866 500 3
1 0 1 0 866 500 3
1 0 1 0 866 500 3
1 0 1 0 866 500 3
1 0 1 0 866 500 3
1 0 0 0 866 500 3
1 0 1 0 947 -321 3
1 0 0 0 947 -321 3
1 0 1 0 131 -991 3
1 0 1 0 131 -991 3
1 0 0 0 131 -991 3
1 0 0 0 131 -991 3
1 0 1 0 752 659 3
1 0 0 0 752 659 3
1 0 1 0 -131 991 3
1 0 0 1 195 -981 3
1 0 0 0 195 -981 3
-1 0 1 0 -947 321 3
0 0 0 0 -947 321 3
1 0 0 0 -947 321 3
1 0 1 0 383 -924 3
1 0 0 0 383 -924 3
1 0 1 0 259 -966 3
1 0 0 0 259 -966 3
1 0 1 0 383 -924 3
1 0 1 0 383 -924 3
1 0 1 0 383 -924 3
1 0 1 0 383 -924 3
1 0 0 0 383 -924 3
1 0 0 0 383 -924 3
1 0 0 0 383 -924 3
1 0 1 0 -195 981 3
1 0 0 0 -195 981 3
1 0 1 0 -321 947 3
1 0 1 0 -321 947 3
1 0 0 0 -321 947 3
1 0 1 0 -259 966 3
1 0 1 0 -259 966 3
1 0 1 0 -259 966 3
1 0 0 0 -259 966 3
0 0 0 1 556 -831 3
1 0 1 0 -556 831 3
0 0 1 0 -556 831 3
1 0 0 0 -556 831 3
1 0 1 0 500 -866 3
1 0 0 0 500 -866 3
1 0 0 0 500 -866 3
0 0 1 0 924 -383 3
1 0 1 0 924 -383 3
1 0 1 0 924 -383 3
1 0 0 0 924 -383 3
0 0 1 0 866 -500 3
1 0 1 0 866 -500 3
1 0 1 0 866 -500 3
1 0 0 0 866 -500 3
1 0 1 0 556 -831 3
1 0 1 0 556 -831 3
1 0 1 0 556 -831 3
1 0 1 0 556 -831 3
1 0 0 0 556 -831 3
1 0 1 0 442 -897 3
1 0 1 0 442 -897 3
1 0 1 0 442 -897 3
1 0 0 0 442 -897 3
1 0 1 0 65 -998 3
1 0 0 1 -98 -995 3
1 0 1 0 383 -924 3
1 0 1 0 383 -924 3
1 0 1 0 383 -924 3
1 0 0 0 383 -924 3
1 0 1 0 131 -991 3
1 0 1 0 131 -991 3
1 0 0 0 131 -991 3
1 0 0 0 131 -991 3
1 1 1 0 -500 -866 3
1 1 1 0 -500 -866 3
1 1 0 0 -500 -866 3
1 1 1 0 -609 -793 3
0 1 1 0 -609 -793 3
-1 1 0 0 -609 -793 3
0 1 1 0 -752 -659 3
-1 1 1 0 -752 -659 3
1 1 1 0 -752 -659 3
1 1 0 0 -752 -659 3
1 1 1 0 -831 -556 3
1 1 1 0 -831 -556 3
1 1 1 0 -831 -556 3
0 1 1 0 -831 -556 3
1 1 1 0 -831 -556 3
-1 1 1 0 -831 -556 3
0 0 0 1 882 471 3
-1 0 0 0 882 471 3
-1 0 1 0 65 998 3
-1 0 0 0 65 998 3
1 0 0 0 65 998 3
1 0 1 0 1000 0 3
1 0 0 0 1000 0 3
1 0 0 0 1000 0 3
1 0 1 0 -752 -659 3
-1 0 0 0 -752 -659 3
1 0 1 0 831 -556 3
1 0 0 0 831 -556 3
1 0 0 0 831 -556 3
1 0 0 0 831 -556 3
1 0 0 0 831 -556 3
1 0 1 0 707 707 3
1 0 1 0 707 707 3
1 0 1 0 707 707 3
1 0 1 0 707 707 3
1 0 1 0 707 707 3
1 0 1 0 707 707 3
1 0 1 0 707 707 3
1 0 0 0 707 707 3
1 0 0 0 707 707 3
1 0 1 0 259 966 3
1 0 1 0 259 966 3
1 0 1 0 259 966 3
1 0 0 0 259 966 3
1 0 1 0 -998 65 3
1 0 0 0 -998 65 3
1 0 1 0 0 1000 3
1 0 0 1 -290 -957 3
1 0 0 0 -290 -957 3
1 0 1 0 -65 998 3
1 0 0 0 -65 998 3
1 0 1 0 707 707 3
1 0 0 0 707 707 3
1 0 1 0 -752 659 3
1 0 0 0 -752 659 3
1 0 0 0 -752 659 3
1 0 1 0 752 -659 3
1 0 0 0 752 -659 3
1 0 1 0 442 897 3
1 0 0 0 442 897 3
1 0 1 0 -321 947 3
1 0 0 0 -321 947 3
1 0 0 0 -321 947 3
1 0 0 0 -321 947 3
1 0 1 0 -659 -752 3
1 0 0 0 -659 -752 3
1 0 1 0 556 -831 3
1 0 0 0 556 -831 3
1 0 0 0 556 -831 3
1 0 0 0 556 -831 3
1 0 1 0 500 866 3
1 0 0 0 500 866 3
1 0 1 0 -195 -981 3
1 0 0 1 383 924 3
1 0 1 0 -442 -897 3
1 0 0 0 -442 -897 3
1 0 1 0 793 -609 3
1 0 1 0 793 -609 3
1 0 1 0 793 -609 3
1 0 1 0 793 -609 3
1 0 1 0 793 -609 3
1 0 1 0 793 -609 3
1 0 0 0 793 -609 3
1 0 0 0 793 -609 3
1 0 1 0 259 966 3
1 0 0 0 259 966 3
1 0 1 0 -866 -500 3
1 0 0 0 -866 -500 3
1 0 0 0 -866 -500 3
1 0 0 0 -866 -500 3
1 0 0 0 -866 -500 3
1 0 1 0 -947 -321 3
1 0 0 0 -947 -321 3
1 0 0 0 -947 -321 3
1 0 1 0 383 -924 3
1 0 0 0 383 -924 3
1 0 1 0 259 -966 3
1 0 1 0 259 -966 3
1 0 1 0 259 -966 3
1 0 0 1 -290 -957 3
1 0 1 0 131 -991 3
1 0 0 0 131 -991 3
1 0 1 0 195 -981 3
1 0 0 0 195 -981 3
1 0 1 0 195 -981 3
1 0 0 0 195 -981 3
1 0 1 0 195 -981 3
1 0 1 0 195 -981 3
1 0 1 0 195 -981 3
1 0 0 0 195 -981 3
1 0 1 0 -65 -998 3
1 0 0 0 -65 -998 3
1 0 1 0 -65 -998 3
1 0 0 0 -65 -998 3
1 0 1 0 -65 -998 3
1 0 1 0 -65 -998 3
1 0 0 0 -65 -998 3
1 0 0 0 -65 -998 3
1 0 1 0 500 866 3
1 0 0 0 500 866 3
1 0 0 0 500 866 3
1 0 1 0 -442 -897 3
1 0 0 0 -442 -897 3
1 0 1 0 831 -556 3
1 0 0 0 831 -556 3
1 0 0 0 831 -556 3
1 0 0 1 -471 -882 3
1 0 0 0 -471 -882 3
1 0 1 0 -131 -991 3
1 1 1 0 -131 -991 3
1 1 1 0 -131 -991 3
1 1 0 0 -131 -991 3
1 0 1 0 -383 -924 3
1 0 1 0 -383 -924 3
1 0 1 0 -383 -924 3
1 0 1 0 -383 -924 3
1 0 0 0 -383 -924 3
1 0 0 0 -383 -924 3
1 0 1 0 -383 -924 3
-1 0 1 0 -383 -924 3
1 0 1 0 -383 -924 3
1 0 1 0 -383 -924 3
1 0 1 0 -383 -924 3
1 0 0 0 -383 -924 3
1 0 1 0 -383 924 3
1 0 0 0 -383 924 3
1 0 1 0 500 -866 3
1 0 1 0 500 -866 3
1 0 0 0 500 -866 3
1 0 1 0 195 981 3
1 0 1 0 195 981 3
1 0 1 0 195 981 3
1 0 0 0 195 981 3
1 0 1 0 -383 924 3
1 0 0 0 -383 924 3
1 0 1 0 65 998 3
1 0 1 0 65 998 3
1 0 0 0 65 998 3
1 0 1 0 -65 998 3
1 0 0 0 -65 998 3
1 0 1 0 65 998 3
1 0 0 0 65 998 3
1 0 1 0 -991 131 3
1 0 0 0 -991 131 3
1 0 1 0 65 998 3
1 0 0 0 65 998 3
1 0 0 1 831 -556 3
1 0 1 0 -131 -991 3
1 0 1 0 -131 -991 3
1 0 1 0 -131 -991 3
1 0 1 0 -131 -991 3
1 0 0 0 -131 -991 3
1 0 1 0 383 924 3
1 0 1 0 383 924 3
1 0 1 0 383 924 3
1 0 1 0 383 924 3
1 0 1 0 383 924 3
1 0 0 0 383 924 3
1 0 1 0 897 442 3
1 0 0 0 897 442 3
1 0 0 0 897 442 3
1 0 1 0 -259 -966 3
1 0 0 0 -259 -966 3
1 0 1 0 659 -752 3
1 0 0 0 659 -752 3
1 0 1 0 707 -707 3
1 0 0 0 707 -707 3
1 0 1 0 500 -866 3
1 0 0 0 500 -866 3
1 0 1 0 321 -947 3
1 0 0 0 321 -947 3
1 0 1 0 -793 -609 3
1 0 0 0 -793 -609 3
1 0 0 0 -793 -609 3
1 0 0 0 -793 -609 3
1 0 0 0 -793 -609 3
1 0 0 1 831 556 3
1 0 1 0 752 -659 3
1 0 0 0 752 -659 3
1 0 0 0 752 -659 3
1 0 1 0 659 -752 3
1 0 1 0 659 -752 3
1 0 1 0 659 -752 3
1 0 1 0 659 -752 3
1 0 1 0 659 -752 3
1 0 1 0 659 -752 3
1 1 1 0 659 -752 3
1 1 0 0 659 -752 3
1 0 0 0 659 -752 3
1 0 0 0 659 -752 3
1 0 1 0 259 -966 3
1 0 0 0 259 -966 3
1 0 0 0 259 -966 3
1 0 1 0 866 500 3
1 0 0 0 866 500 3
1 0 0 0 866 500 3
1 0 1 0 65 998 3
1 0 0 0 65 998 3
1 0 1 0 0 1000 3
1 0 0 0 0 1000 3
1 0 1 0 0 1000 3
1 0 0 1 -383 924 3
1 0 1 0 -65 998 3
1 0 0 0 -65 998 3
1 0 0 0 -65 998 3
1 0 0 0 -65 998 3
1 0 1 0 -195 981 3
1 0 0 0 -195 981 3
1 0 1 0 0 1000 3
1 0 1 0 0 1000 3
1 0 0 0 0 1000 3
1 0 1 0 -65 998 3
1 0 1 0 -65 998 3
1 0 0 0 -65 998 3
1 0 0 0 -65 998 3
1 0 1 0 -195 981 3
1 0 0 0 -195 981 3
1 0 0 0 -195 981 3
1 0 1 0 998 -65 3
1 0 0 0 998 -65 3
1 0 1 0 -65 998 3
1 0 0 0 -65 998 3
1 0 1 0 -131 991 3
-1 0 0 0 -131 991 3
1 0 1 0 -500 866 3
1 0 0 0 -500 866 3
0 0 1 0 -195 981 3
-1 0 1 0 -195 981 3
0 0 1 0 -195 981 3
0 0 1 0 -195 981 3
-1 0 1 0 -195 981 3
-1 0 1 0 -195 981 3
-1 0 1 0 -195 981 3
-1 0 0 0 -195 981 3
-1 0 1 0 -752 659 3
-1 0 1 0 -752 659 3
-1 0 1 0 -752 659 3
-1 0 1 0 -752 659 3
0 0 0 0 -752 659 3
-1 0 0 0 -752 659 3
-1 0 1 0 -383 924 3
-1 0 0 0 -383 924 3
-1 0 0 1 195 981 3
-1 0 1 0 195 981 3
-1 0 1 0 195 981 3
0 0 0 0 195 981 3
-1 0 1 0 -947 -321 3
-1 0 1 0 -947 -321 3
-1 0 1 0 -947 -321 3
-1 0 1 0 -947 -321 3
-1 0 1 0 -947 -321 3
-1 0 1 0 -947 -321 3
-1 0 0 0 -947 -321 3
-1 0 1 0 -321 -947 3
-1 0 0 0 -321 -947 3
-1 0 1 0 -383 -924 3
-1 0 1 0 -383 -924 3
-1 0 1 0 -383 -924 3
-1 0 1 0 -383 -924 3
-1 0 1 0 -383 -924 3
-1 0 0 0 -383 -924 3
-1 0 0 0 -383 -924 3
-1 0 1 0 0 -1000 3
-1 0 1 0 0 -1000 3
-1 0 0 0 0 -1000 3
-1 0 0 0 0 -1000 3
-1 0 1 0 609 -793 3
-1 0 0 1 831 556 3
-1 0 0 0 831 556 3
-1 0 1 0 0 1000 3
-1 0 1 0 0 1000 3
-1 0 1 0 0 1000 3
-1 0 0 0 0 1000 3
-1 0 0 0 0 1000 3
-1 0 1 0 752 659 3
-1 0 0 0 752 659 3
1 0 0 0 752 659 3
-1 0 1 0 -831 -556 3
-1 0 0 0 -831 -556 3
-1 0 1 0 -947 321 3
-1 0 0 0 -947 321 3
-1 0 1 0 793 -609 3
-1 0 0 0 793 -609 3
-1 0 0 0 793 -609 3
-1 0 0 0 793 -609 3
-1 0 0 0 793 -609 3
-1 0 1 0 259 -966 3
-1 0 1 0 259 -966 3
1 0 0 0 259 -966 3
-1 0 0 0 259 -966 3
-1 0 1 0 -131 -991 3
-1 0 0 0 -131 -991 3
-1 0 1 0 195 981 3
-1 0 0 1 707 707 3
-1 0 0 0 707 707 3
-1 0 1 0 556 831 3
-1 0 0 0 556 831 3
-1 0 0 0 556 831 3
-1 0 0 0 556 831 3
-1 0 0 0 556 831 3
-1 0 1 0 707 707 3
-1 0 0 0 707 707 3
-1 0 1 0 -991 -131 3
-1 0 0 0 -991 -131 3
-1 0 1 0 -65 -998 3
-1 0 0 0 -65 -998 3
-1 0 0 0 -65 -998 3
-1 0 1 0 65 -998 3
-1 0 1 0 65 -998 3
-1 0 0 0 65 -998 3
-1 0 1 0 -981 195 3
-1 0 0 0 -981 195 3
-1 0 1 0 -383 -924 3
-1 0 1 0 -383 -924 3
-1 0 0 0 -383 -924 3
-1 0 0 0 -383 -924 3
-1 0 1 0 65 998 3
-1 0 0 0 65 998 3
-1 0 0 1 471 -882 3
-1 0 0 0 471 -882 3
-1 0 1 0 0 -1000 3
-1 0 0 0 0 -1000 3
-1 0 1 0 0 -1000 3
-1 0 0 0 0 -1000 3
-1 0 0 0 0 -1000 3
-1 0 1 0 -131 -991 3
-1 0 1 0 -131 -991 3
-1 0 1 0 -131 -991 3
-1 0 0 0 -131 -991 3
-1 0 0 0 -131 -991 3
-1 0 0 0 -131 -991 3
-1 0 0 0 -131 -991 3
-1 0 1 0 -609 793 3
-1 0 0 0 -609 793 3
-1 0 1 0 -259 966 3
-1 0 0 0 -259 966 3
-1 1 0 0 -259 966 3
-1 1 0 0 -259 966 3
-1 0 1 0 -659 -752 3
-1 0 0 0 -659 -752 3
-1 0 1 0 -259 966 3
-1 0 1 0 -259 966 3
-1 0 0 0 -259 966 3
-1 0 0 1 -924 -383 3
-1 0 1 0 752 -659 3
-1 0 0 0 752 -659 3
-1 0 1 0 -65 998 3
-1 0 1 0 -65 998 3
-1 0 0 0 -65 998 3
-1 0 1 0 659 752 3
-1 0 1 0 659 752 3
-1 0 0 0 659 752 3
-1 0 1 0 -609 793 3
-1 0 0 0 -609 793 3
-1 0 0 0 -609 793 3
-1 0 1 0 259 966 3
-1 0 0 0 259 966 3
-1 0 1 0 866 500 3
-1 0 0 0 866 500 3
-1 0 0 0 866 500 3
-1 0 0 0 866 500 3
-1 0 1 0 -259 966 3
-1 0 1 0 -259 966 3
-1 0 0 0 -259 966 3
-1 0 1 0 -383 -924 3
-1 0 0 0 -383 -924 3
-1 0 0 0 -383 -924 3
-1 0 0 0 -383 -924 3
-1 0 0 0 -383 -924 3
-1 0 1 0 -383 -924 3
-1 0 0 1 -995 98 3
-1 0 1 0 -897 -442 3
-1 0 1 0 -897 -442 3
-1 0 1 0 -897 -442 3
-1 0 1 0 -897 -442 3
-1 0 1 0 -897 -442 3
-1 0 0 0 -897 -442 3
-1 0 1 0 0 -1000 3
-1 0 0 0 0 -1000 3
-1 0 1 0 -259 -966 3
-1 0 1 0 -259 -966 3
-1 0 0 0 -259 -966 3
-1 0 1 0 131 -991 3
-1 0 1 0 131 -991 3
-1 0 0 0 131 -991 3
-1 0 1 0 -752 659 3
-1 0 0 0 -752 659 3
-1 0 1 0 -659 -752 3
-1 0 0 0 -659 -752 3
-1 0 0 0 -659 -752 3
-1 0 1 0 -65 -998 3
-1 0 1 0 -65 -998 3
-1 0 1 0 -65 -998 3
-1 0 0 0 -65 -998 3
-1 0 1 0 131 991 3
-1 0 0 1 98 -995 3
-1 0 1 0 -752 -659 3
-1 0 0 0 -752 -659 3
-1 0 1 0 -924 -383 3
-1 0 0 0 -924 -383 3
-1 0 1 0 -897 -442 3
-1 0 0 0 -897 -442 3
-1 0 1 0 -793 609 3
-1 0 0 0 -793 609 3
-1 0 1 0 0 -1000 3
-1 0 0 0 0 -1000 3
-1 0 0 0 0 -1000 3
-1 0 1 0 -897 442 3
-1 0 0 0 -897 442 3
-1 0 0 0 -897 442 3
-1 0 1 0 259 -966 3
1 1 1 0 259 -966 3
-1 1 1 0 259 -966 3
1 1 1 0 259 -966 3
-1 1 1 0 259 -966 3
-1 1 1 0 259 -966 3
0 1 1 0 259 -966 3
0 1 1 0 259 -966 3
1 1 0 0 259 -966 3
1 1 1 0 752 -659 3
0 1 1 0 752 -659 3
0 1 1 0 752 -659 3
0 1 1 0 752 -659 3
0 0 0 1 -882 471 3
0 0 0 0 -882 471 3
-1 0 0 0 -882 471 3
-1 0 0 0 -882 471 3
-1 0 1 0 -442 897 3
-1 0 1 0 -442 897 3
-1 0 1 0 -442 897 3
-1 0 1 0 -442 897 3
-1 0 1 0 -442 897 3
-1 0 0 0 -442 897 3
1 0 1 0 947 321 3
-1 0 0 0 947 321 3
-1 0 1 0 -500 866 3
-1 0 1 0 -500 866 3
-1 0 0 0 -500 866 3
-1 0 1 0 -259 966 3
0 0 1 0 -259 966 3
-1 0 1 0 -259 966 3
-1 0 1 0 -259 966 3
-1 0 1 0 -259 966 3
-1 0 1 0 -259 966 3
-1 0 0 0 -259 966 3
-1 0 1 0 -556 831 3
0 0 1 0 -556 831 3
-1 0 1 0 -556 831 3
-1 0 1 0 -556 831 3
-1 0 1 0 -556 831 3
-1 0 1 0 -556 831 3
1 0 1 0 -556 831 3
-1 0 0 0 -556 831 3
-1 0 1 0 -131 991 3
-1 0 1 0 -131 991 3
-1 0 1 0 -131 991 3
-1 0 1 0 -131 991 3
-1 0 1 0 -131 991 3
0 0 0 0 -131 991 3
0 0 1 0 259 966 3
-1 0 1 0 259 966 3
-1 0 1 0 259 966 3
-1 0 1 0 259 966 3
-1 0 1 0 259 966 3
-1 0 0 0 259 966 3
-1 0 1 0 897 442 3
-1 0 0 0 897 442 3
-1 0 1 0 924 383 3
1 0 1 0 924 383 3
-1 0 0 0 924 383 3
-1 0 0 1 1000 0 3
-1 0 1 0 -752 659 3
-1 0 0 0 -752 659 3
-1 0 1 0 -966 -259 3
0 0 1 0 -966 -259 3
-1 0 1 0 -966 -259 3
-1 0 1 0 -966 -259 3
-1 0 0 0 -966 -259 3
-1 0 1 0 -609 -793 3
-1 0 0 0 -609 -793 3
-1 0 1 0 -321 -947 3
-1 0 0 0 -321 -947 3
-1 0 0 0 -321 -947 3
-1 0 1 0 -556 -831 3
-1 0 1 0 -556 -831 3
-1 0 0 0 -556 -831 3
-1 0 1 0 -500 -866 3
-1 0 0 0 -500 -866 3
-1 0 1 0 -442 -897 3
-1 0 1 0 -442 -897 3
-1 0 1 0 -442 -897 3
-1 0 0 0 -442 -897 3
-1 0 1 0 -195 -981 3
-1 0 1 0 -195 -981 3
-1 0 0 0 -195 -981 3
-1 0 1 0 -65 -998 3
-1 0 1 0 -65 -998 3
-1 0 1 0 -65 -998 3
-1 0 0 0 -65 -998 3
-1 0 0 0 -65 -998 3
-1 0 0 1 471 -882 3
-1 0 0 0 471 -882 3
-1 0 0 0 471 -882 3
-1 0 0 0 471 -882 3
-1 0 0 0 471 -882 3
-1 0 1 0 -981 -195 3
-1 0 0 0 -981 -195 3
-1 0 1 0 -609 -793 3
-1 0 0 0 -609 -793 3
-1 0 0 0 -609 -793 3
-1 0 1 0 -793 609 3
-1 0 0 0 -793 609 3
-1 0 0 0 -793 609 3
-1 0 0 0 -793 609 3
-1 0 0 0 -793 609 3
-1 0 1 0 0 -1000 3
-1 0 0 0 0 -1000 3
-1 1 1 0 556 -831 3
-1 1 0 0 556 -831 3
-1 1 1 0 500 -866 3
-1 1 1 0 500 -866 3
-1 1 0 0 500 -866 3
-1 0 1 0 500 -866 3
-1 0 1 0 500 -866 3
-1 0 1 0 500 -866 3
-1 0 0 1 195 981 3
-1 0 0 0 195 981 3
-1 0 1 0 -609 -793 3
1 0 0 0 -609 -793 3
-1 0 0 0 -609 -793 3
-1 0 1 0 -500 866 3
-1 0 1 0 -500 866 3
-1 0 0 0 -500 866 3
-1 0 1 0 -195 981 3
-1 1 0 0 -195 981 3
-1 1 0 0 -195 981 3
-1 1 1 0 -998 65 3
-1 1 0 0 -998 65 3
-1 1 0 0 -998 65 3
-1 0 0 0 -998 65 3
-1 0 0 0 -998 65 3
-1 0 0 0 -998 65 3
-1 0 1 0 195 -981 3
-1 0 0 0 195 -981 3
-1 0 0 0 195 -981 3
-1 0 1 0 831 556 3
1 0 0 0 831 556 3
-1 0 1 0 442 -897 3
-1 0 0 0 442 -897 3
-1 0 1 0 383 -924 3
-1 0 1 0 383 -924 3
0 0 0 0 383 -924 3
0 0 1 0 609 -793 3
-1 0 1 0 609 -793 3
-1 0 0 0 609 -793 3
1 0 1 0 659 -752 3
0 0 1 0 659 -752 3
0 0 1 0 659 -752 3
-1 0 0 1 924 -383 3
-1 0 1 0 -383 924 3
-1 0 0 0 -383 924 3
-1 0 1 0 -195 981 3
-1 0 0 0 -195 981 3
-1 0 1 0 -195 981 3
-1 0 1 0 -195 981 3
-1 0 0 0 -195 981 3
-1 0 0 0 -195 981 3
-1 0 1 0 -131 991 3
-1 0 0 0 -131 991 3
-1 0 1 0 -65 998 3
-1 0 0 0 -65 998 3
-1 0 1 0 0 1000 3
-1 0 0 0 0 1000 3
-1 0 1 0 0 1000 3
-1 0 0 0 0 1000 3
-1 0 1 0 65 998 3
-1 0 0 0 65 998 3
-1 0 1 0 65 998 3
-1 0 0 0 65 998 3
-1 0 1 0 131 991 3
-1 0 1 0 131 991 3
-1 0 1 0 131 991 3
-1 0 0 0 131 991 3
-1 0 1 0 195 981 3
-1 0 0 0 195 981 3
-1 0 1 0 259 966 3
-1 0 1 0 259 966 3
-1 0 0 0 259 966 3
-1 0 1 0 321 947 3
-1 0 1 0 321 947 3
-1 0 0 1 981 195 3
0 0 1 0 556 831 3
-1 0 1 0 556 831 3
-1 0 0 0 556 831 3
-1 0 1 0 -500 -866 3
-1 0 0 0 -500 -866 3
-1 0 0 0 -500 -866 3
-1 0 1 0 131 -991 3
-1 0 1 0 131 -991 3
-1 0 0 0 131 -991 3
-1 0 0 0 131 -991 3
-1 0 1 0 500 866 3
-1 0 0 0 500 866 3
-1 0 1 0 -752 -659 3
-1 0 0 0 -752 -659 3
-1 0 1 0 -707 -707 3
-1 0 0 0 -707 -707 3
-1 0 1 0 -659 -752 3
-1 0 0 0 -659 -752 3
-1 0 0 0 -659 -752 3
-1 0 1 0 -500 -866 3
-1 0 0 0 -500 -866 3
-1 0 0 0 -500 -866 3
-1 0 1 0 -924 383 3
-1 0 0 0 -924 383 3
-1 0 0 1 195 981 3
-1 0 1 0 131 991 3
-1 0 1 0 131 991 3
-1 0 1 0 131 991 3
-1 0 0 0 131 991 3
-1 0 1 0 -752 -659 3
-1 0 0 0 -752 -659 3
-1 0 1 0 383 924 3
-1 0 0 0 383 924 3
-1 0 0 0 383 924 3
-1 0 1 0 609 793 3
0 0 1 0 609 793 3
1 0 1 0 609 793 3
1 0 0 0 609 793 3
1 0 1 0 752 659 3
1 0 1 0 752 659 3
1 0 0 0 752 659 3
-1 0 1 0 897 442 3
0 0 0 0 897 442 3
1 0 1 0 981 195 3
1 0 1 0 981 195 3
1 0 1 0 981 195 3
1 0 0 0 981 195 3
1 0 1 0 924 -383 3
1 0 0 0 924 -383 3
1 0 0 0 924 -383 3
1 0 1 0 866 -500 3
0 0 0 0 866 -500 3
0 0 0 0 866 -500 3
1 0 1 0 707 -707 3
1 0 0 1 0 1000 3
1 0 1 0 752 -659 3
1 0 1 0 752 -659 3
1 0 1 0 752 -659 3
1 0 1 0 752 -659 3
1 0 0 0 752 -659 3
1 0 1 0 609 -793 3
1 0 1 0 609 -793 3
1 0 1 0 609 -793 3
1 0 1 0 609 -793 3
1 0 1 0 609 -793 3
1 0 1 0 609 -793 3
1 0 1 0 609 -793 3
1 0 0 0 609 -793 3
1 0 0 0 609 -793 3
1 0 1 0 -1000 0 3
1 0 0 0 -1000 0 3
1 0 0 0 -1000 0 3
1 0 1 0 897 442 3
1 0 0 0 897 442 3
1 0 1 0 321 947 3
1 0 0 0 321 947 3
1 0 1 0 -707 707 3
1 0 0 0 -707 707 3
1 0 1 0 -793 -609 3
1 1 0 0 -793 -609 3
1 0 0 1 981 -195 3
1 0 1 0 383 924 3
1 0 1 0 383 924 3
1 0 1 0 383 924 3
1 0 1 0 383 924 3
1 0 1 0 383 924 3
1 0 0 0 383 924 3
1 0 1 0 -831 556 3
1 1 0 0 -831 556 3
1 1 1 0 -831 -556 3
1 1 0 0 -831 -556 3
1 1 0 0 -831 -556 3
1 0 0 0 -831 -556 3
1 0 0 0 -831 -556 3
1 0 1 0 -500 -866 3
1 0 1 0 -500 -866 3
1 0 0 0 -500 -866 3
1 0 0 0 -500 -866 3
1 0 0 0 -500 -866 3
1 0 1 0 556 -831 3
1 0 0 0 556 -831 3
1 0 0 0 556 -831 3
1 0 1 0 -659 -752 3
1 0 0 0 -659 -752 3
1 0 0 0 -659 -752 3
1 0 0 1 773 -634 3
1 0 1 0 321 947 3
1 0 1 0 321 947 3
1 0 1 0 321 947 3
1 0 1 0 321 947 3
1 0 0 0 321 947 3
1 0 0 0 321 947 3
1 0 1 0 -998 65 3
1 0 0 0 -998 65 3
1 0 0 0 -998 65 3
1 0 0 0 -998 65 3
1 0 0 0 -998 65 3
1 0 0 0 -998 65 3
1 0 1 0 609 -793 3
1 0 1 0 609 -793 3
1 0 0 0 609 -793 3
1 0 1 0 998 -65 3
1 0 0 0 998 -65 3
1 0 1 0 383 -924 3
1 0 0 0 383 -924 3
1 0 1 0 831 -556 3
1 0 0 0 831 -556 3
1 0 1 0 383 -924 3
1 0 1 0 383 -924 3
1 0 0 0 383 -924 3
1 0 1 0 831 -556 3
1 0 0 1 882 471 3
1 0 0 0 882 471 3
1 0 1 0 659 -752 3
1 0 0 0 659 -752 3
1 0 0 0 659 -752 3
1 0 1 0 -383 -924 3
1 1 1 0 -383 -924 3
1 1 1 0 -383 -924 3
1 1 0 0 -383 -924 3
1 1 0 0 -383 -924 3
1 1 1 0 981 195 3
1 0 0 0 981 195 3
1 0 1 0 991 -131 3
1 0 0 0 991 -131 3
1 0 1 0 -556 -831 3
1 0 0 0 -556 -831 3
1 0 0 0 -556 -831 3
1 0 1 0 -556 -831 3
1 0 0 0 -556 -831 3
1 0 1 0 -752 -659 3
1 0 0 0 -752 -659 3
1 0 1 0 321 947 3
-1 0 1 0 321 947 3
1 0 0 0 321 947 3
1 0 0 0 321 947 3
1 0 0 1 924 -383 3
1 0 0 0 924 -383 3
1 0 0 0 924 -383 3
1 0 1 0 259 -966 3
-1 0 1 0 259 -966 3
1 0 0 0 259 -966 3
1 0 0 0 259 -966 3
1 0 0 0 259 -966 3
1 0 0 0 259 -966 3
1 0 1 0 -65 -998 3
-1 0 1 0 -65 -998 3
-1 1 1 0 -65 -998 3
1 1 1 0 -65 -998 3
0 1 1 0 -65 -998 3
1 1 1 0 -65 -998 3
1 1 1 0 -65 -998 3
1 1 1 0 -65 -998 3
1 1 0 0 -65 -998 3
0 1 1 0 -897 -442 3
1 1 1 0 -897 -442 3
1 1 0 0 -897 -442 3
1 1 1 0 -981 -195 3
1 1 0 0 -981 -195 3
1 1 0 0 -981 -195 3
0 1 0 0 -981 -195 3
1 0 1 0 500 866 3
0 1 1 0 500 866 3
1 0 1 0 500 866 3
1 0 0 1 -471 -882 3
-1 0 1 0 131 991 3
-1 0 1 0 131 991 3
1 0 1 0 131 991 3
1 0 1 0 131 991 3
1 0 0 0 131 991 3
0 0 1 0 195 981 3
1 0 1 0 195 981 3
0 0 1 0 195 981 3
0 0 1 0 195 981 3
1 0 1 0 195 981 3
1 0 0 0 195 981 3
1 0 1 0 -556 831 3
0 0 0 0 -556 831 3
1 0 1 0 1000 0 3
1 0 0 0 1000 0 3
1 0 1 0 -609 -793 3
1 0 0 0 -609 -793 3
1 0 1 0 752 -659 3
1 0 1 0 752 -659 3
1 0 0 0 752 -659 3
1 0 1 0 -659 -752 3
1 0 0 0 -659 -752 3
1 0 0 0 -659 -752 3
1 0 1 0 442 -897 3
1 0 0 1 -995 98 3
1 0 1 0 981 -195 3
1 0 0 0 981 -195 3
1 0 1 0 195 -981 3
1 0 0 0 195 -981 3
1 0 0 0 195 -981 3
1 0 1 0 924 383 3
1 0 0 0 924 383 3
1 0 1 0 383 -924 3
1 0 0 0 383 -924 3
1 0 1 0 442 -897 3
1 0 1 0 442 -897 3
1 0 1 0 442 -897 3
1 0 0 0 442 -897 3
1 0 0 0 442 -897 3
1 0 1 0 793 -609 3
1 0 0 0 793 -609 3
1 0 1 0 831 556 3
1 0 0 0 831 556 3
1 0 0 0 831 556 3
1 0 1 0 -65 998 3
1 0 1 0 -65 998 3
1 0 0 0 -65 998 3
1 0 1 0 259 -966 3
1 0 1 0 259 -966 3
1 0 1 0 259 -966 3
1 0 0 0 259 -966 3
1 0 1 0 793 609 3
1 0 0 0 793 609 3
1 0 0 1 -924 383 3
1 0 1 0 -556 -831 3
1 0 0 0 -556 -831 3
1 0 1 0 -259 -966 3
1 0 1 0 -259 -966 3
1 0 0 0 -259 -966 3
1 0 1 0 -65 998 3
1 0 0 0 -65 998 3
1 0 0 0 -65 998 3
1 0 0 0 -65 998 3
1 0 0 0 -65 998 3
1 0 0 0 -65 998 3
1 0 0 0 -65 998 3
1 0 0 0 -65 998 3
1 0 1 0 65 -998 3
1 0 0 0 65 -998 3
1 0 0 0 65 -998 3
1 1 1 0 -442 -897 3
1 1 0 0 -442 -897 3
1 1 1 0 -500 -866 3
1 1 0 0 -500 -866 3
1 1 1 0 -659 -752 3
1 1 0 0 -659 -752 3
1 1 0 0 -659 -752 3
1 0 0 0 -659 -752 3
1 0 0 1 -556 -831 3
1 0 0 0 -556 -831 3
1 0 1 0 259 966 3
1 0 0 0 259 966 3
1 0 1 0 65 998 3
1 0 0 0 65 998 3
1 0 1 0 -442 897 3
1 0 0 0 -442 897 3
1 0 1 0 -321 -947 3
1 0 0 0 -321 -947 3
1 0 0 0 -321 -947 3
1 0 1 0 707 -707 3
1 0 0 0 707 -707 3
1 0 1 0 -383 -924 3
1 0 0 0 -383 -924 3
1 0 0 0 -383 -924 3
1 0 1 0 -321 -947 3
1 0 0 0 -321 -947 3
1 0 0 0 -321 -947 3
1 0 1 0 -321 -947 3
1 0 0 0 -321 -947 3
1 0 1 0 131 991 3
1 0 0 0 131 991 3
1 0 1 0 831 -556 3
1 0 0 0 831 -556 3
1 0 1 0 -321 947 3
1 0 0 0 -321 947 3
1 0 0 1 -957 -290 3
1 0 0 0 -957 -290 3
1 0 1 0 442 -897 3
1 0 0 0 442 -897 3
1 0 1 0 -998 -65 3
1 0 0 0 -998 -65 3
1 0 0 0 -998 -65 3
1 0 1 0 793 -609 3
1 0 0 0 793 -609 3
1 0 0 0 793 -609 3
1 0 0 0 793 -609 3
1 0 0 0 793 -609 3
1 0 0 0 793 -609 3
1 0 1 0 -609 -793 3
1 0 0 0 -609 -793 3
1 0 1 0 -131 -991 3
1 0 0 0 -131 -991 3
1 0 1 0 -131 -991 3
1 0 1 0 -131 -991 3
1 0 0 0 -131 -991 3
1 0 1 0 -831 -556 3
1 0 0 0 -831 -556 3
1 0 1 0 -195 981 3
1 0 1 0 -195 981 3
1 0 0 0 -195 981 3
1 0 0 1 290 957 3
1 0 1 0 500 866 3
1 0 0 0 500 866 3
1 0 1 0 -947 -321 3
1 0 0 0 -947 -321 3
1 0 1 0 659 752 3
1 0 1 0 659 752 3
1 0 1 0 659 752 3
1 0 1 0 659 752 3
1 0 0 0 659 752 3
1 0 1 0 -131 991 3
1 0 0 0 -131 991 3
1 0 1 0 -259 966 3
1 0 0 0 -259 966 3
1 0 1 0 -195 981 3
1 0 1 0 -195 981 3
1 0 1 0 -195 981 3
1 0 0 0 -195 981 3
1 0 1 0 -259 966 3
1 0 1 0 -259 966 3
1 0 0 0 -259 966 3
1 0 0 0 -259 966 3
1 0 1 0 321 -947 3
1 0 0 0 321 -947 3
1 0 1 0 321 -947 3
1 0 1 0 321 -947 3
1 0 0 0 321 -947 3
1 0 0 1 831 556 3
1 0 1 0 -1000 0 3
1 0 0 0 -1000 0 3
1 0 0 0 -1000 0 3
0 1 1 0 -659 -752 3
1 1 1 0 -659 -752 3
1 1 0 0 -659 -752 3
-1 1 1 0 -659 -752 3
1 1 1 0 -659 -752 3
0 1 1 0 -659 -752 3
-1 1 1 0 -659 -752 3
0 1 0 0 -659 -752 3
0 1 1 0 -924 -383 3
-1 1 1 0 -924 -383 3
-1 1 0 0 -924 -383 3
1 1 1 0 -947 321 3
1 0 0 0 -947 321 3
1 0 1 0 -998 -65 3
-1 0 1 0 -998 -65 3
0 0 1 0 -998 -65 3
-1 0 0 0 -998 -65 3
1 0 0 0 -998 -65 3
0 0 1 0 321 -947 3
0 0 0 0 321 -947 3
0 0 1 0 -195 -981 3
1 0 0 1 707 707 3
1 0 1 0 609 793 3
1 0 0 0 609 793 3
1 0 0 0 609 793 3
1 0 0 0 609 793 3
1 0 1 0 383 924 3
0 0 0 0 383 924 3
1 0 1 0 659 752 3
1 0 1 0 659 752 3
1 0 1 0 659 752 3
1 0 1 0 659 752 3
1 0 1 0 659 752 3
1 0 0 0 659 752 3
1 0 0 0 659 752 3
1 0 1 0 831 -556 3
1 0 0 0 831 -556 3
1 0 1 0 442 897 3
1 0 1 0 442 897 3
0 0 1 0 442 897 3
0 0 1 0 442 897 3
1 0 1 0 442 897 3
1 0 1 0 442 897 3
1 0 1 0 442 897 3
1 0 1 0 442 897 3
1 0 1 0 442 897 3
1 0 1 0 442 897 3
1 0 0 1 -634 -773 3
1 0 1 0 383 924 3
1 0 1 0 383 924 3
1 0 0 0 383 924 3
1 0 0 0 383 924 3
1 0 1 0 -947 -321 3
1 0 0 0 -947 -321 3
1 0 1 0 -65 998 3
1 0 0 0 -65 998 3
1 0 1 0 1000 0 3
1 0 0 0 1000 0 3
1 0 0 0 1000 0 3
1 0 0 0 1000 0 3
1 0 0 0 1000 0 3
1 0 0 0 1000 0 3
1 0 1 0 981 195 3
1 0 0 0 981 195 3
1 0 1 0 -321 -947 3
1 0 0 0 -321 -947 3
1 0 1 0 -793 609 3
-1 0 1 0 -793 609 3
-1 0 1 0 -793 609 3
-1 0 1 0 -793 609 3
-1 0 1 0 -793 609 3
-1 0 1 0 -793 609 3
-1 0 1 0 -793 609 3
-1 0 1 0 -793 609 3
-1 0 1 0 -793 609 3
-1 0 1 0 -793 609 3
-1 0 1 0 -793 609 3
-1 0 1 0 -793 609 3
-1 0 1 0 -793 609 3
-1 0 1 0 -793 609 3
-1 0 1 0 -793 609 3
-1 0 0 1 98 -995 3
-1 0 1 0 -195 981 3
-1 0 1 0 -195 981 3
-1 0 1 0 -195 981 3
-1 0 1 0 -195 981 3
1 0 1 0 -195 981 3
1 0 1 0 -195 981 3
1 0 1 0 -195 981 3
0 0 1 0 -195 981 3
-1 0 1 0 -195 981 3
-1 0 0 0 -195 981 3
1 0 0 0 -195 981 3
1 0 1 0 998 65 3
1 0 1 0 998 65 3
1 0 1 0 998 65 3
1 0 1 0 998 65 3
1 0 1 0 998 65 3
1 0 1 0 998 65 3
1 0 0 0 998 65 3
1 0 0 0 998 65 3
1 0 1 0 659 -752 3
1 0 0 0 659 -752 3
1 0 1 0 556 -831 3
1 0 0 0 556 -831 3
1 0 1 0 442 -897 3
1 0 0 0 442 -897 3
1 0 1 0 -897 442 3
1 0 0 0 -897 442 3
1 0 1 0 500 -866 3
1 0 0 0 500 -866 3
1 0 0 0 500 -866 3
-1 0 1 0 -947 321 3
-1 0 1 0 -947 321 3
-1 0 1 0 -947 321 3
1 0 1 0 -947 321 3
-1 0 1 0 -947 321 3
-1 0 1 0 -947 321 3
1 0 1 0 -947 321 3
-1 0 1 0 -947 321 3
-1 0 1 0 -947 321 3
-1 0 1 0 -947 321 3
0 0 1 0 -947 321 3
0 0 1 0 -947 321 3
-1 0 1 0 -947 321 3
-1 1 1 0 -947 321 3
-1 0 0 1 707 -707 3
-1 0 0 0 707 -707 3
-1 0 1 0 0 1000 3
-1 0 0 0 0 1000 3
-1 0 0 0 0 1000 3
-1 0 1 0 -998 65 3
-1 0 0 0 -998 65 3
-1 0 0 0 -998 65 3
-1 0 1 0 -866 500 3
-1 0 0 0 -866 500 3
-1 0 1 0 131 991 3
-1 0 0 0 131 991 3
-1 0 0 0 131 991 3
-1 0 1 0 131 991 3
-1 0 0 0 131 991 3
-1 0 1 0 321 947 3
-1 0 1 0 321 947 3
-1 0 1 0 321 947 3
1 0 1 0 321 947 3
1 0 1 0 321 947 3
1 0 0 0 321 947 3
1 0 1 0 897 442 3
1 0 1 0 897 442 3
1 0 1 0 897 442 3
1 0 1 0 897 442 3
1 0 1 0 897 442 3
1 0 1 0 897 442 3
1 0 1 0 897 442 3
1 0 1 0 897 442 3
1 0 0 0 897 442 3
1 0 1 0 752 -659 3
-1 0 1 0 752 -659 3
