1 0 1 0 -471 -882 -1
1 0 1 0 -471 -882 -1
1 0 1 0 -471 -882 -1
1 0 1 0 -471 -882 -1
1 0 1 0 -471 -882 -1
1 0 1 0 -471 -882 -1
1 0 1 0 -471 -882 -1
1 0 1 0 -471 -882 -1
1 0 0 0 -471 -882 -1
-1 0 1 0 -707 -707 -1
1 0 1 0 -707 -707 -1
1 0 0 0 -707 -707 -1
1 0 1 0 -773 -634 -1
0 0 1 0 -773 -634 -1
1 0 0 0 -773 -634 -1
1 0 1 0 770 639 -1
1 0 1 0 770 639 -1
1 0 1 0 770 639 -1
1 0 1 0 770 639 -1
1 0 1 0 770 639 -1
1 0 1 0 770 639 -1
1 0 1 0 770 639 -1
0 0 0 0 773 634 -1
0 0 1 0 981 -193 -1
0 0 1 0 981 -193 -1
1 0 0 0 981 -195 -1
1 0 1 0 94 996 -1
1 0 1 0 94 996 -1
1 0 1 0 94 996 -1
1 0 1 0 94 996 -1
1 0 1 0 94 996 -1
1 0 1 0 94 996 -1
1 0 1 0 94 996 -1
1 0 0 0 98 995 -1
1 0 1 0 995 -98 -1
1 0 1 0 995 -98 -1
1 0 0 0 995 -98 -1
1 0 1 0 882 -471 -1
1 0 0 0 882 -471 -1
1 0 1 0 956 -294 -1
1 0 0 0 882 -471 -1
1 0 1 0 995 -98 -1
1 0 1 0 995 -98 -1
1 0 1 0 995 -98 -1
1 0 0 0 995 -98 -1
1 0 1 0 766 -643 -1
1 0 1 0 766 -643 -1
1 0 1 0 766 -643 -1
1 0 1 0 766 -643 -1
1 0 0 0 773 -634 -1
1 0 1 0 -882 -471 -1
1 0 0 0 -882 -471 -1
1 0 1 0 880 -475 -1
1 0 1 0 880 -475 -1
1 0 1 0 880 -475 -1
1 0 1 0 880 -475 -1
1 0 1 0 880 -475 -1
1 0 1 0 880 -475 -1
1 0 1 0 880 -475 -1
1 0 1 0 880 -475 -1
1 0 1 0 880 -475 -1
1 0 1 0 880 -475 -1
1 0 1 0 880 -475 -1
1 0 1 0 880 -475 -1
1 0 1 0 880 -475 -1
1 0 1 0 880 -475 -1
1 0 1 0 880 -475 -1
1 0 1 0 880 -475 -1
1 0 1 0 880 -475 -1
1 0 0 0 882 -471 -1
1 1 0 0 882 -471 -1
1 1 0 0 882 -471 -1
1 0 1 0 131 991 -1
1 0 0 0 0 1 -1
1 0 1 0 105 995 -1
1 0 0 0 0 1 -1
1 0 1 0 83 997 -1
1 0 0 0 0 1 -1
1 0 1 0 57 998 -1
1 0 0 0 0 1 -1
1 0 1 0 35 999 -1
1 0 0 0 35 999 -1
1 0 1 0 -882 471 -1
1 0 0 0 -882 471 -1
1 0 0 0 -882 471 -1
1 0 1 0 98 -995 -1
1 0 0 0 98 -995 -1
1 0 1 0 195 -981 -1
1 0 1 0 195 -981 -1
1 0 1 0 195 -981 -1
1 0 0 0 195 -981 -1
1 0 1 0 882 471 -1
1 0 0 0 882 471 -1
1 0 1 0 195 -981 -1
1 0 1 0 195 -981 -1
1 0 1 0 195 -981 -1
1 0 0 0 195 -981 -1
1 0 1 0 -98 -995 -1
1 0 1 0 -98 -995 -1
1 0 0 0 -98 -995 -1
1 0 1 0 882 471 -1
1 0 1 0 882 471 -1
1 0 0 0 882 471 -1
1 0 1 0 -195 981 -1
1 0 0 0 -195 981 -1
1 0 1 0 995 -98 -1
1 0 1 0 995 -98 -1
1 0 1 0 995 -98 -1
1 0 1 0 995 -98 -1
1 0 0 0 995 -98 -1
1 0 1 0 -383 -924 -1
1 0 1 0 -383 -924 -1
1 0 0 0 -383 -924 -1
1 0 1 0 -882 471 -1
1 0 1 0 -882 471 -1
1 0 1 0 -882 471 -1
1 0 1 0 -882 471 -1
1 0 1 0 -882 471 -1
1 0 1 0 -882 471 -1
1 0 0 0 -882 471 -1
1 0 1 0 831 -556 -1
1 0 1 0 831 -556 -1
1 0 1 0 831 -556 -1
1 0 1 0 831 -556 -1
1 0 1 0 831 -556 -1
1 0 1 0 831 -556 -1
1 0 1 0 831 -556 -1
1 0 1 0 831 -556 -1
1 1 0 0 831 -556 -1
1 0 1 0 131 991 -1
1 0 0 0 131 991 -1
1 0 1 0 109 994 -1
1 0 0 0 109 994 -1
1 0 0 0 109 994 -1
1 0 1 0 290 957 -1
1 0 1 0 290 957 -1
1 0 1 0 290 957 -1
1 0 1 0 290 957 -1
1 0 0 0 290 957 -1
1 0 1 0 -556 831 -1
1 0 0 0 -556 831 -1
1 0 1 0 -957 -290 -1
1 0 0 0 -957 -290 -1
1 0 1 0 707 707 -1
1 0 1 0 707 707 -1
1 0 1 0 707 707 -1
1 0 1 0 707 707 -1
1 0 1 0 707 707 -1
1 1 1 0 707 707 -1
1 0 1 0 707 707 -1
1 0 1 0 707 707 -1
1 0 1 0 707 707 -1
1 0 1 0 707 707 -1
1 0 0 0 707 707 -1
1 0 0 0 707 707 -1
1 0 1 0 -471 882 -1
1 0 1 0 -471 882 -1
1 0 1 0 -471 882 -1
1 0 0 0 -471 882 -1
1 0 1 0 -773 -634 -1
1 0 1 0 -773 -634 -1
1 0 1 0 -773 -634 -1
1 0 1 0 -773 -634 -1
1 0 1 0 -773 -634 -1
1 0 1 0 -773 -634 -1
1 0 0 0 -773 -634 -1
1 0 1 0 290 -957 -1
1 0 1 0 290 -957 -1
1 0 1 0 290 -957 -1
1 0 1 0 290 -957 -1
1 0 0 0 290 -957 -1
1 0 1 0 471 -882 -1
1 0 1 0 471 -882 -1
1 0 0 0 471 -882 -1
1 0 1 0 995 98 -1
1 0 1 0 995 98 -1
1 0 0 0 995 98 -1
1 0 1 0 471 -882 -1
1 0 1 0 471 -882 -1
1 0 1 0 471 -882 -1
1 0 1 0 471 -882 -1
1 0 1 0 471 -882 -1
1 0 0 0 471 -882 -1
1 0 0 0 471 -882 -1
1 0 1 0 -773 634 -1
1 0 0 0 -773 634 -1
1 0 1 0 -882 -471 -1
1 0 1 0 -882 -471 -1
1 0 0 0 -882 -471 -1
1 0 1 0 957 -290 -1
1 0 0 0 957 -290 -1
1 0 1 0 -773 -634 -1
1 0 1 0 -773 -634 -1
1 0 0 0 -773 -634 -1
1 0 1 0 290 -957 -1
1 0 0 0 290 -957 -1
1 0 1 0 773 -634 -1
1 0 1 0 773 -634 -1
1 0 1 0 773 -634 -1
1 0 1 0 773 -634 -1
1 0 1 0 773 -634 -1
1 0 1 0 773 -634 -1
1 0 1 0 773 -634 -1
1 0 1 0 773 -634 -1
1 0 0 0 773 -634 -1
1 0 0 0 773 -634 -1
1 0 1 0 -882 471 -1
1 0 0 0 -882 471 -1
1 0 1 0 634 -773 -1
1 0 1 0 634 -773 -1
1 0 1 0 634 -773 -1
1 0 1 0 634 -773 -1
1 0 1 0 634 -773 -1
1 0 0 0 634 -773 -1
1 0 0 0 634 -773 -1
1 0 1 0 556 -831 -1
1 0 1 0 556 -831 -1
1 0 1 0 556 -831 -1
1 0 1 0 556 -831 -1
1 0 1 0 556 -831 -1
1 0 1 0 556 -831 -1
1 0 1 0 556 -831 -1
1 0 0 0 556 -831 -1
1 0 1 0 44 -999 -1
1 1 0 0 44 -999 -1
1 0 1 0 100 995 -1
1 0 0 0 100 995 -1
1 0 1 0 290 957 -1
1 0 1 0 290 957 -1
1 0 0 0 290 957 -1
1 0 0 0 290 957 -1
1 0 1 0 471 882 -1
1 0 1 0 471 882 -1
1 0 0 0 471 882 -1
1 0 1 0 -957 290 -1
1 0 1 0 -957 290 -1
1 0 1 0 -957 290 -1
1 0 0 0 -957 290 -1
1 0 1 0 471 -882 -1
1 0 1 0 471 -882 -1
1 0 1 0 471 -882 -1
1 0 1 0 471 -882 -1
1 0 1 0 471 -882 -1
1 0 0 0 471 -882 -1
1 0 1 0 981 -195 -1
1 0 1 0 981 -195 -1
1 0 1 0 981 -195 -1
1 0 1 0 981 -195 -1
1 0 1 0 981 -195 -1
1 0 1 0 981 -195 -1
1 0 1 0 981 -195 -1
1 0 1 0 981 -195 -1
1 0 0 0 981 -195 -1
1 0 1 0 -195 -981 -1
1 0 1 0 -195 -981 -1
1 0 0 0 -195 -981 -1
1 0 1 0 -471 882 -1
1 0 0 0 -471 882 -1
1 0 1 0 556 831 -1
1 0 0 0 556 831 -1
1 0 1 0 187 -982 -1
1 0 0 0 187 -982 -1
1 0 1 0 126 -992 -1
1 0 0 0 126 -992 -1
1 0 1 0 -290 957 -1
1 0 0 0 -290 957 -1
1 0 1 0 383 -924 -1
1 0 1 0 383 -924 -1
1 0 1 0 383 -924 -1
1 0 1 0 383 -924 -1
1 0 1 0 383 -924 -1
1 1 1 0 383 -924 -1
1 0 0 0 383 -924 -1
1 0 1 0 -924 -383 -1
1 0 0 0 -924 -383 -1
1 0 1 0 -98 -995 -1
1 0 1 0 -98 -995 -1
1 0 0 0 -98 -995 -1
1 0 1 0 383 924 -1
1 0 1 0 383 924 -1
1 0 1 0 383 924 -1
1 0 0 0 383 924 -1
1 1 1 0 383 924 -1
1 0 1 0 383 924 -1
1 0 1 0 383 924 -1
1 0 1 0 383 924 -1
1 0 0 0 383 924 -1
1 0 0 0 383 924 -1
1 0 1 0 957 -290 -1
1 0 0 0 957 -290 -1
1 0 1 0 -290 -957 -1
1 0 0 0 -290 -957 -1
1 0 1 0 383 924 -1
1 0 1 0 383 924 -1
1 0 1 0 383 924 -1
1 0 1 0 383 924 -1
1 0 0 0 383 924 -1
1 0 1 0 707 -707 -1
1 0 0 0 707 -707 -1
1 0 1 0 773 634 -1
1 0 1 0 773 634 -1
1 0 1 0 773 634 -1
1 0 1 0 773 634 -1
1 0 1 0 773 634 -1
1 0 1 0 773 634 -1
1 0 1 0 773 634 -1
1 0 1 0 773 634 -1
1 0 0 0 773 634 -1
1 0 1 0 -924 -383 -1
1 0 0 0 -924 -383 -1
1 0 1 0 995 -98 -1
1 0 1 0 995 -98 -1
1 0 0 0 995 -98 -1
1 0 1 0 995 -98 -1
1 0 1 0 995 -98 -1
1 0 1 0 995 -98 -1
1 0 0 0 995 -98 -1
1 0 1 0 831 556 -1
1 0 0 0 831 556 -1
1 0 1 0 773 634 -1
1 0 0 0 773 634 -1
1 0 1 0 216 -976 -1
1 0 0 0 216 -976 -1
1 0 1 0 383 -924 -1
1 0 1 0 383 -924 -1
1 0 0 0 383 -924 -1
1 0 1 0 -383 -924 -1
1 0 0 0 -383 -924 -1
1 0 1 0 -773 634 -1
1 0 1 0 -773 634 -1
1 0 1 0 -773 634 -1
1 0 1 0 -773 634 -1
1 0 1 0 -773 634 -1
1 0 0 0 -773 634 -1
1 0 1 0 707 -707 -1
1 0 1 0 707 -707 -1
1 0 1 0 707 -707 -1
1 0 1 0 707 -707 -1
1 0 1 0 707 -707 -1
1 0 1 0 707 -707 -1
1 0 1 0 707 -707 -1
1 0 1 0 707 -707 -1
1 0 0 0 707 -707 -1
1 0 1 0 707 -707 -1
1 0 0 0 707 -707 -1
1 0 1 0 556 -831 -1
1 0 1 0 556 -831 -1
1 0 1 0 556 -831 -1
1 0 0 0 556 -831 -1
1 0 1 0 182 -983 -1
1 0 0 0 182 -983 -1
1 0 1 0 383 -924 -1
1 0 1 0 383 -924 -1
1 0 1 0 383 -924 -1
1 0 0 0 383 -924 -1
1 0 1 0 105 -995 -1
1 0 0 0 105 -995 -1
1 0 1 0 52 -999 -1
1 0 0 0 52 -999 -1
1 0 0 0 52 -999 -1
1 0 1 0 13 -1000 -1
1 0 0 0 13 -1000 -1
1 0 1 0 195 -981 -1
1 0 0 0 195 -981 -1
1 0 1 0 -773 -634 -1
1 0 1 0 -773 -634 -1
