-1 0 1 0 -234 -972 -1
1 0 1 0 -234 -972 -1
0 0 1 0 -234 -972 -1
0 0 1 0 -234 -972 -1
0 0 1 0 -234 -972 -1
0 0 1 0 -234 -972 -1
-1 0 0 0 -98 -995 -1
-1 0 1 0 924 -381 -1
-1 0 1 0 924 -381 -1
-1 0 1 0 924 -381 -1
0 0 1 0 924 -381 -1
0 0 1 0 924 -381 -1
1 0 1 0 924 -381 -1
0 0 1 0 924 -381 -1
0 0 1 0 924 -381 -1
1 0 1 0 924 -381 -1
0 0 1 0 924 -381 -1
-1 0 1 0 924 -381 -1
1 0 1 0 924 -381 -1
1 0 0 0 924 -383 -1
1 0 1 0 752 659 -1
1 0 1 0 752 659 -1
1 0 1 0 752 659 -1
1 0 0 0 752 659 -1
1 0 0 0 773 634 -1
1 0 1 0 707 707 -1
1 0 1 0 707 707 -1
1 0 1 0 707 707 -1
1 0 1 0 -981 -195 -1
1 0 0 0 -981 -195 -1
1 0 1 0 383 924 -1
1 0 1 0 383 924 -1
1 0 0 0 383 924 -1
1 0 1 0 -981 195 -1
1 0 1 0 -981 195 -1
1 0 1 0 -981 195 -1
1 0 0 0 -981 195 -1
1 0 0 0 -981 195 -1
1 0 1 0 786 -618 -1
1 0 1 0 786 -618 -1
1 0 1 0 786 -618 -1
1 0 1 0 786 -618 -1
1 0 1 0 786 -618 -1
1 0 0 0 773 -634 -1
1 0 1 0 779 -627 -1
1 0 1 0 779 -627 -1
1 0 1 0 779 -627 -1
1 0 1 0 779 -627 -1
1 0 1 0 779 -627 -1
1 0 0 0 773 -634 -1
1 0 1 0 787 -616 -1
1 0 1 0 787 -616 -1
1 0 1 0 787 -616 -1
1 0 1 0 787 -616 -1
1 0 1 0 787 -616 -1
1 0 1 0 787 -616 -1
1 0 1 0 787 -616 -1
1 0 0 0 773 -634 -1
1 0 1 0 580 -815 -1
1 0 1 0 580 -815 -1
1 0 1 0 580 -815 -1
1 0 1 0 580 -815 -1
1 0 1 0 580 -815 -1
1 0 1 0 580 -815 -1
1 1 0 0 634 -773 -1
1 0 0 0 634 -773 -1
1 0 0 0 634 -773 -1
1 0 1 0 139 990 -1
1 0 0 0 139 990 -1
1 1 1 0 122 993 -1
1 0 0 0 122 993 -1
1 0 1 0 118 993 -1
1 0 0 0 118 993 -1
1 0 1 0 92 996 -1
1 0 0 0 92 996 -1
1 0 1 0 383 924 -1
1 0 1 0 383 924 -1
1 0 1 0 383 924 -1
1 0 0 0 383 924 -1
1 0 1 0 924 -383 -1
1 0 1 0 924 -383 -1
1 0 0 0 924 -383 -1
1 0 1 0 -290 -957 -1
1 0 1 0 -290 -957 -1
1 0 0 0 -290 -957 -1
1 0 1 0 957 -290 -1
1 0 1 0 957 -290 -1
1 0 1 0 957 -290 -1
1 0 1 0 957 -290 -1
1 0 1 0 957 -290 -1
1 0 1 0 957 -290 -1
1 0 1 0 957 -290 -1
1 0 1 0 957 -290 -1
1 0 0 0 957 -290 -1
1 0 1 0 773 -634 -1
1 0 1 0 773 -634 -1
1 0 1 0 773 -634 -1
1 0 1 0 773 -634 -1
1 0 1 0 773 -634 -1
1 0 1 0 773 -634 -1
1 0 1 0 773 -634 -1
1 0 0 0 773 -634 -1
1 0 1 0 634 -773 -1
1 0 0 0 634 -773 -1
1 0 1 0 882 471 -1
1 0 0 0 882 471 -1
1 0 1 0 957 -290 -1
1 0 1 0 957 -290 -1
1 0 1 0 957 -290 -1
1 0 1 0 957 -290 -1
1 0 1 0 957 -290 -1
1 0 1 0 957 -290 -1
1 0 1 0 957 -290 -1
1 0 1 0 957 -290 -1
1 0 1 0 957 -290 -1
1 0 1 0 957 -290 -1
1 0 1 0 957 -290 -1
1 0 1 0 957 -290 -1
1 0 1 0 957 -290 -1
1 0 1 0 957 -290 -1
1 0 1 0 957 -290 -1
1 0 1 0 957 -290 -1
1 0 0 0 957 -290 -1
1 0 1 0 195 981 -1
1 1 0 0 195 981 -1
1 0 1 0 126 992 -1
1 0 0 0 126 992 -1
1 0 1 0 195 981 -1
1 0 1 0 195 981 -1
1 0 1 0 195 981 -1
1 0 0 0 195 981 -1
1 0 1 0 831 556 -1
1 0 1 0 831 556 -1
1 0 0 0 831 556 -1
1 0 1 0 195 981 -1
1 0 1 0 195 981 -1
1 0 1 0 195 981 -1
1 0 0 0 195 981 -1
1 0 1 0 195 981 -1
1 0 1 0 195 981 -1
1 0 1 0 195 981 -1
1 0 0 0 195 981 -1
1 0 0 0 195 981 -1
1 1 1 0 290 957 -1
1 0 1 0 290 957 -1
1 0 1 0 290 957 -1
1 0 0 0 290 957 -1
1 0 0 0 290 957 -1
1 0 1 0 -290 957 -1
1 0 1 0 -290 957 -1
1 0 1 0 -290 957 -1
1 0 1 0 -290 957 -1
1 0 1 0 -290 957 -1
1 0 1 0 -290 957 -1
1 0 0 0 -290 957 -1
1 0 1 0 995 98 -1
1 0 1 0 995 98 -1
1 0 1 0 995 98 -1
1 0 0 0 995 98 -1
1 0 1 0 -773 634 -1
1 0 1 0 -773 634 -1
1 0 1 0 -773 634 -1
1 0 0 0 -773 634 -1
1 0 1 0 195 -981 -1
1 0 1 0 195 -981 -1
1 0 1 0 195 -981 -1
1 0 0 0 195 -981 -1
1 0 1 0 471 882 -1
1 0 0 0 471 882 -1
1 0 1 0 882 471 -1
1 0 1 0 882 471 -1
1 0 1 0 882 471 -1
1 0 1 0 882 471 -1
1 0 1 0 882 471 -1
1 0 1 0 882 471 -1
1 0 0 0 882 471 -1
1 0 1 0 195 -981 -1
1 0 1 0 195 -981 -1
1 0 0 0 195 -981 -1
1 0 0 0 195 -981 -1
1 0 1 0 924 -383 -1
1 0 1 0 924 -383 -1
1 0 0 0 924 -383 -1
1 0 1 0 471 -882 -1
1 0 1 0 471 -882 -1
1 0 0 0 471 -882 -1
1 0 1 0 882 -471 -1
1 0 1 0 882 -471 -1
1 0 1 0 882 -471 -1
1 0 0 0 882 -471 -1
1 0 1 0 383 924 -1
1 0 1 0 383 924 -1
1 0 1 0 383 924 -1
1 0 1 0 383 924 -1
1 0 1 0 383 924 -1
1 0 1 0 383 924 -1
1 0 0 0 383 924 -1
1 0 1 0 -924 383 -1
1 0 1 0 -924 383 -1
1 0 0 0 -924 383 -1
1 0 1 0 -98 -995 -1
1 0 1 0 -98 -995 -1
1 0 0 0 -98 -995 -1
1 0 1 0 634 -773 -1
1 0 1 0 634 -773 -1
1 0 1 0 634 -773 -1
1 0 1 0 634 -773 -1
1 0 1 0 634 -773 -1
1 0 1 0 634 -773 -1
1 0 1 0 634 -773 -1
1 0 0 0 634 -773 -1
1 0 0 0 634 -773 -1
1 0 0 0 634 -773 -1
1 0 1 0 182 -983 -1
1 0 0 0 182 -983 -1
1 0 1 0 118 -993 -1
1 0 0 0 118 -993 -1
1 0 0 0 118 -993 -1
1 0 1 0 74 -997 -1
1 0 0 0 74 -997 -1
1 0 1 0 -195 -981 -1
1 0 1 0 -195 -981 -1
1 0 0 0 -195 -981 -1
1 1 1 0 100 995 -1
1 0 0 0 100 995 -1
1 0 1 0 290 957 -1
1 0 1 0 290 957 -1
1 0 0 0 290 957 -1
1 0 1 0 290 -957 -1
1 0 0 0 290 -957 -1
1 0 1 0 383 924 -1
1 0 1 0 383 924 -1
1 0 1 0 383 924 -1
1 0 1 0 383 924 -1
1 0 1 0 383 924 -1
1 0 0 0 383 924 -1
1 0 0 0 383 924 -1
1 0 1 0 -98 995 -1
1 0 0 0 -98 995 -1
1 0 1 0 383 -924 -1
1 0 1 0 383 -924 -1
1 0 1 0 383 -924 -1
1 0 1 0 383 -924 -1
1 0 0 0 383 -924 -1
1 0 1 0 831 -556 -1
1 0 1 0 831 -556 -1
1 0 0 0 831 -556 -1
1 0 1 0 924 -383 -1
1 0 0 0 924 -383 -1
1 0 1 0 882 471 -1
1 0 1 0 882 471 -1
1 0 1 0 882 471 -1
1 0 1 0 882 471 -1
1 0 0 0 882 471 -1
1 0 1 0 135 -991 -1
1 0 0 0 135 -991 -1
1 0 1 0 471 -882 -1
1 0 1 0 471 -882 -1
1 0 1 0 471 -882 -1
1 0 1 0 471 -882 -1
1 0 0 0 471 -882 -1
1 0 0 0 471 -882 -1
1 1 1 0 981 195 -1
1 0 1 0 981 195 -1
1 0 0 0 981 195 -1
1 0 1 0 96 995 -1
1 0 0 0 96 995 -1
1 0 0 0 96 995 -1
1 0 1 0 -243 970 -1
1 0 1 0 -243 970 -1
1 0 0 0 -243 970 -1
1 0 1 0 -924 383 -1
1 0 1 0 -924 383 -1
1 0 0 0 -924 383 -1
1 0 1 0 -924 -383 -1
1 0 0 0 -924 -383 -1
1 0 1 0 0 -1000 -1
1 0 1 0 0 -1000 -1
1 0 1 0 0 -1000 -1
1 0 0 0 0 -1000 -1
1 0 1 0 471 882 -1
1 0 1 0 471 882 -1
1 0 1 0 471 882 -1
1 0 0 0 471 882 -1
1 0 1 0 957 -290 -1
1 0 1 0 957 -290 -1
1 0 1 0 957 -290 -1
1 0 1 0 957 -290 -1
1 0 1 0 957 -290 -1
1 0 1 0 957 -290 -1
1 0 1 0 957 -290 -1
1 0 0 0 957 -290 -1
1 0 1 0 -471 -882 -1
1 0 0 0 -471 -882 -1
1 0 1 0 -904 -428 -1
1 0 1 0 -904 -428 -1
1 0 1 0 -904 -428 -1
1 0 1 0 -904 -428 -1
1 0 0 0 -904 -428 -1
1 0 1 0 -634 -773 -1
1 0 0 0 -634 -773 -1
1 0 1 0 981 -195 -1
1 0 1 0 981 -195 -1
1 0 1 0 981 -195 -1
1 0 1 0 981 -195 -1
1 0 0 0 981 -195 -1
1 0 1 0 148 -989 -1
1 0 0 0 148 -989 -1
1 0 1 0 556 831 -1
1 0 0 0 556 831 -1
1 0 1 0 634 -773 -1
1 0 1 0 634 -773 -1
1 0 1 0 634 -773 -1
1 0 1 0 634 -773 -1
1 0 0 0 634 -773 -1
1 0 1 0 556 -831 -1
1 0 1 0 556 -831 -1
1 0 1 0 556 -831 -1
1 0 1 0 556 -831 -1
1 0 0 0 556 -831 -1
1 0 1 0 514 -858 -1
1 0 1 0 514 -858 -1
1 0 1 0 514 -858 -1
1 0 1 0 514 -858 -1
1 0 0 0 514 -858 -1
1 0 1 0 -741 672 -1
1 0 0 0 -741 672 -1
1 0 1 0 -65 998 -1
1 0 0 0 -65 998 -1
1 0 1 0 556 -831 -1
1 0 1 0 556 -831 -1
1 0 1 0 556 -831 -1
1 0 1 0 556 -831 -1
1 0 1 0 556 -831 -1
1 0 0 0 556 -831 -1
1 0 1 0 -98 -995 -1
1 0 0 0 -98 -995 -1
1 0 1 0 596 -803 -1
1 0 1 0 596 -803 -1
1 0 1 0 596 -803 -1
1 0 0 0 596 -803 -1
1 0 1 0 471 -882 -1
1 0 1 0 471 -882 -1
1 0 0 0 471 -882 -1
1 0 0 0 471 -882 -1
1 0 1 0 904 428 -1
1 0 1 0 904 428 -1
1 0 1 0 904 428 -1
1 0 0 0 904 428 -1
1 0 1 0 -290 -957 -1
1 0 1 0 -290 -957 -1
1 1 1 0 -290 -957 -1
1 0 1 0 -290 -957 -1
1 0 1 0 -290 -957 -1
1 0 1 0 -290 -957 -1
1 0 1 0 -290 -957 -1
1 0 1 0 -290 -957 -1
1 0 0 0 -290 -957 -1
1 0 1 0 -725 -688 -1
1 0 0 0 -725 -688 -1
1 0 1 0 -882 -471 -1
1 0 1 0 -882 -471 -1
1 0 0 0 -882 -471 -1
1 0 1 0 556 831 -1
1 0 1 0 556 831 -1
1 0 1 0 556 831 -1
1 0 1 0 556 831 -1
1 0 1 0 556 831 -1
1 0 1 0 556 831 -1
1 0 1 0 556 831 -1
1 0 1 0 556 831 -1
1 0 1 0 556 831 -1
1 0 1 0 556 831 -1
1 0 1 0 556 831 -1
1 0 1 0 556 831 -1
1 0 1 0 556 831 -1
1 0 1 0 556 831 -1
1 0 1 0 556 831 -1
1 0 1 0 556 831 -1
1 0 1 0 556 831 -1
1 0 1 0 556 831 -1
-1 0 1 0 556 831 -1
0 0 1 0 556 831 -1
0 0 1 0 556 831 -1
-1 0 1 0 556 831 -1
1 0 1 0 556 831 -1
-1 0 1 0 556 831 -1
1 0 1 0 556 831 -1
-1 0 1 0 556 831 -1
1 0 1 0 556 831 -1
1 0 1 0 556 831 -1
1 0 1 0 556 831 -1
1 0 1 0 556 831 -1
1 0 1 0 556 831 -1
1 0 0 0 556 831 -1
1 0 1 0 -843 537 -1
1 0 1 0 -843 537 -1
1 0 0 0 -843 537 -1
1 0 1 0 -877 481 -1
1 0 0 0 -877 481 -1
1 0 1 0 -891 454 -1
1 0 0 0 -891 454 -1
1 0 1 0 -904 428 -1
1 0 0 0 -904 428 -1
1 0 1 0 -915 403 -1
1 0 0 0 0 -1 -1
1 0 1 0 -9388 3445 -1
1 0 0 0 0 -1 -1
0 0 1 0 -9692 2464 -1
0 0 1 0 0 -1 -1
-1 0 0 0 0 -1 -1
-1 0 1 0 -9800 -1989 -1
-1 0 0 0 0 -1 -1
-1 0 1 0 -9639 -2664 -1
-1 0 0 0 0 -1 -1
-1 0 1 0 -9364 -3508 -1
-1 0 0 0 0 -1 -1
-1 0 1 0 -904 -428 -1
-1 0 0 0 0 -1 -1
-1 0 1 0 -8669 -4985 -1
-1 0 0 0 0 -1 -1
-1 0 1 0 -904 -428 -1
-1 0 1 0 0 -1 -1
-1 0 0 0 0 -1 -1
-1 0 1 0 -989 147 -1
-1 0 0 0 0 -1 -1
-1 0 1 0 -803 -596 -1
-1 0 0 0 0 -1 -1
-1 0 1 0 -7583 -6519 -1
-1 0 0 0 0 -1 -1
-1 0 1 0 -7136 -7005 -1
-1 0 1 0 0 -1 -1
-1 0 1 0 0 -1 -1
-1 0 0 0 0 -1 -1
-1 0 1 0 -5513 -8343 -1
-1 0 1 0 0 -1 -1
-1 0 0 0 0 -1 -1
-1 0 1 0 -4297 -9030 -1
-1 0 1 0 0 -1 -1
-1 0 0 0 0 -1 -1
-1 0 1 0 -3006 -9538 -1
-1 0 0 0 0 -1 -1
-1 0 1 0 -428 -904 -1
-1 0 1 0 0 -1 -1
-1 0 1 0 0 -1 -1
-1 1 0 0 0 -1 -1
-1 0 1 0 942 -337 -1
-1 0 0 0 0 -1 -1
-1 0 1 0 -1016 9948 -1
-1 0 0 0 0 -1 -1
-1 0 1 0 -830 9965 -1
-1 0 0 0 0 -1 -1
-1 0 1 0 337 -942 -1
-1 1 1 0 0 -1 -1
-1 0 0 0 0 -1 -1
-1 0 1 0 -243 970 -1
-1 0 1 0 0 -1 -1
-1 0 0 0 0 -1 -1
-1 0 0 0 0 -1 -1
-1 0 1 0 -930 9957 -1
-1 0 0 0 0 -1 -1
-1 0 1 0 -243 970 -1
-1 0 1 0 0 -1 -1
-1 0 0 0 0 -1 -1
-1 0 1 0 -243 970 -1
-1 0 1 0 0 -1 -1
-1 0 0 0 0 -1 -1
-1 0 1 0 -337 942 -1
-1 1 1 0 0 -1 -1
-1 0 0 0 0 -1 -1
-1 0 0 0 0 -1 -1
-1 0 1 0 -916 9958 -1
-1 0 0 0 0 -1 -1
-1 0 0 0 0 -1 -1
-1 0 1 0 -337 942 -1
-1 0 1 0 0 -1 -1
-1 0 1 0 0 -1 -1
-1 0 1 0 0 -1 -1
-1 0 0 0 0 -1 -1
-1 0 1 0 -243 970 -1
-1 1 1 0 0 -1 -1
-1 0 1 0 0 -1 -1
-1 0 0 0 0 -1 -1
-1 0 1 0 -243 970 -1
-1 0 1 0 0 -1 -1
-1 0 0 0 0 -1 -1
-1 0 1 0 -337 942 -1
-1 0 1 0 0 -1 -1
-1 0 1 0 0 -1 -1
-1 0 0 0 0 -1 -1
-1 0 0 0 0 -1 -1
-1 0 1 0 -243 970 -1
-1 0 1 0 0 -1 -1
-1 0 1 0 0 -1 -1
-1 0 0 0 0 -1 -1
-1 0 1 0 -243 970 -1
-1 0 1 0 0 -1 -1
-1 0 1 0 0 -1 -1
-1 0 1 0 0 -1 -1
-1 0 1 0 0 -1 -1
-1 0 0 0 0 -1 -1
-1 0 0 0 0 -1 -1
-1 0 1 0 -999 -49 -1
-1 0 0 0 0 -1 -1
-1 0 1 0 -243 970 -1
-1 0 1 0 0 -1 -1
-1 0 1 0 0 -1 -1
-1 0 1 0 0 -1 -1
-1 0 1 0 0 -1 -1
-1 0 0 0 0 -1 -1
-1 0 1 0 -741 672 -1
-1 0 1 0 0 -1 -1
-1 0 0 0 0 -1 -1
-1 0 1 0 -2626 -9649 -1
-1 0 0 0 0 -1 -1
-1 0 1 0 -514 -858 -1
-1 0 1 0 0 -1 -1
-1 0 0 0 0 -1 -1
-1 0 0 0 0 -1 -1
-1 0 1 0 -596 -803 -1
-1 0 1 0 0 -1 -1
-1 0 1 0 0 -1 -1
-1 0 1 0 0 -1 -1
-1 0 0 0 0 -1 -1
-1 0 1 0 -514 -858 -1
-1 0 1 0 0 -1 -1
-1 0 1 0 0 -1 -1
-1 0 1 0 0 -1 -1
-1 0 0 0 0 -1 -1
-1 0 1 0 -803 -596 -1
-1 0 1 0 0 -1 -1
-1 0 0 0 0 -1 -1
-1 0 1 0 -596 -803 -1
-1 0 1 0 0 -1 -1
-1 0 1 0 0 -1 -1
-1 0 1 0 0 -1 -1
-1 0 1 0 0 -1 -1
-1 0 0 0 0 -1 -1
-1 0 0 0 0 -1 -1
-1 0 1 0 -1993 -9799 -1
-1 0 0 0 0 -1 -1
-1 0 0 0 0 -1 -1
-1 0 1 0 -672 -741 -1
-1 0 1 0 0 -1 -1
-1 0 1 0 0 -1 -1
-1 0 1 0 0 -1 -1
-1 0 0 0 0 -1 -1
-1 0 0 0 0 -1 -1
-1 0 1 0 -337 -942 -1
-1 0 1 0 0 -1 -1
-1 0 0 0 0 -1 -1
-1 0 1 0 -428 -904 -1
-1 0 1 0 0 -1 -1
-1 0 1 0 0 -1 -1
-1 0 0 0 0 -1 -1
-1 0 1 0 -337 -942 -1
-1 0 1 0 0 -1 -1
-1 0 1 0 0 -1 -1
-1 0 0 0 0 -1 -1
-1 1 1 0 -596 803 -1
-1 0 0 0 0 -1 -1
-1 0 1 0 -970 243 -1
-1 0 1 0 0 -1 -1
-1 0 0 0 0 -1 -1
-1 0 1 0 -755 9971 -1
-1 0 0 0 0 -1 -1
-1 0 1 0 -601 9982 -1
-1 0 0 0 0 -1 -1
-1 0 1 0 -49 999 -1
-1 0 0 0 0 -1 -1
-1 0 1 0 -298 9996 -1
-1 0 0 0 0 -1 -1
-1 0 1 0 -148 9999 -1
-1 0 0 0 0 -1 -1
-1 0 1 0 1 10000 -1
-1 0 0 0 0 -1 -1
-1 0 1 0 741 -672 -1
-1 0 1 0 0 -1 -1
-1 0 1 0 0 -1 -1
-1 0 1 0 0 -1 -1
-1 0 0 0 0 -1 -1
-1 0 1 0 -147 989 -1
-1 0 1 0 0 -1 -1
-1 0 0 0 0 -1 -1
-1 0 1 0 654 9979 -1
-1 0 0 0 0 -1 -1
-1 0 1 0 845 9964 -1
-1 0 1 0 0 -1 -1
-1 0 0 0 0 -1 -1
-1 0 1 0 337 -942 -1
-1 0 1 0 0 -1 -1
-1 1 1 0 0 -1 -1
-1 0 1 0 0 -1 -1
-1 0 1 0 0 -1 -1
-1 0 1 0 0 -1 -1
-1 0 1 0 0 -1 -1
-1 0 0 0 0 -1 -1
-1 0 1 0 6876 -7261 -1
-1 0 1 0 0 -1 -1
-1 0 0 0 0 -1 -1
-1 0 1 0 7623 -6472 -1
-1 0 0 0 0 -1 -1
-1 0 1 0 7945 -6073 -1
-1 0 0 0 0 -1 -1
-1 0 1 0 672 -741 -1
-1 0 1 0 0 -1 -1
-1 0 1 0 0 -1 -1
-1 0 1 0 0 -1 -1
-1 0 0 0 0 -1 -1
-1 0 0 0 0 -1 -1
-1 0 1 0 -2901 9570 -1
-1 0 0 0 0 -1 -1
-1 0 1 0 -2583 9661 -1
-1 0 0 0 0 -1 -1
-1 0 1 0 -2285 9735 -1
-1 0 0 0 0 -1 -1
-1 0 1 0 -2003 9797 -1
-1 0 0 0 0 -1 -1
-1 0 1 0 -1735 9848 -1
-1 0 0 0 0 -1 -1
-1 0 1 0 -1479 9890 -1
-1 0 0 0 0 -1 -1
-1 0 1 0 -1232 9924 -1
-1 0 0 0 0 -1 -1
-1 0 1 0 -243 970 -1
-1 0 1 0 0 -1 -1
-1 0 0 0 0 -1 -1
-1 0 1 0 -147 989 -1
-1 0 1 0 0 -1 -1
-1 0 0 0 0 -1 -1
-1 0 1 0 -147 989 -1
-1 0 1 0 0 -1 -1
-1 0 0 0 0 -1 -1
-1 0 0 0 0 -1 -1
-1 0 1 0 -337 942 -1
-1 0 1 0 0 -1 -1
-1 0 1 0 0 -1 -1
-1 0 0 0 0 -1 -1
-1 0 1 0 327 9995 -1
-1 0 0 0 0 -1 -1
-1 0 1 0 618 9981 -1
-1 0 0 0 0 -1 -1
-1 0 1 0 912 9958 -1
-1 0 0 0 0 -1 -1
-1 0 1 0 942 337 -1
-1 0 0 0 0 -1 -1
-1 0 1 0 -49 999 -1
-1 0 1 0 0 -1 -1
-1 0 1 0 0 -1 -1
-1 0 0 0 0 -1 -1
-1 0 1 0 -989 -147 -1
-1 0 0 0 0 -1 -1
-1 0 1 0 -942 337 -1
-1 0 0 0 0 -1 -1
-1 0 1 0 -672 -741 -1
-1 0 1 0 0 -1 -1
-1 0 0 0 0 -1 -1
-1 0 1 0 -942 -337 -1
-1 0 0 0 0 -1 -1
-1 0 1 0 999 49 -1
-1 0 0 0 0 -1 -1
-1 0 1 0 -858 -514 -1
-1 0 1 0 0 -1 -1
-1 0 1 0 0 -1 -1
-1 0 1 0 0 -1 -1
-1 0 0 0 0 -1 -1
-1 0 1 0 -514 -858 -1
-1 0 1 0 0 -1 -1
-1 0 1 0 0 -1 -1
-1 0 0 0 0 -1 -1
-1 0 1 0 -514 -858 -1
-1 0 1 0 0 -1 -1
-1 0 1 0 0 -1 -1
-1 0 1 0 0 -1 -1
-1 1 1 0 0 -1 -1
-1 0 1 0 0 -1 -1
-1 0 1 0 0 -1 -1
-1 0 0 0 0 -1 -1
-1 0 1 0 -337 942 -1
-1 0 1 0 0 -1 -1
-1 1 1 0 0 -1 -1
-1 0 0 0 0 -1 -1
-1 0 1 0 -243 970 -1
-1 0 1 0 0 -1 -1
-1 0 1 0 0 -1 -1
-1 0 0 0 0 -1 -1
-1 0 1 0 -243 970 -1
-1 0 1 0 0 -1 -1
-1 0 1 0 0 -1 -1
-1 0 0 0 0 -1 -1
-1 0 1 0 -904 428 -1
-1 0 1 0 0 -1 -1
-1 0 1 0 0 -1 -1
-1 0 0 0 0 -1 -1
-1 0 1 0 -858 -514 -1
-1 0 0 0 0 -1 -1
-1 0 1 0 1378 -9905 -1
-1 0 0 0 0 -1 -1
-1 0 0 0 0 -1 -1
-1 0 1 0 -147 989 -1
-1 0 1 0 0 -1 -1
-1 0 0 0 0 -1 -1
-1 0 1 0 -514 858 -1
-1 0 1 0 0 -1 -1
-1 0 1 0 0 -1 -1
-1 0 1 0 0 -1 -1
-1 0 1 0 0 -1 -1
-1 0 0 0 0 -1 -1
-1 0 1 0 541 9985 -1
-1 0 0 0 0 -1 -1
-1 0 0 0 0 -1 -1
-1 0 1 0 848 9964 -1
-1 0 0 0 0 -1 -1
-1 0 1 0 -49 999 -1
-1 0 1 0 0 -1 -1
-1 0 1 0 0 -1 -1
-1 0 1 0 0 -1 -1
-1 0 1 0 0 -1 -1
-1 0 0 0 0 -1 -1
-1 0 1 0 989 -147 -1
-1 0 1 0 0 -1 -1
-1 0 0 0 0 -1 -1
-1 0 1 0 -596 803 -1
-1 0 0 0 0 -1 -1
-1 0 1 0 -4447 -8957 -1
-1 0 0 0 0 -1 -1
-1 0 1 0 -3861 -9224 -1
-1 0 0 0 0 -1 -1
-1 0 1 0 -337 -942 -1
-1 0 0 0 0 -1 -1
-1 0 1 0 -2670 -9637 -1
-1 0 0 0 0 -1 -1
-1 0 1 0 -2067 -9784 -1
-1 0 0 0 0 -1 -1
-1 0 1 0 -337 -942 -1
-1 0 1 0 0 -1 -1
-1 0 0 0 0 -1 -1
-1 0 1 0 -243 -970 -1
-1 0 1 0 0 -1 -1
-1 0 0 0 0 -1 -1
-1 0 1 0 -243 -970 -1
-1 0 1 0 0 -1 -1
-1 0 0 0 0 -1 -1
-1 0 1 0 -904 428 -1
-1 0 0 0 0 -1 -1
-1 0 1 0 -514 -858 -1
-1 0 1 0 0 -1 -1
-1 0 1 0 0 -1 -1
-1 0 1 0 0 -1 -1
-1 0 1 0 0 -1 -1
-1 0 0 0 0 -1 -1
-1 0 1 0 476 9989 -1
-1 0 0 0 0 -1 -1
-1 0 1 0 696 9976 -1
-1 0 0 0 0 -1 -1
-1 0 0 0 0 -1 -1
-1 0 1 0 975 9952 -1
-1 0 0 0 0 -1 -1
1 0 1 0 970 9953 -1
-1 0 1 0 0 -1 -1
-1 0 0 0 0 -1 -1
-1 0 1 0 428 904 -1
0 0 1 0 0 -1 -1
0 0 1 0 0 -1 -1
0 0 0 0 0 -1 -1
1 0 1 0 2266 9740 -1
-1 0 1 0 0 -1 -1
-1 0 1 0 0 -1 -1
0 0 1 0 0 -1 -1
0 0 1 0 0 -1 -1
1 0 1 0 0 -1 -1
1 0 1 0 0 -1 -1
1 0 1 0 0 -1 -1
-1 0 1 0 0 -1 -1
1 0 1 0 0 -1 -1
1 0 1 0 0 -1 -1
1 0 1 0 0 -1 -1
1 0 1 0 0 -1 -1
1 0 1 0 0 -1 -1
1 0 0 0 0 -1 -1
1 0 1 0 8341 -5516 -1
1 0 1 0 0 -1 -1
1 0 0 0 0 -1 -1
1 0 1 0 7225 -6914 -1
1 0 1 0 0 -1 -1
1 0 0 0 0 -1 -1
1 0 1 0 49 999 -1
1 0 1 0 0 -1 -1
1 0 0 0 0 -1 -1
1 0 1 0 49 999 -1
1 0 1 0 0 -1 -1
1 0 0 0 0 -1 -1
1 0 1 0 -49 999 -1
1 0 1 0 0 -1 -1
1 0 0 0 0 -1 -1
1 0 1 0 803 -596 -1
1 0 1 0 0 -1 -1
1 0 1 0 0 -1 -1
1 0 1 0 0 -1 -1
1 0 0 0 0 -1 -1
1 0 1 0 514 -858 -1
1 0 1 0 0 -1 -1
1 0 1 0 0 -1 -1
1 0 1 0 0 -1 -1
1 0 1 0 0 -1 -1
1 0 0 0 0 -1 -1
1 1 1 0 243 970 -1
1 0 1 0 0 -1 -1
1 0 1 0 0 -1 -1
1 0 0 0 0 -1 -1
1 0 1 0 -904 -428 -1
1 1 1 0 0 -1 -1
1 0 0 0 0 -1 -1
1 0 1 0 1490 9888 -1
1 0 0 0 0 -1 -1
1 0 1 0 243 970 -1
1 0 1 0 0 -1 -1
1 0 1 0 0 -1 -1
1 0 0 0 0 -1 -1
1 1 1 0 -428 -904 -1
1 0 1 0 0 -1 -1
1 0 1 0 0 -1 -1
1 0 0 0 0 -1 -1
1 0 1 0 428 -904 -1
1 0 1 0 0 -1 -1
1 0 1 0 0 -1 -1
1 0 1 0 0 -1 -1
1 0 1 0 0 -1 -1
1 0 0 0 0 -1 -1
1 0 1 0 596 803 -1
1 0 1 0 0 -1 -1
1 0 1 0 0 -1 -1
1 0 1 0 0 -1 -1
1 0 1 0 0 -1 -1
1 0 1 0 0 -1 -1
1 1 1 0 0 -1 -1
1 0 1 0 0 -1 -1
1 0 1 0 0 -1 -1
1 0 1 0 0 -1 -1
1 0 1 0 0 -1 -1
1 0 0 0 0 -1 -1
1 0 1 0 243 970 -1
1 0 1 0 0 -1 -1
1 0 1 0 0 -1 -1
1 0 1 0 0 -1 -1
1 0 0 0 0 -1 -1
1 0 1 0 147 989 -1
1 0 1 0 0 -1 -1
1 0 1 0 0 -1 -1
1 0 0 0 0 -1 -1
1 0 1 0 147 989 -1
1 0 1 0 0 -1 -1
1 0 1 0 0 -1 -1
1 0 0 0 0 -1 -1
1 0 1 0 49 -999 -1
1 0 0 0 0 -1 -1
1 0 1 0 337 942 -1
1 1 1 0 0 -1 -1
1 0 1 0 0 -1 -1
1 0 1 0 0 -1 -1
1 0 0 0 0 -1 -1
1 0 0 0 0 -1 -1
1 0 1 0 243 970 -1
1 0 1 0 0 -1 -1
1 0 1 0 0 -1 -1
1 0 1 0 0 -1 -1
1 0 0 0 0 -1 -1
1 0 1 0 337 942 -1
1 0 1 0 0 -1 -1
1 0 1 0 0 -1 -1
1 0 1 0 0 -1 -1
1 0 0 0 0 -1 -1
1 0 1 0 49 999 -1
1 0 1 0 0 -1 -1
1 0 0 0 0 -1 -1
1 0 1 0 -1273 9919 -1
1 0 0 0 0 -1 -1
1 0 1 0 -1617 9868 -1
1 0 0 0 0 -1 -1
1 0 1 0 -1969 9804 -1
1 0 0 0 0 -1 -1
1 0 1 0 -2335 9724 -1
1 0 0 0 0 -1 -1
1 0 0 0 0 -1 -1
1 0 1 0 337 942 -1
1 0 0 0 0 -1 -1
1 0 1 0 741 -672 -1
1 0 1 0 0 -1 -1
1 0 1 0 0 -1 -1
1 0 1 0 0 -1 -1
1 0 1 0 0 -1 -1
1 0 1 0 0 -1 -1
1 0 0 0 0 -1 -1
1 0 0 0 0 -1 -1
1 0 1 0 -337 -942 -1
1 0 1 0 0 -1 -1
1 0 0 0 0 -1 -1
1 0 1 0 672 -741 -1
1 0 1 0 0 -1 -1
1 0 1 0 0 -1 -1
1 0 1 0 0 -1 -1
1 0 1 0 0 -1 -1
1 0 1 0 0 -1 -1
1 0 1 0 0 -1 -1
1 0 1 0 0 -1 -1
1 1 0 0 0 -1 -1
1 0 1 0 243 970 -1
1 0 1 0 0 -1 -1
1 0 0 0 0 -1 -1
1 0 1 0 337 942 -1
1 0 1 0 0 -1 -1
1 0 1 0 0 -1 -1
1 0 1 0 0 -1 -1
1 0 0 0 0 -1 -1
1 0 1 0 428 904 -1
1 0 1 0 0 -1 -1
1 0 1 0 0 -1 -1
1 0 1 0 0 -1 -1
1 0 1 0 0 -1 -1
1 0 1 0 0 -1 -1
1 1 0 0 0 -1 -1
1 0 1 0 -428 -904 -1
1 0 1 0 0 -1 -1
1 0 0 0 0 -1 -1
1 0 1 0 -803 -596 -1
1 0 0 0 0 -1 -1
1 0 1 0 -514 -858 -1
1 0 0 0 0 -1 -1
1 0 1 0 -5850 -8110 -1
1 0 0 0 0 -1 -1
1 0 1 0 -6387 -7695 -1
1 0 0 0 0 -1 -1
1 0 1 0 -6882 -7256 -1
1 0 0 0 0 -1 -1
1 0 0 0 0 -1 -1
1 0 1 0 858 514 -1
1 0 1 0 0 -1 -1
1 0 1 0 0 -1 -1
1 0 1 0 0 -1 -1
1 0 1 0 0 -1 -1
1 0 1 0 0 -1 -1
1 0 1 0 0 -1 -1
1 0 1 0 0 -1 -1
1 0 0 0 0 -1 -1
1 0 1 0 147 989 -1
1 0 1 0 0 -1 -1
1 0 0 0 0 -1 -1
1 0 1 0 -257 9997 -1
1 0 0 0 0 -1 -1
1 0 1 0 -573 9984 -1
1 0 0 0 0 -1 -1
1 0 1 0 -243 970 -1
-1 0 0 0 0 -1 -1
-1 0 1 0 -1747 9846 -1
-1 0 1 0 0 -1 -1
1 0 1 0 0 -1 -1
1 0 1 0 0 -1 -1
1 0 0 0 0 -1 -1
1 0 1 0 -243 970 -1
1 0 1 0 0 -1 -1
1 0 1 0 0 -1 -1
1 0 1 0 0 -1 -1
1 0 1 0 0 -1 -1
1 0 1 0 0 -1 -1
1 0 1 0 0 -1 -1
1 0 1 0 0 -1 -1
1 0 0 0 0 -1 -1
1 0 1 0 9192 -3937 -1
1 0 0 0 0 -1 -1
1 0 1 0 8738 -4863 -1
1 0 0 0 0 -1 -1
1 0 1 0 8225 -5688 -1
1 0 0 0 0 -1 -1
1 0 1 0 7667 -6421 -1
1 0 0 0 0 -1 -1
1 0 1 0 7072 -7070 -1
1 0 1 0 0 -1 -1
1 0 0 0 0 -1 -1
1 0 1 0 5671 -8236 -1
1 0 1 0 0 -1 -1
1 0 0 0 0 -1 -1
1 0 1 0 4085 -9128 -1
1 0 0 0 0 -1 -1
1 0 1 0 337 -942 -1
1 0 0 0 0 -1 -1
1 0 0 0 0 -1 -1
1 0 1 0 2738 -9618 -1
1 0 0 0 0 -1 -1
1 0 1 0 1967 -9805 -1
1 0 0 0 0 -1 -1
1 0 1 0 -853 9964 -1
1 0 0 0 0 -1 -1
1 0 0 0 0 -1 -1
1 0 1 0 -942 -337 -1
1 0 0 0 0 -1 -1
1 0 1 0 -741 -672 -1
1 0 1 0 0 -1 -1
1 0 0 0 0 -1 -1
1 0 1 0 672 -741 -1
1 0 1 0 0 -1 -1
1 0 1 0 0 -1 -1
1 0 1 0 0 -1 -1
1 0 1 0 0 -1 -1
1 0 0 0 0 -1 -1
1 0 1 0 -1567 9876 -1
1 0 0 0 0 -1 -1
1 0 1 0 -428 -904 -1
1 0 0 0 0 -1 -1
1 0 1 0 -49 -999 -1
1 0 1 0 0 -1 -1
1 0 1 0 0 -1 -1
1 0 0 0 0 -1 -1
1 0 1 0 514 858 -1
1 0 1 0 0 -1 -1
1 0 0 0 0 -1 -1
1 0 1 0 999 49 -1
1 0 1 0 -623 782 3
1 0 0 0 0 -1 3
1 0 1 0 -267 964 3
1 0 0 0 0 -1 3
1 0 0 0 829 560 3
0 0 0 0 829 560 3
1 0 0 0 897 -443 3
1 0 0 0 897 -443 3
1 1 0 0 897 -443 3
1 0 0 0 0 -1 3
1 0 1 0 -631 776 3
1 0 0 0 0 -1 3
1 0 0 0 -526 851 3
1 0 1 0 -860 -510 3
1 0 1 0 -860 -510 3
1 0 1 0 -860 -510 3
0 0 1 0 -860 -510 3
0 0 1 0 -860 -510 3
0 0 1 0 -860 -510 3
-1 0 1 0 -860 -510 3
-1 0 1 0 -860 -510 3
-1 0 1 0 -860 -510 3
-1 1 1 0 -860 -510 3
-1 0 0 0 -860 -511 3
-1 0 0 0 -791 -612 3
-1 0 1 0 -684 -729 3
0 0 1 0 -684 -729 3
0 0 1 0 -684 -729 3
0 0 0 0 -781 -624 3
0 0 1 0 477 -879 3
0 0 1 0 477 -879 3
0 0 1 0 477 -879 3
0 0 0 0 414 -910 3
-1 0 1 0 841 -541 3
-1 0 1 0 841 -541 3
-1 0 0 0 834 -552 3
-1 0 0 1 -199 -980 3
-1 0 1 0 897 -442 3
-1 1 0 0 1000 0 3
-1 1 1 0 469 -883 3
-1 0 1 0 469 -883 3
-1 0 1 0 469 -883 3
-1 0 1 0 410 -912 3
-1 1 0 0 406 -914 3
0 0 0 0 406 -914 3
0 0 0 0 1000 0 3
-1 1 1 0 750 -662 3
-1 0 1 0 750 -662 3
-1 1 1 0 750 -662 3
-1 0 0 0 746 -665 3
-1 0 0 0 -846 -533 3
-1 1 0 0 1000 0 3
-1 1 1 0 997 -73 3
1 0 0 0 1000 0 3
1 0 1 0 -364 -931 3
0 0 0 0 1000 0 3
0 0 0 0 1000 0 3
1 1 0 0 1000 0 3
1 0 1 0 995 -97 3
1 1 1 0 995 -97 3
1 0 1 0 995 -97 3
1 0 0 1 -972 -234 3
1 1 0 0 923 -386 3
1 0 0 0 -320 -947 3
1 0 1 0 195 981 3
1 0 1 0 195 981 3
1 0 1 0 195 981 3
1 0 0 0 195 981 3
1 0 1 0 0 1000 3
1 0 0 0 0 1000 3
1 0 1 0 556 831 3
1 0 0 0 556 831 3
1 0 1 0 -98 995 3
1 0 0 0 -98 995 3
1 0 1 0 773 -634 3
1 0 1 0 773 -634 3
1 0 1 0 773 -634 3
1 0 1 0 773 -634 3
1 0 1 0 773 -634 3
1 0 1 0 773 -634 3
1 0 1 0 773 -634 3
1 0 1 0 773 -634 3
1 0 1 0 773 -634 3
1 0 1 0 773 -634 3
1 0 1 0 773 -634 3
1 0 1 0 773 -634 3
1 0 0 0 773 -634 3
1 0 0 1 -924 383 3
1 0 1 0 -773 -634 3
1 0 0 0 -773 -634 3
1 0 1 0 383 -924 3
1 0 1 0 383 -924 3
1 0 1 0 383 -924 3
1 0 1 0 383 -924 3
1 0 1 0 383 -924 3
1 0 1 0 383 -924 3
1 0 0 0 383 -924 3
1 0 0 0 383 -924 3
1 0 1 0 -831 556 3
1 0 0 0 -831 556 3
1 0 1 0 195 981 3
1 0 1 0 195 981 3
1 0 0 0 195 981 3
1 0 1 0 195 -981 3
1 0 1 0 195 -981 3
1 0 1 0 195 -981 3
1 0 0 0 195 -981 3
1 0 1 0 882 471 3
1 0 0 0 882 471 3
1 0 1 0 -13 1000 3
1 0 0 0 -13 1000 3
1 0 1 0 707 -707 3
1 0 1 0 707 -707 3
1 0 1 1 -383 924 3
1 0 0 0 -383 924 3
1 0 1 0 -98 -995 3
1 1 1 0 -98 -995 3
1 0 1 0 -98 -995 3
1 0 1 0 -98 -995 3
1 0 0 0 -98 -995 3
1 0 1 0 -383 -924 3
1 0 1 0 -383 -924 3
1 0 1 0 -383 -924 3
1 0 0 0 -383 -924 3
1 0 0 0 -383 -924 3
1 0 1 0 -537 -843 3
1 0 1 0 -537 -843 3
1 0 0 0 -537 -843 3
1 0 1 0 -602 -799 3
1 0 1 0 -602 -799 3
1 0 0 0 -602 -799 3
1 0 1 0 556 -831 3
1 0 1 0 556 -831 3
1 0 1 0 556 -831 3
1 0 1 0 556 -831 3
1 0 0 0 556 -831 3
1 0 1 0 -773 -634 3
1 0 0 0 -773 -634 3
1 0 0 1 -556 -831 3
1 0 1 0 773 -634 3
1 0 0 0 773 -634 3
1 0 1 0 -773 634 3
1 0 0 0 -773 634 3
1 0 1 0 -831 556 3
1 0 0 0 -831 556 3
1 0 1 0 98 -995 3
1 0 0 0 98 -995 3
1 0 1 0 98 -995 3
1 0 0 0 98 -995 3
1 0 1 0 471 -882 3
1 0 0 0 471 -882 3
1 0 1 0 634 -773 3
1 0 1 0 634 -773 3
1 0 1 0 634 -773 3
1 0 1 0 634 -773 3
1 0 1 0 634 -773 3
1 0 1 0 634 -773 3
1 0 0 0 634 -773 3
1 0 1 0 195 -981 3
1 0 1 0 195 -981 3
1 0 1 0 195 -981 3
1 0 0 0 195 -981 3
1 0 1 0 -383 -924 3
1 0 1 0 -383 -924 3
1 0 0 0 -383 -924 3
1 0 1 0 -98 -995 3
1 0 0 0 -98 -995 3
1 0 1 0 195 981 3
1 0 0 0 195 981 3
1 0 0 1 -556 -831 3
1 0 1 0 957 -290 3
1 0 0 0 957 -290 3
1 0 1 0 -773 634 3
1 0 0 0 -773 634 3
1 0 1 0 634 -773 3
1 0 1 0 634 -773 3
1 0 1 0 634 -773 3
1 0 0 0 634 -773 3
1 0 1 0 -707 707 3
1 0 1 0 -707 707 3
1 0 0 0 -707 707 3
1 0 1 0 -707 707 3
1 0 0 0 -707 707 3
1 0 1 0 995 -98 3
1 0 1 0 995 -98 3
0 0 0 0 995 -98 3
1 0 0 0 995 -98 3
0 0 1 0 -773 634 3
-1 0 1 0 -773 634 3
0 0 1 0 -773 634 3
0 0 1 0 -773 634 3
-1 0 1 0 -773 634 3
0 0 0 0 -773 634 3
-1 0 1 0 -471 882 3
-1 0 1 0 -471 882 3
-1 0 1 0 -471 882 3
-1 0 1 0 -471 882 3
-1 0 0 0 -471 882 3
-1 0 1 0 -981 195 3
-1 0 1 0 -981 195 3
-1 0 1 0 -981 195 3
-1 0 1 0 -981 195 3
-1 0 1 0 -981 195 3
-1 0 1 0 -981 195 3
-1 0 1 0 -981 195 3
-1 0 0 0 -981 195 3
-1 0 1 0 -716 -698 3
-1 0 0 0 -716 -698 3
-1 0 1 0 -643 -766 3
-1 0 1 0 -643 -766 3
-1 0 1 1 981 195 3
-1 0 0 0 981 195 3
-1 0 1 0 -957 290 3
-1 0 0 0 -957 290 3
-1 0 1 0 -471 -882 3
-1 0 1 0 -471 -882 3
-1 0 1 0 -471 -882 3
-1 0 1 0 -471 -882 3
-1 0 1 0 -471 -882 3
-1 0 1 0 -471 -882 3
-1 0 1 0 -471 -882 3
-1 0 0 0 -471 -882 3
-1 0 0 0 -471 -882 3
-1 0 1 0 995 -98 3
-1 0 0 0 995 -98 3
-1 0 1 0 -556 -831 3
-1 0 1 0 -556 -831 3
-1 0 1 0 -556 -831 3
-1 0 1 0 -556 -831 3
-1 0 1 0 -556 -831 3
-1 0 1 0 -556 -831 3
-1 0 1 0 -556 -831 3
-1 0 1 0 -556 -831 3
-1 0 0 0 -556 -831 3
-1 0 1 0 707 -707 3
-1 0 1 1 556 831 3
-1 0 0 0 556 831 3
-1 0 1 0 383 924 3
-1 0 0 0 383 924 3
-1 0 1 0 773 -634 3
-1 0 1 0 773 -634 3
-1 0 1 0 773 -634 3
-1 0 1 0 773 -634 3
-1 0 0 0 773 -634 3
-1 0 1 0 -957 -290 3
-1 0 1 0 -957 -290 3
-1 0 1 0 -957 -290 3
-1 0 0 0 -957 -290 3
-1 1 1 0 -290 -957 3
-1 0 0 0 -290 -957 3
-1 0 1 0 -290 957 3
-1 0 1 0 -290 957 3
-1 0 1 0 -290 957 3
-1 0 1 0 -290 957 3
-1 0 0 0 -290 957 3
-1 0 1 0 -383 924 3
-1 0 1 0 -383 924 3
-1 0 1 0 -383 924 3
-1 0 1 0 -383 924 3
-1 0 1 0 -383 924 3
-1 0 1 0 -383 924 3
-1 0 0 0 -383 924 3
-1 0 0 0 -383 924 3
-1 0 1 0 98 995 3
-1 0 1 0 98 995 3
-1 0 0 0 98 995 3
-1 0 1 0 -383 -924 3
-1 0 0 0 -383 -924 3
-1 0 0 1 924 383 3
-1 0 1 0 -957 -290 3
-1 0 1 0 -957 -290 3
-1 0 0 0 -957 -290 3
-1 0 1 0 556 -831 3
-1 0 1 0 556 -831 3
-1 0 0 0 556 -831 3
-1 0 1 0 -383 -924 3
-1 0 0 0 -383 -924 3
-1 0 1 0 995 98 3
-1 0 1 0 995 98 3
-1 0 1 0 995 98 3
-1 0 1 0 995 98 3
-1 0 1 0 995 98 3
-1 0 0 0 995 98 3
-1 0 1 0 -44 -999 3
-1 0 0 0 -44 -999 3
-1 0 0 0 -44 -999 3
-1 0 1 0 195 -981 3
-1 0 0 0 195 -981 3
-1 0 0 0 195 -981 3
-1 0 1 0 -195 -981 3
-1 0 1 0 -195 -981 3
-1 0 0 0 -195 -981 3
-1 0 1 0 -634 773 3
-1 0 1 1 924 -383 3
-1 0 1 0 924 -383 3
-1 0 1 0 924 -383 3
-1 0 1 0 924 -383 3
-1 0 1 0 924 -383 3
-1 0 1 0 924 -383 3
-1 0 0 0 924 -383 3
-1 0 1 0 831 -556 3
-1 0 0 0 831 -556 3
-1 0 0 0 831 -556 3
-1 0 1 0 0 -1000 3
-1 0 0 0 0 -1000 3
1 0 1 0 383 924 3
1 0 1 0 383 924 3
-1 0 1 0 383 924 3
-1 0 0 0 383 924 3
-1 0 1 0 -98 995 3
-1 0 1 0 -98 995 3
1 0 1 0 -98 995 3
-1 0 1 0 -98 995 3
1 0 1 0 -98 995 3
-1 0 1 0 -98 995 3
1 0 1 0 -98 995 3
1 0 1 0 -98 995 3
1 0 0 0 -98 995 3
0 0 1 0 882 471 3
1 0 1 0 882 471 3
1 0 1 0 882 471 3
1 0 0 0 882 471 3
1 0 1 0 556 831 3
-1 0 1 1 981 195 3
-1 0 0 0 981 195 3
-1 0 0 0 981 195 3
-1 0 1 0 -831 -556 3
-1 0 0 0 -831 -556 3
-1 0 1 0 -707 -707 3
-1 0 1 0 -707 -707 3
-1 0 0 0 -707 -707 3
-1 0 1 0 -634 -773 3
-1 0 0 0 -634 -773 3
-1 0 1 0 -831 -556 3
-1 0 1 0 -831 -556 3
-1 0 1 0 -831 -556 3
-1 0 1 0 -831 -556 3
-1 0 1 0 -831 -556 3
-1 0 1 0 -831 -556 3
-1 0 1 0 -831 -556 3
-1 0 1 0 -831 -556 3
-1 0 1 0 -831 -556 3
-1 0 1 0 -831 -556 3
-1 0 1 0 -831 -556 3
-1 0 0 0 -831 -556 3
-1 0 1 0 -471 -882 3
-1 0 0 0 -471 -882 3
-1 1 1 0 -773 634 3
-1 0 1 1 556 831 3
-1 0 1 0 556 831 3
-1 0 1 0 556 831 3
-1 0 1 0 556 831 3
-1 0 0 0 556 831 3
-1 0 1 0 566 -824 3
-1 0 0 0 566 -824 3
-1 0 1 0 634 -773 3
-1 0 0 0 634 -773 3
-1 0 1 0 659 -752 3
-1 0 0 0 659 -752 3
-1 0 1 0 695 -719 3
-1 0 0 0 695 -719 3
-1 0 1 0 0 -1000 3
-1 0 1 0 0 -1000 3
-1 0 0 0 0 -1000 3
-1 0 1 0 471 -882 3
-1 0 1 0 471 -882 3
-1 0 1 0 471 -882 3
-1 0 1 0 471 -882 3
-1 0 1 0 471 -882 3
-1 0 0 0 471 -882 3
-1 0 1 0 195 -981 3
-1 0 1 0 195 -981 3
-1 0 0 0 195 -981 3
-1 0 0 1 1000 0 3
-1 0 1 0 -1000 0 3
-1 0 0 0 -1000 0 3
-1 0 1 0 -383 924 3
-1 0 1 0 -383 924 3
-1 0 1 0 -383 924 3
-1 0 1 0 -383 924 3
-1 0 0 0 -383 924 3
-1 0 1 0 -383 924 3
-1 0 1 0 -383 924 3
-1 0 1 0 -383 924 3
-1 0 1 0 -383 924 3
-1 0 0 0 -383 924 3
-1 0 1 0 634 -773 3
-1 0 1 0 634 -773 3
-1 0 0 0 634 -773 3
-1 0 1 0 -383 924 3
-1 0 1 0 -383 924 3
-1 0 1 0 -383 924 3
-1 0 1 0 -383 924 3
-1 0 1 0 -383 924 3
-1 0 0 0 -383 924 3
-1 0 1 0 -290 957 3
-1 0 1 0 -290 957 3
-1 0 1 0 -290 957 3
-1 0 0 0 -290 957 3
-1 0 0 0 -290 957 3
-1 0 1 0 -634 -773 3
-1 0 1 1 -924 -383 3
-1 0 1 0 -924 -383 3
-1 0 1 0 -924 -383 3
-1 0 1 0 -924 -383 3
-1 0 1 0 -924 -383 3
-1 0 1 0 -924 -383 3
-1 0 1 0 -924 -383 3
-1 0 1 0 -924 -383 3
-1 0 0 0 -924 -383 3
-1 0 0 0 -924 -383 3
-1 0 1 0 924 383 3
-1 0 1 0 924 383 3
-1 0 1 0 924 383 3
-1 0 1 0 924 383 3
-1 0 0 0 924 383 3
-1 0 1 0 -924 -383 3
-1 0 0 0 -924 -383 3
-1 0 1 0 -707 707 3
-1 0 1 0 -707 707 3
-1 0 1 0 -707 707 3
-1 0 1 0 -707 707 3
-1 0 0 0 -707 707 3
-1 0 1 0 -229 -973 3
-1 0 0 0 -229 -973 3
-1 0 1 0 -187 -982 3
-1 0 1 1 924 383 3
-1 0 0 0 924 383 3
-1 0 1 0 178 -984 3
-1 0 0 0 178 -984 3
-1 0 1 0 221 -975 3
-1 0 0 0 221 -975 3
-1 0 0 0 221 -975 3
-1 0 1 0 383 924 3
-1 0 1 0 383 924 3
-1 0 1 0 383 924 3
-1 0 1 0 383 924 3
-1 0 1 0 383 924 3
-1 0 0 0 383 924 3
-1 0 1 0 957 -290 3
-1 0 0 0 957 -290 3
-1 0 1 0 195 -981 3
-1 0 1 0 195 -981 3
-1 0 1 0 195 -981 3
-1 0 0 0 195 -981 3
-1 0 1 0 995 98 3
-1 0 1 0 995 98 3
-1 0 0 0 995 98 3
-1 0 1 0 -471 -882 3
-1 0 1 0 -471 -882 3
-1 0 1 0 -471 -882 3
-1 0 1 0 -471 -882 3
-1 0 1 0 -471 -882 3
-1 0 1 1 -924 -383 3
-1 0 1 0 -924 -383 3
-1 0 0 0 -924 -383 3
-1 0 1 0 -981 -195 3
-1 0 1 0 -981 -195 3
-1 0 0 0 -981 -195 3
-1 0 1 0 -707 -707 3
-1 0 0 0 -707 -707 3
-1 0 0 0 -707 -707 3
-1 0 1 0 -195 -981 3
-1 0 1 0 -195 -981 3
-1 0 0 0 -195 -981 3
-1 0 0 0 -195 -981 3
-1 0 1 0 -707 707 3
-1 0 1 0 -707 707 3
-1 0 1 0 -707 707 3
-1 0 1 0 -707 707 3
-1 0 1 0 -707 707 3
-1 0 0 0 -707 707 3
-1 0 1 0 290 -957 3
-1 0 0 0 290 -957 3
-1 0 0 0 290 -957 3
-1 0 1 0 -995 98 3
-1 0 0 0 -995 98 3
-1 0 1 0 98 995 3
-1 0 1 0 98 995 3
-1 0 0 0 98 995 3
0 0 1 0 882 471 3
-1 0 1 0 882 471 3
-1 0 1 0 882 471 3
0 0 1 0 882 471 3
0 0 1 0 882 471 3
1 0 1 0 882 471 3
0 0 1 0 882 471 3
-1 0 1 0 882 471 3
1 0 1 0 882 471 3
-1 0 1 1 -1000 0 3
1 0 0 0 -1000 0 3
0 0 1 0 471 882 3
0 0 1 0 471 882 3
0 0 1 0 471 882 3
1 0 1 0 471 882 3
-1 0 1 0 471 882 3
1 0 1 0 471 882 3
0 0 0 0 471 882 3
1 0 1 0 556 831 3
1 0 1 0 556 831 3
1 0 1 0 556 831 3
-1 0 1 0 556 831 3
1 0 0 0 556 831 3
1 0 1 0 1000 0 3
1 0 1 0 1000 0 3
0 0 1 0 1000 0 3
1 0 1 0 1000 0 3
1 0 0 0 1000 0 3
0 0 1 0 924 -383 3
1 0 1 0 924 -383 3
1 0 1 0 924 -383 3
1 0 1 0 924 -383 3
1 0 1 0 924 -383 3
1 0 1 0 924 -383 3
1 0 0 0 924 -383 3
1 1 1 0 -471 -882 3
1 0 1 1 -831 556 3
1 0 1 0 -831 556 3
1 0 1 0 -831 556 3
1 0 1 0 -831 556 3
1 0 1 0 -831 556 3
1 0 1 0 -831 556 3
1 0 1 0 -831 556 3
1 0 1 0 -831 556 3
1 0 0 0 -831 556 3
1 0 1 0 773 -634 3
1 0 1 0 773 -634 3
1 0 1 0 773 -634 3
1 0 0 0 773 -634 3
1 0 1 0 707 707 3
1 0 1 0 707 707 3
1 0 1 0 707 707 3
1 0 1 0 707 707 3
1 0 1 0 707 707 3
1 0 1 0 707 707 3
1 0 1 0 707 707 3
1 0 1 0 707 707 3
1 0 1 0 707 707 3
1 0 0 0 707 707 3
1 0 1 0 995 98 3
1 0 0 0 995 98 3
1 0 1 0 957 290 3
1 0 0 0 957 290 3
1 0 1 0 -995 -98 3
1 0 1 0 -995 -98 3
1 0 1 0 -995 -98 3
1 0 0 0 -995 -98 3
1 0 1 0 -471 -882 3
1 0 0 0 -471 -882 3
1 0 1 0 383 924 3
1 0 0 0 383 924 3
1 0 1 0 -481 -877 3
1 0 0 0 -481 -877 3
1 0 1 0 -471 -882 3
1 0 0 0 -471 -882 3
1 0 1 0 195 981 3
1 0 1 0 195 981 3
1 0 0 0 195 981 3
1 0 0 0 195 981 3
1 0 1 0 0 1000 3
1 0 1 1 -556 -831 3
1 0 0 0 -556 -831 3
1 0 1 0 -707 707 3
1 0 0 0 -707 707 3
1 0 1 0 178 -984 3
1 0 0 0 178 -984 3
1 0 1 0 100 -995 3
1 0 0 0 100 -995 3
1 0 1 0 -707 707 3
1 0 0 0 -707 707 3
1 0 1 0 924 -383 3
1 0 1 0 924 -383 3
1 0 0 0 924 -383 3
1 0 1 0 383 924 3
1 0 1 0 383 924 3
1 0 1 0 383 924 3
1 0 1 0 383 924 3
1 0 0 0 383 924 3
1 0 1 0 -191 982 3
1 0 1 0 -191 982 3
1 0 0 0 -191 982 3
1 0 1 0 -195 981 3
1 0 1 0 -195 981 3
1 0 0 0 -195 981 3
1 0 1 0 -995 98 3
1 0 0 0 -995 98 3
1 0 1 0 471 -882 3
1 0 1 0 471 -882 3
1 0 1 1 -707 707 3
1 0 1 0 -707 707 3
1 0 1 0 -707 707 3
1 0 1 0 -707 707 3
1 0 1 0 -707 707 3
1 0 0 0 -707 707 3
1 0 1 0 -13 -1000 3
1 0 1 0 -13 -1000 3
1 0 0 0 -13 -1000 3
1 0 1 0 22 1000 3
1 0 0 0 22 1000 3
1 0 0 0 22 1000 3
1 0 1 0 -17 1000 3
1 0 0 0 -17 1000 3
1 0 1 0 -98 995 3
1 0 1 0 -98 995 3
1 0 1 0 -98 995 3
1 0 0 0 -98 995 3
1 0 1 0 -135 991 3
1 0 1 0 -135 991 3
1 0 1 0 -135 991 3
1 0 1 0 -135 991 3
1 0 1 0 -135 991 3
0 0 1 0 -135 991 3
-1 0 0 0 -135 991 3
1 0 1 0 -290 957 3
1 0 1 0 -290 957 3
1 0 1 1 383 -924 3
1 0 1 0 383 -924 3
1 0 0 0 383 -924 3
1 0 1 0 471 -882 3
1 0 0 0 471 -882 3
1 0 1 0 1000 0 3
1 0 1 0 1000 0 3
1 0 0 0 1000 0 3
1 0 1 0 831 -556 3
1 0 0 0 831 -556 3
1 0 1 0 831 -556 3
1 0 0 0 831 -556 3
1 0 1 0 707 -707 3
1 0 0 0 707 -707 3
1 0 1 0 -831 -556 3
0 0 0 0 -831 -556 3
1 0 1 0 -290 -957 3
1 0 1 0 -290 -957 3
0 0 1 0 -290 -957 3
1 0 1 0 -290 -957 3
1 0 1 0 -290 -957 3
1 0 0 0 -290 -957 3
1 0 1 0 773 -634 3
1 0 1 0 773 -634 3
1 0 1 0 773 -634 3
1 0 1 1 -981 195 3
1 0 1 0 -981 195 3
1 0 0 0 -981 195 3
1 0 1 0 -290 -957 3
1 0 1 0 -290 -957 3
1 0 1 0 -290 -957 3
1 1 1 0 -290 -957 3
1 0 1 0 -290 -957 3
1 0 1 0 -290 -957 3
1 0 1 0 -290 -957 3
1 0 1 0 -290 -957 3
1 0 1 0 -290 -957 3
-1 0 1 0 -290 -957 3
0 0 1 0 -290 -957 3
-1 0 1 0 -290 -957 3
1 0 1 0 -290 -957 3
0 0 1 0 -290 -957 3
0 0 1 0 -290 -957 3
1 0 1 0 -290 -957 3
-1 0 1 0 -290 -957 3
-1 0 0 0 -290 -957 3
-1 0 1 0 957 -290 3
-1 0 0 0 957 -290 3
-1 0 1 0 981 -195 3
0 0 1 0 981 -195 3
1 0 0 0 981 -195 3
1 0 1 0 471 882 3
1 0 1 1 -831 556 3
1 0 1 0 -831 556 3
1 0 1 0 -831 556 3
0 0 1 0 -831 556 3
1 0 0 0 -831 556 3
1 0 1 0 831 556 3
1 0 1 0 831 556 3
1 0 1 0 831 556 3
1 0 1 0 831 556 3
1 0 1 0 831 556 3
1 0 1 0 831 556 3
1 0 1 0 831 556 3
1 0 1 0 831 556 3
1 0 0 0 831 556 3
1 0 1 0 383 924 3
1 0 1 0 383 924 3
1 0 1 0 383 924 3
1 0 0 0 383 924 3
1 0 1 0 290 957 3
1 0 1 0 290 957 3
1 0 0 0 290 957 3
1 0 0 0 290 957 3
1 0 1 0 556 831 3
1 0 1 0 556 831 3
1 0 1 0 556 831 3
1 0 1 0 556 831 3
1 0 1 0 556 831 3
1 0 1 0 556 831 3
1 0 1 0 556 831 3
1 0 1 1 -556 -831 3
1 0 1 0 -556 -831 3
1 0 1 0 -556 -831 3
1 0 1 0 -556 -831 3
1 0 0 0 -556 -831 3
1 0 1 0 -471 882 3
1 0 0 0 -471 882 3
1 0 1 0 957 -290 3
1 0 1 0 957 -290 3
1 0 0 0 957 -290 3
1 0 1 0 -174 985 3
1 0 0 0 -174 985 3
1 0 1 0 -957 -290 3
1 0 1 0 -957 -290 3
1 0 1 0 -957 -290 3
1 0 0 0 -957 -290 3
1 0 1 0 -98 995 3
1 0 1 0 -98 995 3
1 0 1 0 -98 995 3
1 0 0 0 -98 995 3
1 0 1 0 383 -924 3
1 0 1 0 383 -924 3
1 0 0 0 383 -924 3
1 0 1 0 773 634 3
1 0 1 0 773 634 3
1 0 1 0 773 634 3
1 0 1 0 773 634 3
1 0 1 1 0 -1000 3
1 0 0 0 0 -1000 3
1 0 1 0 882 -471 3
1 0 1 0 882 -471 3
1 0 1 0 882 -471 3
1 0 0 0 882 -471 3
1 0 1 0 831 -556 3
1 0 1 0 831 -556 3
1 0 1 0 831 -556 3
1 0 1 0 831 -556 3
1 0 1 0 831 -556 3
1 0 1 0 831 -556 3
1 0 0 0 831 -556 3
1 0 1 0 831 -556 3
1 0 1 0 831 -556 3
1 0 1 0 831 -556 3
1 0 0 0 831 -556 3
1 0 1 0 383 -924 3
1 0 1 0 383 -924 3
1 0 1 0 383 -924 3
1 0 0 0 383 -924 3
1 0 1 0 290 -957 3
1 0 1 0 290 -957 3
1 0 0 0 290 -957 3
1 0 1 0 0 -1000 3
1 0 0 0 0 -1000 3
1 0 1 0 383 -924 3
1 0 1 0 383 -924 3
1 0 0 0 383 -924 3
1 0 1 0 74 -997 3
1 0 0 0 74 -997 3
1 0 1 0 22 -1000 3
1 0 0 0 22 -1000 3
1 0 1 0 -61 -998 3
1 0 0 0 -61 -998 3
1 0 1 0 -131 -991 3
1 0 0 0 -131 -991 3
1 0 1 0 -98 995 3
1 0 0 0 -98 995 3
1 0 1 0 290 957 3
1 0 1 0 290 957 3
1 0 1 0 290 957 3
1 0 1 0 290 957 3
1 0 0 0 290 957 3
1 0 1 0 471 882 3
1 0 1 0 471 882 3
1 0 0 0 471 882 3
1 0 0 1 -924 383 3
1 1 1 0 -707 -707 3
1 0 0 0 -707 -707 3
1 0 1 0 -434 -901 3
1 0 0 0 -434 -901 3
1 0 1 0 -556 -831 3
1 0 1 0 -556 -831 3
1 0 0 0 -556 -831 3
1 0 1 0 -290 -957 3
-1 0 1 0 -290 -957 3
1 0 1 0 -290 -957 3
1 0 1 0 -290 -957 3
1 0 0 0 -290 -957 3
1 0 1 0 981 195 3
1 0 0 0 981 195 3
1 0 1 0 -471 -882 3
1 0 1 0 -471 -882 3
1 0 1 0 -471 -882 3
1 0 0 0 -471 -882 3
1 0 1 0 383 -924 3
1 0 1 0 383 -924 3
1 0 1 0 383 -924 3
1 0 0 0 383 -924 3
1 0 1 0 -957 290 3
1 0 0 0 -957 290 3
1 0 1 0 -882 -471 3
1 0 1 0 -882 -471 3
1 0 1 0 -882 -471 3
1 0 0 0 -882 -471 3
1 0 1 0 634 773 3
1 0 1 0 634 773 3
1 0 0 0 634 773 3
1 0 1 0 924 383 3
1 0 1 0 924 383 3
1 0 0 0 924 383 3
1 0 1 0 556 831 3
1 0 1 0 556 831 3
1 0 1 0 556 831 3
1 0 1 0 556 831 3
1 0 0 0 556 831 3
1 0 1 0 471 -882 3
1 0 1 1 924 -383 3
1 0 1 0 924 -383 3
1 0 1 0 924 -383 3
1 0 0 0 924 -383 3
1 0 1 0 98 995 3
1 0 1 0 98 995 3
1 0 0 0 98 995 3
1 0 1 0 634 -773 3
1 0 1 0 634 -773 3
1 0 1 0 634 -773 3
1 0 1 0 634 -773 3
1 0 0 0 634 -773 3
1 0 1 0 831 556 3
1 0 0 0 831 556 3
1 0 1 0 -924 -383 3
1 0 0 0 -924 -383 3
1 0 1 0 882 471 3
1 0 0 0 882 471 3
1 0 1 0 773 -634 3
1 0 1 0 773 -634 3
1 0 0 0 773 -634 3
1 0 1 0 -152 988 3
1 0 0 0 -152 988 3
1 0 1 0 924 383 3
1 0 0 0 924 383 3
1 0 1 0 471 -882 3
1 0 1 1 707 707 3
1 0 0 0 707 707 3
1 0 0 0 707 707 3
1 1 1 0 195 -981 3
1 0 0 0 195 -981 3
1 0 1 0 -98 -995 3
1 0 1 0 -98 -995 3
1 0 0 0 -98 -995 3
1 0 0 0 -98 -995 3
1 0 1 0 -634 773 3
1 0 0 0 -634 773 3
1 0 1 0 -831 -556 3
1 0 0 0 -831 -556 3
1 0 1 0 -831 -556 3
1 0 1 0 -831 -556 3
1 0 1 0 -831 -556 3
1 0 0 0 -831 -556 3
1 0 1 0 0 1000 3
1 0 0 0 0 1000 3
1 0 1 0 0 -1000 3
1 0 1 0 0 -1000 3
1 0 0 0 0 -1000 3
1 0 1 0 556 -831 3
1 0 0 0 556 -831 3
1 0 1 0 -995 -98 3
1 0 0 0 -995 -98 3
1 0 1 0 -195 -981 3
1 0 1 0 -195 -981 3
1 0 0 0 -195 -981 3
1 0 1 0 831 -556 3
1 0 1 1 831 -556 3
1 0 1 0 831 -556 3
1 0 0 0 831 -556 3
1 0 1 0 98 995 3
1 0 1 0 98 995 3
0 0 1 0 98 995 3
-1 0 0 0 98 995 3
0 0 1 0 -383 924 3
-1 0 1 0 -383 924 3
-1 0 1 0 -383 924 3
0 0 1 0 -383 924 3
0 0 1 0 -383 924 3
0 0 1 0 -383 924 3
0 0 1 0 -383 924 3
0 0 1 0 -383 924 3
-1 0 1 0 -383 924 3
-1 0 0 0 -383 924 3
-1 0 1 0 -831 556 3
-1 0 1 0 -831 556 3
-1 0 0 0 -831 556 3
0 0 1 0 -556 831 3
-1 0 1 0 -556 831 3
0 0 0 0 -556 831 3
1 0 1 0 -957 290 3
0 0 0 0 -957 290 3
-1 0 1 0 -980 199 3
0 0 0 0 -980 199 3
-1 0 1 0 -992 -126 3
-1 0 1 0 -992 -126 3
-1 0 1 1 831 556 3
-1 0 1 0 831 556 3
-1 0 1 0 831 556 3
-1 0 0 0 831 556 3
-1 0 1 0 -290 -957 3
-1 0 0 0 -290 -957 3
-1 0 1 0 -634 -773 3
-1 0 1 0 -634 -773 3
-1 0 1 0 -634 -773 3
-1 0 1 0 -634 -773 3
-1 0 0 0 -634 -773 3
-1 0 0 0 -634 -773 3
-1 1 1 0 -126 992 3
-1 0 0 0 -126 992 3
-1 0 1 0 -105 995 3
-1 0 1 0 -105 995 3
-1 0 0 0 -105 995 3
-1 0 0 0 -105 995 3
-1 0 1 0 773 634 3
-1 0 0 0 773 634 3
-1 0 1 0 -924 -383 3
-1 0 0 0 -924 -383 3
-1 0 1 0 -290 957 3
-1 0 1 0 -290 957 3
-1 0 0 0 -290 957 3
-1 0 1 0 -882 471 3
-1 0 1 0 -882 471 3
-1 0 1 0 -882 471 3
-1 0 1 0 -882 471 3
-1 0 1 0 -882 471 3
-1 0 0 0 -882 471 3
-1 0 1 0 -995 98 3
-1 0 1 0 -995 98 3
-1 0 0 0 -995 98 3
-1 0 0 1 924 383 3
-1 0 1 0 634 -773 3
-1 0 0 0 634 -773 3
-1 0 1 0 -556 -831 3
-1 0 1 0 -556 -831 3
-1 0 1 0 -556 -831 3
-1 0 0 0 -556 -831 3
-1 0 0 0 -556 -831 3
-1 0 1 0 -195 981 3
-1 0 1 0 -195 981 3
-1 0 1 0 -195 981 3
-1 0 1 0 -195 981 3
-1 0 1 0 -195 981 3
-1 0 0 0 -195 981 3
-1 0 0 0 -195 981 3
-1 0 1 0 -290 -957 3
-1 0 1 0 -290 -957 3
-1 0 1 0 -290 -957 3
-1 0 1 0 -290 -957 3
-1 0 0 0 -290 -957 3
-1 0 1 0 0 -1000 3
-1 0 1 0 0 -1000 3
-1 0 0 0 0 -1000 3
-1 0 0 0 0 -1000 3
-1 0 0 0 0 -1000 3
-1 0 0 1 707 -707 3
-1 0 1 0 -195 981 3
-1 0 1 0 -195 981 3
-1 0 0 0 -195 981 3
-1 0 1 0 -634 -773 3
-1 0 1 0 -634 -773 3
-1 0 0 0 -634 -773 3
-1 0 0 0 -634 -773 3
-1 0 1 0 0 -1000 3
-1 0 0 0 0 -1000 3
-1 0 1 0 0 -1000 3
-1 0 0 0 0 -1000 3
-1 0 1 0 -995 -98 3
-1 0 1 0 -995 -98 3
-1 0 1 0 -995 -98 3
-1 0 1 0 -995 -98 3
-1 0 1 0 -995 -98 3
-1 0 1 0 -995 -98 3
-1 0 1 0 -995 -98 3
-1 0 0 0 -995 -98 3
-1 0 1 0 471 -882 3
-1 0 1 0 471 -882 3
-1 1 0 0 471 -882 3
-1 0 0 0 471 -882 3
-1 0 1 0 -924 383 3
-1 0 1 1 -831 -556 3
-1 0 1 0 -831 -556 3
-1 0 1 0 -831 -556 3
-1 0 1 0 -831 -556 3
-1 0 1 0 -831 -556 3
-1 0 1 0 -831 -556 3
-1 0 0 0 -831 -556 3
-1 0 1 0 195 981 3
-1 0 0 0 195 981 3
-1 0 1 0 0 1000 3
-1 0 1 0 0 1000 3
-1 0 0 0 0 1000 3
-1 0 0 0 0 1000 3
-1 0 1 0 -773 634 3
-1 0 0 0 -773 634 3
-1 0 1 0 122 993 3
-1 0 0 0 122 993 3
-1 0 0 0 122 993 3
-1 0 1 0 471 -882 3
-1 0 0 0 471 -882 3
-1 0 1 0 1000 0 3
-1 0 1 0 1000 0 3
-1 0 0 0 1000 0 3
-1 0 1 0 195 981 3
-1 0 0 0 195 981 3
-1 0 0 0 195 981 3
-1 0 0 1 924 383 3
-1 0 1 0 -773 -634 3
-1 0 1 0 -773 -634 3
-1 0 1 0 -773 -634 3
-1 0 0 0 -773 -634 3
-1 0 1 0 -290 -957 3
-1 0 1 0 -290 -957 3
-1 0 1 0 -290 -957 3
-1 0 0 0 -290 -957 3
-1 0 0 0 -290 -957 3
-1 0 1 0 -98 -995 3
-1 0 0 0 -98 -995 3
-1 0 1 0 98 -995 3
-1 0 0 0 98 -995 3
-1 0 1 0 -634 -773 3
-1 0 1 0 -634 -773 3
-1 0 1 0 -634 -773 3
-1 0 0 0 -634 -773 3
-1 0 1 0 -195 -981 3
-1 0 1 0 -195 -981 3
-1 0 0 0 -195 -981 3
-1 0 1 0 831 -556 3
-1 0 0 0 831 -556 3
-1 0 1 0 -707 -707 3
-1 0 1 0 -707 -707 3
-1 0 1 0 -707 -707 3
-1 0 1 0 -707 -707 3
-1 0 1 0 -707 -707 3
-1 0 1 0 -707 -707 3
-1 1 0 0 -707 -707 3
-1 0 0 0 -707 -707 3
-1 0 0 1 -383 924 3
-1 0 1 0 707 707 3
-1 0 1 0 707 707 3
1 0 1 0 707 707 3
-1 0 0 0 707 707 3
-1 0 1 0 556 -831 3
-1 0 0 0 556 -831 3
-1 0 1 0 882 471 3
1 0 1 0 882 471 3
1 0 1 0 882 471 3
1 0 1 0 882 471 3
1 0 1 0 882 471 3
1 0 1 0 882 471 3
0 0 1 0 882 471 3
0 0 1 0 882 471 3
1 0 1 0 882 471 3
1 1 1 0 882 471 3
1 0 0 0 882 471 3
-1 0 1 0 772 -636 3
1 0 1 0 772 -636 3
-1 0 1 0 772 -636 3
0 0 1 0 772 -636 3
0 0 0 0 772 -636 3
1 0 1 0 882 -471 3
-1 0 1 0 882 -471 3
-1 0 1 0 882 -471 3
-1 0 1 1 -831 556 3
-1 0 0 0 -831 556 3
-1 0 1 0 -950 313 3
-1 0 1 0 -950 313 3
-1 0 1 0 -950 313 3
-1 0 1 0 -950 313 3
-1 0 1 0 -950 313 3
-1 0 0 0 -950 313 3
0 0 1 0 707 -707 3
-1 0 0 0 707 -707 3
-1 0 1 0 1000 0 3
-1 0 1 0 1000 0 3
-1 0 0 0 1000 0 3
-1 0 1 0 -634 773 3
-1 0 0 0 -634 773 3
-1 0 1 0 634 773 3
-1 0 1 0 634 773 3
-1 0 1 0 634 773 3
-1 0 0 0 634 773 3
0 0 1 0 -957 290 3
-1 0 0 0 -957 290 3
-1 0 1 0 -548 836 3
-1 0 1 0 -548 836 3
0 0 0 0 -548 836 3
0 0 1 0 -924 383 3
-1 0 0 0 -924 383 3
0 0 1 0 -626 780 3
-1 0 0 0 -626 780 3
-1 0 1 0 -229 973 3
-1 0 1 0 -229 973 3
-1 0 0 0 -229 973 3
-1 0 1 0 -100 995 3
-1 0 0 0 -100 995 3
1 0 1 0 -612 791 3
-1 0 1 0 -612 791 3
1 0 1 0 -612 791 3
0 0 1 0 -612 791 3
0 0 1 0 -612 791 3
-1 0 1 0 -612 791 3
-1 0 1 0 -612 791 3
0 0 1 0 -612 791 3
1 0 0 0 -612 791 3
1 0 1 0 174 985 3
1 0 1 0 174 985 3
1 0 1 0 174 985 3
-1 0 0 0 174 985 3
-1 0 1 0 924 383 3
-1 0 0 0 924 383 3
1 0 1 0 -98 995 3
0 0 0 0 -98 995 3
-1 0 1 0 -957 -290 3
-1 0 1 1 924 -383 3
-1 0 1 0 924 -383 3
-1 0 1 0 924 -383 3
-1 0 0 0 924 -383 3
-1 0 1 0 -773 634 3
-1 0 0 0 -773 634 3
-1 0 1 0 -924 -383 3
-1 0 1 0 -924 -383 3
-1 0 0 0 -924 -383 3
-1 0 0 0 -924 -383 3
-1 0 1 0 -924 -383 3
-1 0 1 0 -924 -383 3
-1 0 1 0 -924 -383 3
-1 0 0 0 -924 -383 3
-1 0 1 0 -882 -471 3
-1 0 1 0 -882 -471 3
-1 0 1 0 -882 -471 3
-1 0 1 0 -882 -471 3
-1 0 0 0 -882 -471 3
-1 0 1 0 -707 -707 3
-1 0 1 0 -707 -707 3
-1 0 1 0 -707 -707 3
-1 0 0 0 -707 -707 3
-1 0 1 0 -707 -707 3
-1 0 1 0 -707 -707 3
-1 0 1 0 -707 -707 3
-1 0 1 0 -707 -707 3
-1 0 1 0 -707 -707 3
-1 0 1 0 -707 -707 3
-1 0 1 1 383 924 3
-1 0 1 0 383 924 3
-1 0 0 0 383 924 3
-1 0 1 0 -290 -957 3
-1 0 1 0 -290 -957 3
-1 0 1 0 -290 -957 3
-1 0 1 0 -290 -957 3
-1 0 1 0 -290 -957 3
-1 0 1 0 -290 -957 3
-1 0 1 0 -290 -957 3
-1 0 0 0 -290 -957 3
-1 0 1 0 -195 -981 3
-1 0 1 0 -195 -981 3
-1 0 1 0 -195 -981 3
-1 0 1 0 -195 -981 3
-1 0 1 0 -195 -981 3
-1 0 0 0 -195 -981 3
-1 0 1 0 485 -875 3
-1 0 0 0 485 -875 3
-1 0 1 0 552 -834 3
-1 0 1 0 552 -834 3
-1 0 0 0 552 -834 3
-1 0 1 0 471 -882 3
-1 0 0 0 471 -882 3
-1 0 1 0 634 -773 3
-1 0 1 0 634 -773 3
-1 0 1 1 383 924 3
-1 0 1 0 383 924 3
-1 0 0 0 383 924 3
-1 0 1 0 -707 -707 3
-1 0 0 0 -707 -707 3
-1 0 1 0 -471 882 3
-1 0 1 0 -471 882 3
-1 0 0 0 -471 882 3
-1 0 1 0 -195 981 3
-1 1 0 0 -195 981 3
-1 0 1 0 882 471 3
-1 0 1 0 882 471 3
-1 0 1 0 882 471 3
-1 0 1 0 882 471 3
-1 0 0 0 882 471 3
-1 0 1 0 981 195 3
-1 0 0 0 981 195 3
-1 0 1 0 471 -882 3
-1 0 1 0 471 -882 3
-1 0 0 0 471 -882 3
-1 0 1 0 0 -1000 3
-1 0 1 0 0 -1000 3
-1 0 1 0 0 -1000 3
-1 0 1 0 0 -1000 3
-1 0 1 0 0 -1000 3
-1 0 0 0 0 -1000 3
-1 0 1 0 534 -846 3
1 0 1 0 534 -846 3
-1 0 0 0 534 -846 3
1 0 1 0 636 -772 3
-1 0 1 1 981 -195 3
-1 0 1 0 981 -195 3
-1 0 0 0 981 -195 3
-1 0 1 0 -290 957 3
-1 0 1 0 -290 957 3
-1 0 0 0 -290 957 3
-1 0 0 0 -290 957 3
-1 0 1 0 -195 981 3
-1 0 0 0 -195 981 3
-1 0 1 0 -707 -707 3
-1 0 1 0 -707 -707 3
-1 0 1 0 -707 -707 3
-1 0 1 0 -707 -707 3
-1 0 1 0 -707 -707 3
-1 0 0 0 -707 -707 3
-1 0 1 0 -471 882 3
-1 0 1 0 -471 882 3
1 0 1 0 -471 882 3
-1 0 1 0 -471 882 3
-1 0 1 0 -471 882 3
-1 0 1 0 -471 882 3
-1 0 0 0 -471 882 3
-1 0 1 0 0 1000 3
-1 0 1 0 0 1000 3
-1 0 1 0 0 1000 3
-1 0 1 0 0 1000 3
-1 0 1 0 0 1000 3
-1 0 0 0 0 1000 3
-1 0 1 0 383 924 3
-1 0 1 1 0 -1000 3
-1 0 1 0 0 -1000 3
-1 0 0 0 0 -1000 3
-1 0 1 0 290 957 3
-1 0 1 0 290 957 3
-1 0 1 0 290 957 3
-1 0 0 0 290 957 3
-1 0 1 0 -924 383 3
-1 0 1 0 -924 383 3
-1 0 1 0 -924 383 3
-1 0 1 0 -924 383 3
-1 0 1 0 -924 383 3
-1 0 1 0 -924 383 3
-1 0 1 0 -924 383 3
-1 0 1 0 -924 383 3
-1 0 0 0 -924 383 3
-1 0 1 0 -882 -471 3
-1 0 1 0 -882 -471 3
-1 0 0 0 -882 -471 3
-1 0 1 0 -707 -707 3
-1 0 1 0 -707 -707 3
-1 0 0 0 -707 -707 3
-1 0 1 0 -995 -98 3
-1 0 1 0 -995 -98 3
0 0 1 0 -995 -98 3
-1 0 1 0 -995 -98 3
-1 0 0 0 -995 -98 3
-1 0 1 0 957 290 3
-1 0 0 0 957 290 3
-1 0 0 0 957 290 3
-1 0 0 1 383 924 3
-1 0 1 0 882 -471 3
-1 0 1 0 882 -471 3
-1 0 1 0 882 -471 3
-1 0 0 0 882 -471 3
-1 0 1 0 634 773 3
-1 0 1 0 634 773 3
-1 0 0 0 634 773 3
1 0 1 0 290 957 3
0 0 1 0 290 957 3
-1 0 0 0 290 957 3
0 0 1 0 195 981 3
-1 0 1 0 195 981 3
-1 0 1 0 195 981 3
-1 0 1 0 195 981 3
1 0 1 0 195 981 3
1 0 1 0 195 981 3
1 0 1 0 195 981 3
1 0 1 0 195 981 3
1 0 1 0 195 981 3
1 0 1 0 195 981 3
1 0 1 0 195 981 3
0 0 1 0 195 981 3
0 0 0 0 195 981 3
1 0 1 0 924 -383 3
1 0 1 0 924 -383 3
1 0 0 0 924 -383 3
1 0 1 0 914 -407 3
1 0 1 1 195 981 3
1 0 0 0 195 981 3
1 0 1 0 848 -530 3
1 0 1 0 848 -530 3
1 0 0 0 848 -530 3
1 0 1 0 831 556 3
1 0 1 0 831 556 3
1 0 1 0 831 556 3
1 0 0 0 831 556 3
1 0 1 0 -98 -995 3
1 0 0 0 -98 -995 3
1 0 1 0 383 -924 3
1 0 0 0 383 -924 3
1 0 1 0 831 556 3
1 0 1 0 831 556 3
1 0 1 0 831 556 3
1 0 0 0 831 556 3
1 0 1 0 -113 -994 3
1 0 0 0 -113 -994 3
1 0 1 0 -156 -988 3
1 0 0 0 -156 -988 3
1 0 1 0 -267 -964 3
1 0 0 0 -267 -964 3
1 0 0 0 -267 -964 3
1 0 1 0 195 981 3
1 0 1 0 195 981 3
1 0 1 1 -383 -924 3
1 0 1 0 -383 -924 3
1 0 0 0 -383 -924 3
1 0 1 0 87 -996 3
1 0 0 0 87 -996 3
1 0 1 0 17 -1000 3
1 0 0 0 17 -1000 3
1 0 0 0 17 -1000 3
1 0 1 0 882 -471 3
1 1 0 0 882 -471 3
1 0 1 0 -415 -910 3
1 0 0 0 -415 -910 3
1 0 1 0 -450 -893 3
1 0 0 0 -450 -893 3
1 0 1 0 -500 -866 3
1 0 0 0 -500 -866 3
1 0 0 0 -500 -866 3
1 0 1 0 -534 -846 3
1 0 0 0 -534 -846 3
1 0 1 0 -634 773 3
1 0 1 0 -634 773 3
1 0 0 0 -634 773 3
1 0 1 0 -383 924 3
1 0 1 0 -383 924 3
1 0 1 0 -383 924 3
1 0 1 1 -383 -924 3
1 0 0 0 -383 -924 3
1 0 1 0 -98 995 3
1 0 1 0 -98 995 3
1 0 1 0 -98 995 3
1 0 0 0 -98 995 3
1 0 1 0 995 -98 3
1 0 1 0 995 -98 3
1 0 0 0 995 -98 3
1 0 1 0 -98 995 3
1 0 1 0 -98 995 3
1 0 0 0 -98 995 3
1 0 1 0 290 -957 3
1 0 0 0 290 -957 3
1 0 0 0 290 -957 3
1 0 1 0 383 -924 3
1 0 1 0 383 -924 3
1 0 0 0 383 -924 3
1 0 1 0 556 -831 3
1 0 1 0 556 -831 3
1 0 0 0 556 -831 3
1 0 1 0 707 -707 3
1 0 1 0 707 -707 3
1 0 1 0 707 -707 3
1 0 1 0 707 -707 3
1 0 1 0 707 -707 3
1 0 1 0 707 -707 3
1 1 1 0 707 -707 3
1 0 1 1 -707 707 3
1 0 0 0 -707 707 3
1 0 1 0 195 981 3
1 0 1 0 195 981 3
1 0 0 0 195 981 3
1 0 1 0 383 924 3
1 0 1 0 383 924 3
1 0 1 0 383 924 3
1 0 1 0 383 924 3
1 0 1 0 383 924 3
1 0 0 0 383 924 3
1 0 1 0 471 882 3
1 0 1 0 471 882 3
1 0 1 0 471 882 3
1 0 0 0 471 882 3
1 0 1 0 981 195 3
1 0 1 0 981 195 3
1 0 0 0 981 195 3
1 0 0 0 981 195 3
1 0 1 0 924 -383 3
1 0 0 0 924 -383 3
1 0 1 0 -195 -981 3
1 0 1 0 -195 -981 3
-1 0 1 0 -195 -981 3
1 1 1 0 -195 -981 3
0 0 1 0 -195 -981 3
0 0 1 0 -195 -981 3
-1 0 1 0 -195 -981 3
-1 0 1 0 -195 -981 3
0 0 1 0 -195 -981 3
0 0 1 0 -195 -981 3
0 0 0 0 -195 -981 3
1 0 1 0 -882 -471 3
-1 0 1 0 -882 -471 3
1 0 0 0 -882 -471 3
0 0 1 0 -995 -98 3
0 0 1 0 -995 -98 3
-1 0 1 0 -995 -98 3
-1 0 0 0 -995 -98 3
1 0 1 0 634 773 3
-1 0 1 0 634 773 3
-1 0 1 0 634 773 3
1 0 1 0 634 773 3
-1 0 1 0 634 773 3
1 0 1 1 -556 -831 3
1 0 1 0 -556 -831 3
0 0 1 0 -556 -831 3
0 0 0 0 -556 -831 3
1 0 1 0 634 773 3
-1 0 1 0 634 773 3
0 0 1 0 634 773 3
0 0 1 0 634 773 3
-1 0 1 0 634 773 3
1 0 0 0 634 773 3
0 0 1 0 -284 959 3
1 0 1 0 -284 959 3
1 0 0 0 -284 959 3
1 0 1 0 -290 957 3
1 0 1 0 -290 957 3
1 0 1 0 -290 957 3
1 0 0 0 -290 957 3
1 0 1 0 773 634 3
1 0 0 0 773 634 3
0 0 1 0 855 -519 3
1 0 0 0 855 -519 3
1 0 1 0 707 -707 3
1 0 1 0 707 -707 3
1 0 0 0 707 -707 3
1 0 1 0 471 -882 3
1 0 0 0 471 -882 3
1 0 1 0 773 -634 3
1 0 1 0 773 -634 3
1 0 1 0 773 -634 3
1 0 1 1 -1000 0 3
1 0 1 0 -1000 0 3
1 0 0 0 -1000 0 3
1 0 1 0 471 -882 3
1 0 1 0 471 -882 3
1 0 1 0 471 -882 3
1 0 0 0 471 -882 3
1 0 1 0 290 -957 3
1 0 0 0 290 -957 3
1 0 1 0 831 -556 3
1 0 1 0 831 -556 3
1 0 1 0 831 -556 3
1 0 1 0 831 -556 3
1 0 1 0 831 -556 3
1 0 1 0 831 -556 3
1 0 1 0 831 -556 3
1 0 1 0 831 -556 3
1 0 1 0 831 -556 3
1 0 1 0 831 -556 3
1 0 0 0 831 -556 3
1 0 1 0 383 -924 3
1 0 1 0 383 -924 3
1 0 1 0 383 -924 3
1 0 0 0 383 -924 3
1 0 0 0 383 -924 3
1 0 0 1 -831 556 3
1 0 1 0 924 383 3
1 0 1 0 924 383 3
1 0 0 0 924 383 3
1 0 1 0 -634 -773 3
1 0 1 0 -634 -773 3
1 0 0 0 -634 -773 3
1 0 1 0 195 -981 3
1 0 1 0 195 -981 3
1 0 0 0 195 -981 3
1 0 1 0 773 634 3
1 0 1 0 773 634 3
1 0 1 0 773 634 3
1 0 0 0 773 634 3
1 0 1 0 773 -634 3
1 0 1 0 773 -634 3
1 0 1 0 773 -634 3
1 0 0 0 773 -634 3
1 0 1 0 383 -924 3
1 0 1 0 383 -924 3
1 0 1 0 383 -924 3
1 0 0 0 383 -924 3
1 0 1 0 707 707 3
1 0 0 0 707 707 3
1 1 1 0 556 831 3
1 0 1 1 -707 707 3
1 0 1 0 -707 707 3
1 0 1 0 -707 707 3
1 0 1 0 -707 707 3
1 0 0 0 -707 707 3
1 0 0 0 -707 707 3
1 0 1 0 -383 -924 3
1 0 1 0 -383 -924 3
1 0 1 0 -383 -924 3
1 0 0 0 -383 -924 3
1 0 0 0 -383 -924 3
1 0 1 0 -924 -383 3
1 0 0 0 -924 -383 3
1 0 1 0 773 -634 3
1 0 1 0 773 -634 3
1 0 1 0 773 -634 3
1 0 1 0 773 -634 3
1 0 1 0 773 -634 3
1 1 0 0 773 -634 3
1 0 1 0 831 556 3
1 0 1 0 831 556 3
1 0 1 0 831 556 3
1 0 1 0 831 556 3
1 0 0 0 831 556 3
1 0 1 0 -471 882 3
1 0 1 0 -471 882 3
1 0 0 0 -471 882 3
1 0 1 0 383 924 3
1 0 1 0 383 924 3
1 0 0 0 383 924 3
1 0 1 0 -707 -707 3
1 0 1 0 -707 -707 3
1 0 1 0 -707 -707 3
1 0 1 0 -707 -707 3
1 0 1 1 -383 924 3
1 0 0 0 -383 924 3
1 0 1 0 383 924 3
1 0 1 0 383 924 3
1 0 1 0 383 924 3
1 0 1 0 383 924 3
1 0 1 0 383 924 3
1 0 1 0 383 924 3
1 0 1 0 383 924 3
1 0 0 0 383 924 3
1 0 0 0 383 924 3
1 0 1 0 290 957 3
1 0 1 0 290 957 3
1 0 1 0 290 957 3
1 0 1 0 290 957 3
1 0 1 0 290 957 3
1 0 1 0 290 957 3
1 0 1 0 290 957 3
1 0 0 0 290 957 3
1 0 1 0 98 995 3
1 0 1 0 98 995 3
1 0 1 0 98 995 3
1 0 1 0 98 995 3
1 0 0 0 98 995 3
1 0 1 0 0 1000 3
1 0 1 1 -383 -924 3
1 0 1 0 -383 -924 3
1 0 0 0 -383 -924 3
1 0 1 0 -98 995 3
1 0 1 0 -98 995 3
1 0 1 0 -98 995 3
1 0 0 0 -98 995 3
1 0 0 0 -98 995 3
1 0 1 0 243 -970 3
1 0 0 0 243 -970 3
1 0 1 0 147 -989 3
1 0 1 0 147 -989 3
1 0 1 0 147 -989 3
1 0 1 0 147 -989 3
1 0 1 0 147 -989 3
1 0 1 0 147 -989 3
1 0 1 0 147 -989 3
-1 0 1 0 147 -989 3
-1 0 1 0 147 -989 3
1 1 1 0 147 -989 3
-1 0 1 0 147 -989 3
0 0 1 0 147 -989 3
-1 0 1 0 147 -989 3
-1 0 1 0 147 -989 3
-1 0 1 0 147 -989 3
-1 0 1 0 147 -989 3
-1 0 0 0 147 -989 3
-1 0 1 0 -904 -428 3
1 0 1 1 981 -195 3
-1 0 1 0 981 -195 3
-1 0 1 0 981 -195 3
0 0 0 0 981 -195 3
-1 0 1 0 98 995 3
-1 0 1 0 98 995 3
1 0 1 0 98 995 3
1 0 0 0 98 995 3
1 0 1 0 989 147 3
1 0 0 0 989 147 3
1 0 1 0 773 634 3
1 0 1 0 773 634 3
1 0 1 0 773 634 3
1 0 1 0 773 634 3
1 0 1 0 773 634 3
1 0 1 0 773 634 3
1 0 0 0 773 634 3
1 0 1 0 383 924 3
1 0 1 0 383 924 3
1 0 0 0 383 924 3
1 0 1 0 383 924 3
1 0 0 0 383 924 3
1 0 1 0 471 882 3
0 0 1 0 471 882 3
1 0 1 0 471 882 3
1 0 1 0 471 882 3
1 0 1 0 471 882 3
1 0 1 0 471 882 3
1 0 1 1 -383 -924 3
1 0 1 0 -383 -924 3
1 0 1 0 -383 -924 3
1 0 1 0 -383 -924 3
1 0 1 0 -383 -924 3
1 0 1 0 -383 -924 3
1 0 0 0 -383 -924 3
1 0 1 0 -49 999 3
1 0 1 0 -49 999 3
1 0 1 0 -49 999 3
1 0 0 0 -49 999 3
1 0 1 0 970 -243 3
1 0 1 0 970 -243 3
1 0 1 0 970 -243 3
1 0 1 0 970 -243 3
1 0 1 0 970 -243 3
1 0 1 0 970 -243 3
1 0 0 0 970 -243 3
1 0 1 0 -882 -471 3
1 0 1 0 -882 -471 3
1 0 1 0 -882 -471 3
1 0 1 0 -882 -471 3
1 0 1 0 -882 -471 3
1 0 0 0 -882 -471 3
0 0 1 0 -831 556 3
0 0 1 0 -831 556 3
0 0 1 0 -831 556 3
-1 0 1 0 -831 556 3
1 0 1 0 -831 556 3
0 0 1 0 -831 556 3
-1 0 1 0 -831 556 3
-1 0 1 0 -831 556 3
-1 0 1 0 -831 556 3
-1 0 1 0 -831 556 3
-1 0 1 0 -831 556 3
-1 0 1 0 -831 556 3
-1 0 1 0 -831 556 3
-1 0 1 1 -916 400 3
-1 0 0 0 -916 400 3
-1 0 1 0 -428 -904 3
-1 0 0 0 -428 -904 3
-1 0 0 0 -428 -904 3
-1 0 1 0 49 999 3
-1 0 0 0 49 999 3
-1 0 1 0 383 924 3
1 0 1 0 383 924 3
0 0 1 0 383 924 3
-1 0 1 0 383 924 3
1 0 1 0 383 924 3
0 0 1 0 383 924 3
1 0 1 0 383 924 3
1 0 1 0 383 924 3
1 0 1 0 383 924 3
1 0 1 0 383 924 3
1 0 1 0 383 924 3
1 0 1 0 383 924 3
1 0 1 0 383 924 3
1 0 1 0 383 924 3
1 0 1 0 383 924 3
1 0 1 0 383 924 3
1 0 0 0 383 924 3
1 0 1 0 773 -634 3
1 0 1 0 773 -634 3
1 0 1 0 773 -634 3
1 0 0 0 773 -634 3
1 0 1 0 981 195 3
1 0 1 0 981 195 3
1 0 0 0 981 195 3
1 0 1 0 -290 957 3
1 0 0 0 -290 957 3
1 0 1 0 -942 337 3
1 0 1 0 -942 337 3
1 0 1 0 -942 337 3
0 0 1 0 -942 337 3
-1 0 1 0 -942 337 3
-1 0 1 1 1000 0 3
-1 0 1 0 1000 0 3
0 0 1 0 1000 0 3
-1 0 1 0 1000 0 3
-1 0 1 0 1000 0 3
-1 0 1 0 1000 0 3
-1 0 1 0 1000 0 3
-1 0 0 0 1000 0 3
-1 0 0 0 1000 0 3
-1 0 1 0 -195 -981 3
-1 1 0 0 -195 -981 3
-1 0 1 0 -995 98 3
-1 0 1 0 -995 98 3
-1 0 0 0 -995 98 3
-1 0 0 0 -995 98 3
-1 0 1 0 -942 337 3
-1 0 1 0 -942 337 3
-1 0 1 0 -942 337 3
-1 0 1 0 -942 337 3
-1 0 1 0 -942 337 3
-1 0 1 0 -942 337 3
-1 0 0 0 -942 337 3
-1 0 1 0 74 997 3
-1 0 0 0 74 997 3
1 0 1 0 858 514 3
-1 0 1 1 0 -1000 3
1 0 1 0 0 -1000 3
1 0 1 0 0 -1000 3
1 0 1 0 0 -1000 3
1 0 1 0 0 -1000 3
1 0 1 0 0 -1000 3
1 0 1 0 0 -1000 3
1 0 1 0 0 -1000 3
1 0 1 0 0 -1000 3
1 0 1 0 0 -1000 3
1 0 0 0 0 -1000 3
1 0 1 0 634 -773 3
-1 0 1 0 634 -773 3
