-1 0 1 0 -234 -972 -1
1 0 1 0 -234 -972 -1
0 0 1 0 -234 -972 -1
0 0 1 0 -234 -972 -1
0 0 1 0 -234 -972 -1
0 0 1 0 -234 -972 -1
-1 0 0 0 -98 -995 -1
-1 0 1 0 924 -381 -1
-1 0 1 0 924 -381 -1
-1 0 1 0 924 -381 -1
0 0 1 0 924 -381 -1
0 0 1 0 924 -381 -1
1 0 1 0 924 -381 -1
0 0 1 0 924 -381 -1
0 0 1 0 924 -381 -1
1 0 1 0 924 -381 -1
0 0 1 0 924 -381 -1
-1 0 1 0 924 -381 -1
1 0 1 0 924 -381 -1
1 0 0 0 924 -383 -1
1 0 1 0 752 659 -1
1 0 1 0 752 659 -1
1 0 1 0 752 659 -1
1 0 0 0 752 659 -1
1 0 0 0 773 634 -1
1 0 1 0 707 707 -1
1 0 1 0 707 707 -1
1 0 1 0 707 707 -1
1 0 1 0 -981 -195 -1
1 0 0 0 -981 -195 -1
1 0 1 0 383 924 -1
1 0 1 0 383 924 -1
1 0 0 0 383 924 -1
1 0 1 0 -981 195 -1
1 0 1 0 -981 195 -1
1 0 1 0 -981 195 -1
1 0 0 0 -981 195 -1
1 0 0 0 -981 195 -1
1 0 1 0 786 -618 -1
1 0 1 0 786 -618 -1
1 0 1 0 786 -618 -1
1 0 1 0 786 -618 -1
1 0 1 0 786 -618 -1
1 0 0 0 773 -634 -1
1 0 1 0 779 -627 -1
1 0 1 0 779 -627 -1
1 0 1 0 779 -627 -1
1 0 1 0 779 -627 -1
1 0 1 0 779 -627 -1
1 0 0 0 773 -634 -1
1 0 1 0 787 -616 -1
1 0 1 0 787 -616 -1
1 0 1 0 787 -616 -1
1 0 1 0 787 -616 -1
1 0 1 0 787 -616 -1
1 0 1 0 787 -616 -1
1 0 1 0 787 -616 -1
1 0 0 0 773 -634 -1
1 0 1 0 580 -815 -1
1 0 1 0 580 -815 -1
1 0 1 0 580 -815 -1
1 0 1 0 580 -815 -1
1 0 1 0 580 -815 -1
1 0 1 0 580 -815 -1
1 1 0 0 634 -773 -1
1 0 0 0 634 -773 -1
1 0 0 0 634 -773 -1
1 0 1 0 139 990 -1
1 0 0 0 139 990 -1
1 1 1 0 122 993 -1
1 0 0 0 122 993 -1
1 0 1 0 118 993 -1
1 0 0 0 118 993 -1
1 0 1 0 92 996 -1
1 0 0 0 92 996 -1
1 0 1 0 383 924 -1
1 0 1 0 383 924 -1
1 0 1 0 383 924 -1
1 0 0 0 383 924 -1
1 0 1 0 924 -383 -1
1 0 1 0 924 -383 -1
1 0 0 0 924 -383 -1
1 0 1 0 -290 -957 -1
1 0 1 0 -290 -957 -1
1 0 0 0 -290 -957 -1
1 0 1 0 957 -290 -1
1 0 1 0 957 -290 -1
1 0 1 0 957 -290 -1
1 0 1 0 957 -290 -1
1 0 1 0 957 -290 -1
1 0 1 0 957 -290 -1
1 0 1 0 957 -290 -1
1 0 1 0 957 -290 -1
1 0 0 0 957 -290 -1
1 0 1 0 773 -634 -1
1 0 1 0 773 -634 -1
1 0 1 0 773 -634 -1
1 0 1 0 773 -634 -1
1 0 1 0 773 -634 -1
1 0 1 0 773 -634 -1
1 0 1 0 773 -634 -1
1 0 0 0 773 -634 -1
1 0 1 0 634 -773 -1
1 0 0 0 634 -773 -1
1 0 1 0 882 471 -1
1 0 0 0 882 471 -1
1 0 1 0 957 -290 -1
1 0 1 0 957 -290 -1
1 0 1 0 957 -290 -1
1 0 1 0 957 -290 -1
1 0 1 0 957 -290 -1
1 0 1 0 957 -290 -1
1 0 1 0 957 -290 -1
1 0 1 0 957 -290 -1
1 0 1 0 957 -290 -1
1 0 1 0 957 -290 -1
1 0 1 0 957 -290 -1
1 0 1 0 957 -290 -1
1 0 1 0 957 -290 -1
1 0 1 0 957 -290 -1
1 0 1 0 957 -290 -1
1 0 1 0 957 -290 -1
1 0 0 0 957 -290 -1
1 0 1 0 195 981 -1
1 1 0 0 195 981 -1
1 0 1 0 126 992 -1
1 0 0 0 126 992 -1
1 0 1 0 195 981 -1
1 0 1 0 195 981 -1
1 0 1 0 195 981 -1
1 0 0 0 195 981 -1
1 0 1 0 831 556 -1
1 0 1 0 831 556 -1
1 0 0 0 831 556 -1
1 0 1 0 195 981 -1
1 0 1 0 195 981 -1
1 0 1 0 195 981 -1
1 0 0 0 195 981 -1
1 0 1 0 195 981 -1
1 0 1 0 195 981 -1
1 0 1 0 195 981 -1
1 0 0 0 195 981 -1
1 0 0 0 195 981 -1
1 1 1 0 290 957 -1
1 0 1 0 290 957 -1
1 0 1 0 290 957 -1
1 0 0 0 290 957 -1
1 0 0 0 290 957 -1
1 0 1 0 -290 957 -1
1 0 1 0 -290 957 -1
1 0 1 0 -290 957 -1
1 0 1 0 -290 957 -1
1 0 1 0 -290 957 -1
1 0 1 0 -290 957 -1
1 0 0 0 -290 957 -1
1 0 1 0 995 98 -1
1 0 1 0 995 98 -1
1 0 1 0 995 98 -1
1 0 0 0 995 98 -1
1 0 1 0 -773 634 -1
1 0 1 0 -773 634 -1
1 0 1 0 -773 634 -1
1 0 0 0 -773 634 -1
1 0 1 0 195 -981 -1
1 0 1 0 195 -981 -1
1 0 1 0 195 -981 -1
1 0 0 0 195 -981 -1
1 0 1 0 471 882 -1
1 0 0 0 471 882 -1
1 0 1 0 882 471 -1
1 0 1 0 882 471 -1
1 0 1 0 882 471 -1
1 0 1 0 882 471 -1
1 0 1 0 882 471 -1
1 0 1 0 882 471 -1
1 0 0 0 882 471 -1
1 0 1 0 195 -981 -1
1 0 1 0 195 -981 -1
1 0 0 0 195 -981 -1
1 0 0 0 195 -981 -1
1 0 1 0 924 -383 -1
1 0 1 0 924 -383 -1
1 0 0 0 924 -383 -1
1 0 1 0 471 -882 -1
1 0 1 0 471 -882 -1
1 0 0 0 471 -882 -1
1 0 1 0 882 -471 -1
1 0 1 0 882 -471 -1
1 0 1 0 882 -471 -1
1 0 0 0 882 -471 -1
1 0 1 0 383 924 -1
1 0 1 0 383 924 -1
1 0 1 0 383 924 -1
1 0 1 0 383 924 -1
1 0 1 0 383 924 -1
1 0 1 0 383 924 -1
1 0 0 0 383 924 -1
1 0 1 0 -924 383 -1
1 0 1 0 -924 383 -1
1 0 0 0 -924 383 -1
1 0 1 0 -98 -995 -1
1 0 1 0 -98 -995 -1
1 0 0 0 -98 -995 -1
1 0 1 0 634 -773 -1
1 0 1 0 634 -773 -1
1 0 1 0 634 -773 -1
1 0 1 0 634 -773 -1
1 0 1 0 634 -773 -1
1 0 1 0 634 -773 -1
1 0 1 0 634 -773 -1
1 0 0 0 634 -773 -1
1 0 0 0 634 -773 -1
1 0 0 0 634 -773 -1
1 0 1 0 182 -983 -1
1 0 0 0 182 -983 -1
1 0 1 0 118 -993 -1
1 0 0 0 118 -993 -1
1 0 0 0 118 -993 -1
1 0 1 0 74 -997 -1
1 0 0 0 74 -997 -1
1 0 1 0 -195 -981 -1
1 0 1 0 -195 -981 -1
1 0 0 0 -195 -981 -1
1 1 1 0 100 995 -1
1 0 0 0 100 995 -1
1 0 1 0 290 957 -1
1 0 1 0 290 957 -1
1 0 0 0 290 957 -1
1 0 1 0 290 -957 -1
1 0 0 0 290 -957 -1
1 0 1 0 383 924 -1
1 0 1 0 383 924 -1
1 0 1 0 383 924 -1
1 0 1 0 383 924 -1
1 0 1 0 383 924 -1
1 0 0 0 383 924 -1
1 0 0 0 383 924 -1
1 0 1 0 -98 995 -1
1 0 0 0 -98 995 -1
1 0 1 0 383 -924 -1
1 0 1 0 383 -924 -1
1 0 1 0 383 -924 -1
1 0 1 0 383 -924 -1
1 0 0 0 383 -924 -1
1 0 1 0 831 -556 -1
1 0 1 0 831 -556 -1
1 0 0 0 831 -556 -1
1 0 1 0 924 -383 -1
1 0 0 0 924 -383 -1
1 0 1 0 882 471 -1
1 0 1 0 882 471 -1
1 0 1 0 882 471 -1
1 0 1 0 882 471 -1
1 0 0 0 882 471 -1
1 0 1 0 135 -991 -1
1 0 0 0 135 -991 -1
1 0 1 0 471 -882 -1
1 0 1 0 471 -882 -1
1 0 1 0 471 -882 -1
1 0 1 0 471 -882 -1
1 0 0 0 471 -882 -1
1 0 0 0 471 -882 -1
1 1 1 0 981 195 -1
1 0 1 0 981 195 -1
1 0 0 0 981 195 -1
1 0 1 0 96 995 -1
1 0 0 0 96 995 -1
1 0 0 0 96 995 -1
1 0 1 0 -243 970 -1
1 0 1 0 -243 970 -1
1 0 0 0 -243 970 -1
1 0 1 0 -924 383 -1
1 0 1 0 -924 383 -1
1 0 0 0 -924 383 -1
1 0 1 0 -924 -383 -1
1 0 0 0 -924 -383 -1
1 0 1 0 0 -1000 -1
1 0 1 0 0 -1000 -1
1 0 1 0 0 -1000 -1
1 0 0 0 0 -1000 -1
1 0 1 0 471 882 -1
1 0 1 0 471 882 -1
1 0 1 0 471 882 -1
1 0 0 0 471 882 -1
1 0 1 0 957 -290 -1
1 0 1 0 957 -290 -1
1 0 1 0 957 -290 -1
1 0 1 0 957 -290 -1
1 0 1 0 957 -290 -1
1 0 1 0 957 -290 -1
1 0 1 0 957 -290 -1
1 0 0 0 957 -290 -1
1 0 1 0 -471 -882 -1
1 0 0 0 -471 -882 -1
1 0 1 0 -904 -428 -1
1 0 1 0 -904 -428 -1
1 0 1 0 -904 -428 -1
1 0 1 0 -904 -428 -1
1 0 0 0 -904 -428 -1
1 0 1 0 -634 -773 -1
1 0 0 0 -634 -773 -1
1 0 1 0 981 -195 -1
1 0 1 0 981 -195 -1
1 0 1 0 981 -195 -1
1 0 1 0 981 -195 -1
1 0 0 0 981 -195 -1
1 0 1 0 148 -989 -1
1 0 0 0 148 -989 -1
1 0 1 0 556 831 -1
1 0 0 0 556 831 -1
1 0 1 0 634 -773 -1
1 0 1 0 634 -773 -1
1 0 1 0 634 -773 -1
1 0 1 0 634 -773 -1
1 0 0 0 634 -773 -1
1 0 1 0 556 -831 -1
1 0 1 0 556 -831 -1
1 0 1 0 556 -831 -1
1 0 1 0 556 -831 -1
1 0 0 0 556 -831 -1
1 0 1 0 514 -858 -1
1 0 1 0 514 -858 -1
1 0 1 0 514 -858 -1
1 0 1 0 514 -858 -1
1 0 0 0 514 -858 -1
1 0 1 0 -741 672 -1
1 0 0 0 -741 672 -1
1 0 1 0 -65 998 -1
1 0 0 0 -65 998 -1
1 0 1 0 556 -831 -1
1 0 1 0 556 -831 -1
1 0 1 0 556 -831 -1
1 0 1 0 556 -831 -1
1 0 1 0 556 -831 -1
1 0 0 0 556 -831 -1
1 0 1 0 -98 -995 -1
1 0 0 0 -98 -995 -1
1 0 1 0 596 -803 -1
1 0 1 0 596 -803 -1
1 0 1 0 596 -803 -1
1 0 0 0 596 -803 -1
1 0 1 0 471 -882 -1
1 0 1 0 471 -882 -1
1 0 0 0 471 -882 -1
1 0 0 0 471 -882 -1
1 0 1 0 904 428 -1
1 0 1 0 904 428 -1
1 0 1 0 904 428 -1
1 0 0 0 904 428 -1
1 0 1 0 -290 -957 -1
1 0 1 0 -290 -957 -1
1 1 1 0 -290 -957 -1
1 0 1 0 -290 -957 -1
1 0 1 0 -290 -957 -1
1 0 1 0 -290 -957 -1
1 0 1 0 -290 -957 -1
1 0 1 0 -290 -957 -1
1 0 0 0 -290 -957 -1
1 0 1 0 -725 -688 -1
1 0 0 0 -725 -688 -1
1 0 1 0 -882 -471 -1
1 0 1 0 -882 -471 -1
1 0 0 0 -882 -471 -1
1 0 1 0 556 831 -1
1 0 1 0 556 831 -1
1 0 1 0 556 831 -1
1 0 1 0 556 831 -1
1 0 1 0 556 831 -1
1 0 1 0 556 831 -1
1 0 1 0 556 831 -1
1 0 1 0 556 831 -1
1 0 1 0 556 831 -1
1 0 1 0 556 831 -1
1 0 1 0 556 831 -1
1 0 1 0 556 831 -1
1 0 1 0 556 831 -1
1 0 1 0 556 831 -1
1 0 1 0 556 831 -1
1 0 1 0 556 831 -1
1 0 1 0 556 831 -1
1 0 1 0 556 831 -1
-1 0 1 0 556 831 -1
0 0 1 0 556 831 -1
0 0 1 0 556 831 -1
-1 0 1 0 556 831 -1
1 0 1 0 556 831 -1
-1 0 1 0 556 831 -1
1 0 1 0 556 831 -1
-1 0 1 0 556 831 -1
1 0 1 0 556 831 -1
1 0 1 0 556 831 -1
1 0 1 0 556 831 -1
1 0 1 0 556 831 -1
1 0 1 0 556 831 -1
1 0 0 0 556 831 -1
1 0 1 0 -843 537 -1
1 0 1 0 -843 537 -1
1 0 0 0 -843 537 -1
1 0 1 0 -877 481 -1
1 0 0 0 -877 481 -1
1 0 1 0 -891 454 -1
1 0 0 0 -891 454 -1
1 0 1 0 -904 428 -1
1 0 0 0 -904 428 -1
1 0 1 0 -915 403 -1
1 0 0 0 0 -1 -1
1 0 1 0 -9388 3445 -1
1 0 0 0 0 -1 -1
0 0 1 0 -9692 2464 -1
0 0 1 0 0 -1 -1
-1 0 0 0 0 -1 -1
-1 0 1 0 -9800 -1989 -1
-1 0 0 0 0 -1 -1
-1 0 1 0 -9639 -2664 -1
-1 0 0 0 0 -1 -1
-1 0 1 0 -9364 -3508 -1
-1 0 0 0 0 -1 -1
-1 0 1 0 -904 -428 -1
-1 0 0 0 0 -1 -1
-1 0 1 0 -8669 -4985 -1
-1 0 0 0 0 -1 -1
-1 0 1 0 -904 -428 -1
-1 0 1 0 0 -1 -1
-1 0 0 0 0 -1 -1
-1 0 1 0 -989 147 -1
-1 0 0 0 0 -1 -1
-1 0 1 0 -803 -596 -1
-1 0 0 0 0 -1 -1
-1 0 1 0 -7583 -6519 -1
-1 0 0 0 0 -1 -1
-1 0 1 0 -7136 -7005 -1
-1 0 1 0 0 -1 -1
-1 0 1 0 0 -1 -1
-1 0 0 0 0 -1 -1
-1 0 1 0 -5513 -8343 -1
-1 0 1 0 0 -1 -1
-1 0 0 0 0 -1 -1
-1 0 1 0 -4297 -9030 -1
-1 0 1 0 0 -1 -1
-1 0 0 0 0 -1 -1
-1 0 1 0 -3006 -9538 -1
-1 0 0 0 0 -1 -1
-1 0 1 0 -428 -904 -1
-1 0 1 0 0 -1 -1
-1 0 1 0 0 -1 -1
-1 1 0 0 0 -1 -1
-1 0 1 0 942 -337 -1
-1 0 0 0 0 -1 -1
-1 0 1 0 -1016 9948 -1
-1 0 0 0 0 -1 -1
-1 0 1 0 -830 9965 -1
-1 0 0 0 0 -1 -1
-1 0 1 0 337 -942 -1
-1 1 1 0 0 -1 -1
-1 0 0 0 0 -1 -1
-1 0 1 0 -243 970 -1
-1 0 1 0 0 -1 -1
-1 0 0 0 0 -1 -1
-1 0 0 0 0 -1 -1
-1 0 1 0 -930 9957 -1
-1 0 0 0 0 -1 -1
-1 0 1 0 -243 970 -1
-1 0 1 0 0 -1 -1
-1 0 0 0 0 -1 -1
-1 0 1 0 -243 970 -1
-1 0 1 0 0 -1 -1
-1 0 0 0 0 -1 -1
-1 0 1 0 -337 942 -1
-1 1 1 0 0 -1 -1
-1 0 0 0 0 -1 -1
-1 0 0 0 0 -1 -1
-1 0 1 0 -916 9958 -1
-1 0 0 0 0 -1 -1
-1 0 0 0 0 -1 -1
-1 0 1 0 -337 942 -1
-1 0 1 0 0 -1 -1
-1 0 1 0 0 -1 -1
-1 0 1 0 0 -1 -1
-1 0 0 0 0 -1 -1
-1 0 1 0 -243 970 -1
-1 1 1 0 0 -1 -1
-1 0 1 0 0 -1 -1
-1 0 0 0 0 -1 -1
-1 0 1 0 -243 970 -1
-1 0 1 0 0 -1 -1
-1 0 0 0 0 -1 -1
-1 0 1 0 -337 942 -1
-1 0 1 0 0 -1 -1
-1 0 1 0 0 -1 -1
-1 0 0 0 0 -1 -1
-1 0 0 0 0 -1 -1
-1 0 1 0 -243 970 -1
-1 0 1 0 0 -1 -1
-1 0 1 0 0 -1 -1
-1 0 0 0 0 -1 -1
-1 0 1 0 -243 970 -1
-1 0 1 0 0 -1 -1
-1 0 1 0 0 -1 -1
-1 0 1 0 0 -1 -1
-1 0 1 0 0 -1 -1
-1 0 0 0 0 -1 -1
-1 0 0 0 0 -1 -1
-1 0 1 0 -999 -49 -1
-1 0 0 0 0 -1 -1
-1 0 1 0 -243 970 -1
-1 0 1 0 0 -1 -1
-1 0 1 0 0 -1 -1
-1 0 1 0 0 -1 -1
-1 0 1 0 0 -1 -1
-1 0 0 0 0 -1 -1
-1 0 1 0 -741 672 -1
-1 0 1 0 0 -1 -1
-1 0 0 0 0 -1 -1
-1 0 1 0 -2626 -9649 -1
-1 0 0 0 0 -1 -1
-1 0 1 0 -514 -858 -1
-1 0 1 0 0 -1 -1
-1 0 0 0 0 -1 -1
-1 0 0 0 0 -1 -1
-1 0 1 0 -596 -803 -1
-1 0 1 0 0 -1 -1
-1 0 1 0 0 -1 -1
-1 0 1 0 0 -1 -1
-1 0 0 0 0 -1 -1
-1 0 1 0 -514 -858 -1
-1 0 1 0 0 -1 -1
-1 0 1 0 0 -1 -1
-1 0 1 0 0 -1 -1
-1 0 0 0 0 -1 -1
-1 0 1 0 -803 -596 -1
-1 0 1 0 0 -1 -1
-1 0 0 0 0 -1 -1
-1 0 1 0 -596 -803 -1
-1 0 1 0 0 -1 -1
-1 0 1 0 0 -1 -1
-1 0 1 0 0 -1 -1
-1 0 1 0 0 -1 -1
-1 0 0 0 0 -1 -1
-1 0 0 0 0 -1 -1
-1 0 1 0 -1993 -9799 -1
-1 0 0 0 0 -1 -1
-1 0 0 0 0 -1 -1
-1 0 1 0 -672 -741 -1
-1 0 1 0 0 -1 -1
-1 0 1 0 0 -1 -1
-1 0 1 0 0 -1 -1
-1 0 0 0 0 -1 -1
-1 0 0 0 0 -1 -1
-1 0 1 0 -337 -942 -1
-1 0 1 0 0 -1 -1
-1 0 0 0 0 -1 -1
-1 0 1 0 -428 -904 -1
-1 0 1 0 0 -1 -1
-1 0 1 0 0 -1 -1
-1 0 0 0 0 -1 -1
-1 0 1 0 -337 -942 -1
-1 0 1 0 0 -1 -1
-1 0 1 0 0 -1 -1
-1 0 0 0 0 -1 -1
-1 1 1 0 -596 803 -1
-1 0 0 0 0 -1 -1
-1 0 1 0 -970 243 -1
-1 0 1 0 0 -1 -1
-1 0 0 0 0 -1 -1
-1 0 1 0 -755 9971 -1
-1 0 0 0 0 -1 -1
-1 0 1 0 -601 9982 -1
-1 0 0 0 0 -1 -1
-1 0 1 0 -49 999 -1
-1 0 0 0 0 -1 -1
-1 0 1 0 -298 9996 -1
-1 0 0 0 0 -1 -1
-1 0 1 0 -148 9999 -1
-1 0 0 0 0 -1 -1
-1 0 1 0 1 10000 -1
-1 0 0 0 0 -1 -1
-1 0 1 0 741 -672 -1
-1 0 1 0 0 -1 -1
-1 0 1 0 0 -1 -1
-1 0 1 0 0 -1 -1
-1 0 0 0 0 -1 -1
-1 0 1 0 -147 989 -1
-1 0 1 0 0 -1 -1
-1 0 0 0 0 -1 -1
-1 0 1 0 654 9979 -1
-1 0 0 0 0 -1 -1
-1 0 1 0 845 9964 -1
-1 0 1 0 0 -1 -1
-1 0 0 0 0 -1 -1
-1 0 1 0 337 -942 -1
-1 0 1 0 0 -1 -1
-1 1 1 0 0 -1 -1
-1 0 1 0 0 -1 -1
-1 0 1 0 0 -1 -1
-1 0 1 0 0 -1 -1
-1 0 1 0 0 -1 -1
-1 0 0 0 0 -1 -1
-1 0 1 0 6876 -7261 -1
-1 0 1 0 0 -1 -1
-1 0 0 0 0 -1 -1
-1 0 1 0 7623 -6472 -1
-1 0 0 0 0 -1 -1
-1 0 1 0 7945 -6073 -1
-1 0 0 0 0 -1 -1
-1 0 1 0 672 -741 -1
-1 0 1 0 0 -1 -1
-1 0 1 0 0 -1 -1
-1 0 1 0 0 -1 -1
-1 0 0 0 0 -1 -1
-1 0 0 0 0 -1 -1
-1 0 1 0 -2901 9570 -1
-1 0 0 0 0 -1 -1
-1 0 1 0 -2583 9661 -1
-1 0 0 0 0 -1 -1
-1 0 1 0 -2285 9735 -1
-1 0 0 0 0 -1 -1
-1 0 1 0 -2003 9797 -1
-1 0 0 0 0 -1 -1
-1 0 1 0 -1735 9848 -1
-1 0 0 0 0 -1 -1
-1 0 1 0 -1479 9890 -1
-1 0 0 0 0 -1 -1
-1 0 1 0 -1232 9924 -1
-1 0 0 0 0 -1 -1
-1 0 1 0 -243 970 -1
-1 0 1 0 0 -1 -1
-1 0 0 0 0 -1 -1
-1 0 1 0 -147 989 -1
-1 0 1 0 0 -1 -1
-1 0 0 0 0 -1 -1
-1 0 1 0 -147 989 -1
-1 0 1 0 0 -1 -1
-1 0 0 0 0 -1 -1
-1 0 0 0 0 -1 -1
-1 0 1 0 -337 942 -1
-1 0 1 0 0 -1 -1
-1 0 1 0 0 -1 -1
-1 0 0 0 0 -1 -1
-1 0 1 0 327 9995 -1
-1 0 0 0 0 -1 -1
-1 0 1 0 618 9981 -1
-1 0 0 0 0 -1 -1
-1 0 1 0 912 9958 -1
-1 0 0 0 0 -1 -1
-1 0 1 0 942 337 -1
-1 0 0 0 0 -1 -1
-1 0 1 0 -49 999 -1
-1 0 1 0 0 -1 -1
-1 0 1 0 0 -1 -1
-1 0 0 0 0 -1 -1
-1 0 1 0 -989 -147 -1
-1 0 0 0 0 -1 -1
-1 0 1 0 -942 337 -1
-1 0 0 0 0 -1 -1
-1 0 1 0 -672 -741 -1
-1 0 1 0 0 -1 -1
-1 0 0 0 0 -1 -1
-1 0 1 0 -942 -337 -1
-1 0 0 0 0 -1 -1
-1 0 1 0 999 49 -1
-1 0 0 0 0 -1 -1
-1 0 1 0 -858 -514 -1
-1 0 1 0 0 -1 -1
-1 0 1 0 0 -1 -1
-1 0 1 0 0 -1 -1
-1 0 0 0 0 -1 -1
-1 0 1 0 -514 -858 -1
-1 0 1 0 0 -1 -1
-1 0 1 0 0 -1 -1
-1 0 0 0 0 -1 -1
-1 0 1 0 -514 -858 -1
-1 0 1 0 0 -1 -1
-1 0 1 0 0 -1 -1
-1 0 1 0 0 -1 -1
-1 1 1 0 0 -1 -1
-1 0 1 0 0 -1 -1
-1 0 1 0 0 -1 -1
-1 0 0 0 0 -1 -1
-1 0 1 0 -337 942 -1
-1 0 1 0 0 -1 -1
-1 1 1 0 0 -1 -1
-1 0 0 0 0 -1 -1
-1 0 1 0 -243 970 -1
-1 0 1 0 0 -1 -1
-1 0 1 0 0 -1 -1
-1 0 0 0 0 -1 -1
-1 0 1 0 -243 970 -1
-1 0 1 0 0 -1 -1
-1 0 1 0 0 -1 -1
-1 0 0 0 0 -1 -1
-1 0 1 0 -904 428 -1
-1 0 1 0 0 -1 -1
-1 0 1 0 0 -1 -1
-1 0 0 0 0 -1 -1
-1 0 1 0 -858 -514 -1
-1 0 0 0 0 -1 -1
-1 0 1 0 1378 -9905 -1
-1 0 0 0 0 -1 -1
-1 0 0 0 0 -1 -1
-1 0 1 0 -147 989 -1
-1 0 1 0 0 -1 -1
-1 0 0 0 0 -1 -1
-1 0 1 0 -514 858 -1
-1 0 1 0 0 -1 -1
-1 0 1 0 0 -1 -1
-1 0 1 0 0 -1 -1
-1 0 1 0 0 -1 -1
-1 0 0 0 0 -1 -1
-1 0 1 0 541 9985 -1
-1 0 0 0 0 -1 -1
-1 0 0 0 0 -1 -1
-1 0 1 0 848 9964 -1
-1 0 0 0 0 -1 -1
-1 0 1 0 -49 999 -1
-1 0 1 0 0 -1 -1
-1 0 1 0 0 -1 -1
-1 0 1 0 0 -1 -1
-1 0 1 0 0 -1 -1
-1 0 0 0 0 -1 -1
-1 0 1 0 989 -147 -1
-1 0 1 0 0 -1 -1
-1 0 0 0 0 -1 -1
-1 0 1 0 -596 803 -1
-1 0 0 0 0 -1 -1
-1 0 1 0 -4447 -8957 -1
-1 0 0 0 0 -1 -1
-1 0 1 0 -3861 -9224 -1
-1 0 0 0 0 -1 -1
-1 0 1 0 -337 -942 -1
-1 0 0 0 0 -1 -1
-1 0 1 0 -2670 -9637 -1
-1 0 0 0 0 -1 -1
-1 0 1 0 -2067 -9784 -1
-1 0 0 0 0 -1 -1
-1 0 1 0 -337 -942 -1
-1 0 1 0 0 -1 -1
-1 0 0 0 0 -1 -1
-1 0 1 0 -243 -970 -1
-1 0 1 0 0 -1 -1
-1 0 0 0 0 -1 -1
-1 0 1 0 -243 -970 -1
-1 0 1 0 0 -1 -1
-1 0 0 0 0 -1 -1
-1 0 1 0 -904 428 -1
-1 0 0 0 0 -1 -1
-1 0 1 0 -514 -858 -1
-1 0 1 0 0 -1 -1
-1 0 1 0 0 -1 -1
-1 0 1 0 0 -1 -1
-1 0 1 0 0 -1 -1
-1 0 0 0 0 -1 -1
-1 0 1 0 476 9989 -1
-1 0 0 0 0 -1 -1
-1 0 1 0 696 9976 -1
-1 0 0 0 0 -1 -1
-1 0 0 0 0 -1 -1
-1 0 1 0 975 9952 -1
-1 0 0 0 0 -1 -1
1 0 1 0 970 9953 -1
-1 0 1 0 0 -1 -1
-1 0 0 0 0 -1 -1
-1 0 1 0 428 904 -1
0 0 1 0 0 -1 -1
0 0 1 0 0 -1 -1
0 0 0 0 0 -1 -1
1 0 1 0 2266 9740 -1
-1 0 1 0 0 -1 -1
-1 0 1 0 0 -1 -1
0 0 1 0 0 -1 -1
0 0 1 0 0 -1 -1
1 0 1 0 0 -1 -1
1 0 1 0 0 -1 -1
1 0 1 0 0 -1 -1
-1 0 1 0 0 -1 -1
1 0 1 0 0 -1 -1
1 0 1 0 0 -1 -1
1 0 1 0 0 -1 -1
1 0 1 0 0 -1 -1
1 0 1 0 0 -1 -1
1 0 0 0 0 -1 -1
1 0 1 0 8341 -5516 -1
1 0 1 0 0 -1 -1
1 0 0 0 0 -1 -1
1 0 1 0 7225 -6914 -1
1 0 1 0 0 -1 -1
1 0 0 0 0 -1 -1
1 0 1 0 49 999 -1
1 0 1 0 0 -1 -1
1 0 0 0 0 -1 -1
1 0 1 0 49 999 -1
1 0 1 0 0 -1 -1
1 0 0 0 0 -1 -1
1 0 1 0 -49 999 -1
1 0 1 0 0 -1 -1
1 0 0 0 0 -1 -1
1 0 1 0 803 -596 -1
1 0 1 0 0 -1 -1
1 0 1 0 0 -1 -1
1 0 1 0 0 -1 -1
1 0 0 0 0 -1 -1
1 0 1 0 514 -858 -1
1 0 1 0 0 -1 -1
1 0 1 0 0 -1 -1
1 0 1 0 0 -1 -1
1 0 1 0 0 -1 -1
1 0 0 0 0 -1 -1
1 1 1 0 243 970 -1
1 0 1 0 0 -1 -1
1 0 1 0 0 -1 -1
1 0 0 0 0 -1 -1
1 0 1 0 -904 -428 -1
1 1 1 0 0 -1 -1
1 0 0 0 0 -1 -1
1 0 1 0 1490 9888 -1
1 0 0 0 0 -1 -1
1 0 1 0 243 970 -1
1 0 1 0 0 -1 -1
1 0 1 0 0 -1 -1
1 0 0 0 0 -1 -1
1 1 1 0 -428 -904 -1
1 0 1 0 0 -1 -1
1 0 1 0 0 -1 -1
1 0 0 0 0 -1 -1
1 0 1 0 428 -904 -1
1 0 1 0 0 -1 -1
1 0 1 0 0 -1 -1
1 0 1 0 0 -1 -1
1 0 1 0 0 -1 -1
1 0 0 0 0 -1 -1
1 0 1 0 596 803 -1
1 0 1 0 0 -1 -1
1 0 1 0 0 -1 -1
1 0 1 0 0 -1 -1
1 0 1 0 0 -1 -1
1 0 1 0 0 -1 -1
1 1 1 0 0 -1 -1
1 0 1 0 0 -1 -1
1 0 1 0 0 -1 -1
1 0 1 0 0 -1 -1
1 0 1 0 0 -1 -1
1 0 0 0 0 -1 -1
1 0 1 0 243 970 -1
1 0 1 0 0 -1 -1
1 0 1 0 0 -1 -1
1 0 1 0 0 -1 -1
1 0 0 0 0 -1 -1
1 0 1 0 147 989 -1
1 0 1 0 0 -1 -1
1 0 1 0 0 -1 -1
1 0 0 0 0 -1 -1
1 0 1 0 147 989 -1
1 0 1 0 0 -1 -1
1 0 1 0 0 -1 -1
1 0 0 0 0 -1 -1
1 0 1 0 49 -999 -1
1 0 0 0 0 -1 -1
1 0 1 0 337 942 -1
1 1 1 0 0 -1 -1
1 0 1 0 0 -1 -1
1 0 1 0 0 -1 -1
1 0 0 0 0 -1 -1
1 0 0 0 0 -1 -1
1 0 1 0 243 970 -1
1 0 1 0 0 -1 -1
1 0 1 0 0 -1 -1
1 0 1 0 0 -1 -1
1 0 0 0 0 -1 -1
1 0 1 0 337 942 -1
1 0 1 0 0 -1 -1
1 0 1 0 0 -1 -1
1 0 1 0 0 -1 -1
1 0 0 0 0 -1 -1
1 0 1 0 49 999 -1
1 0 1 0 0 -1 -1
1 0 0 0 0 -1 -1
1 0 1 0 -1273 9919 -1
1 0 0 0 0 -1 -1
1 0 1 0 -1617 9868 -1
1 0 0 0 0 -1 -1
1 0 1 0 -1969 9804 -1
1 0 0 0 0 -1 -1
1 0 1 0 -2335 9724 -1
1 0 0 0 0 -1 -1
1 0 0 0 0 -1 -1
1 0 1 0 337 942 -1
1 0 0 0 0 -1 -1
1 0 1 0 741 -672 -1
1 0 1 0 0 -1 -1
1 0 1 0 0 -1 -1
1 0 1 0 0 -1 -1
1 0 1 0 0 -1 -1
1 0 1 0 0 -1 -1
1 0 0 0 0 -1 -1
1 0 0 0 0 -1 -1
1 0 1 0 -337 -942 -1
1 0 1 0 0 -1 -1
1 0 0 0 0 -1 -1
1 0 1 0 672 -741 -1
1 0 1 0 0 -1 -1
1 0 1 0 0 -1 -1
1 0 1 0 0 -1 -1
1 0 1 0 0 -1 -1
1 0 1 0 0 -1 -1
1 0 1 0 0 -1 -1
1 0 1 0 0 -1 -1
1 1 0 0 0 -1 -1
1 0 1 0 243 970 -1
1 0 1 0 0 -1 -1
1 0 0 0 0 -1 -1
1 0 1 0 337 942 -1
1 0 1 0 0 -1 -1
1 0 1 0 0 -1 -1
1 0 1 0 0 -1 -1
1 0 0 0 0 -1 -1
1 0 1 0 428 904 -1
1 0 1 0 0 -1 -1
1 0 1 0 0 -1 -1
1 0 1 0 0 -1 -1
1 0 1 0 0 -1 -1
1 0 1 0 0 -1 -1
1 1 0 0 0 -1 -1
1 0 1 0 -428 -904 -1
1 0 1 0 0 -1 -1
1 0 0 0 0 -1 -1
1 0 1 0 -803 -596 -1
1 0 0 0 0 -1 -1
1 0 1 0 -514 -858 -1
1 0 0 0 0 -1 -1
1 0 1 0 -5850 -8110 -1
1 0 0 0 0 -1 -1
1 0 1 0 -6387 -7695 -1
1 0 0 0 0 -1 -1
1 0 1 0 -6882 -7256 -1
1 0 0 0 0 -1 -1
1 0 0 0 0 -1 -1
1 0 1 0 858 514 -1
1 0 1 0 0 -1 -1
1 0 1 0 0 -1 -1
1 0 1 0 0 -1 -1
1 0 1 0 0 -1 -1
1 0 1 0 0 -1 -1
1 0 1 0 0 -1 -1
1 0 1 0 0 -1 -1
1 0 0 0 0 -1 -1
1 0 1 0 147 989 -1
1 0 1 0 0 -1 -1
1 0 0 0 0 -1 -1
1 0 1 0 -257 9997 -1
1 0 0 0 0 -1 -1
1 0 1 0 -573 9984 -1
1 0 0 0 0 -1 -1
1 0 1 0 -243 970 -1
-1 0 0 0 0 -1 -1
-1 0 1 0 -1747 9846 -1
-1 0 1 0 0 -1 -1
1 0 1 0 0 -1 -1
1 0 1 0 0 -1 -1
1 0 0 0 0 -1 -1
1 0 1 0 -243 970 -1
1 0 1 0 0 -1 -1
1 0 1 0 0 -1 -1
1 0 1 0 0 -1 -1
1 0 1 0 0 -1 -1
1 0 1 0 0 -1 -1
1 0 1 0 0 -1 -1
1 0 1 0 0 -1 -1
1 0 0 0 0 -1 -1
1 0 1 0 9192 -3937 -1
1 0 0 0 0 -1 -1
1 0 1 0 8738 -4863 -1
1 0 0 0 0 -1 -1
1 0 1 0 8225 -5688 -1
1 0 0 0 0 -1 -1
1 0 1 0 7667 -6421 -1
1 0 0 0 0 -1 -1
1 0 1 0 7072 -7070 -1
1 0 1 0 0 -1 -1
1 0 0 0 0 -1 -1
1 0 1 0 5671 -8236 -1
1 0 1 0 0 -1 -1
1 0 0 0 0 -1 -1
1 0 1 0 4085 -9128 -1
1 0 0 0 0 -1 -1
1 0 1 0 337 -942 -1
1 0 0 0 0 -1 -1
1 0 0 0 0 -1 -1
1 0 1 0 2738 -9618 -1
1 0 0 0 0 -1 -1
1 0 1 0 1967 -9805 -1
1 0 0 0 0 -1 -1
1 0 1 0 -853 9964 -1
1 0 0 0 0 -1 -1
1 0 0 0 0 -1 -1
1 0 1 0 -942 -337 -1
1 0 0 0 0 -1 -1
1 0 1 0 -741 -672 -1
1 0 1 0 0 -1 -1
1 0 0 0 0 -1 -1
1 0 1 0 672 -741 -1
1 0 1 0 0 -1 -1
1 0 1 0 0 -1 -1
1 0 1 0 0 -1 -1
1 0 1 0 0 -1 -1
1 0 0 0 0 -1 -1
1 0 1 0 -1567 9876 -1
1 0 0 0 0 -1 -1
1 0 1 0 -428 -904 -1
1 0 0 0 0 -1 -1
1 0 1 0 -49 -999 -1
1 0 1 0 0 -1 -1
1 0 1 0 0 -1 -1
1 0 0 0 0 -1 -1
1 0 1 0 514 858 -1
1 0 1 0 0 -1 -1
1 0 0 0 0 -1 -1
1 0 1 0 999 49 -1
1 0 1 0 -623 782 3
1 0 0 0 0 -1 3
1 0 1 0 -267 964 3
1 0 0 0 0 -1 3
1 0 0 0 829 560 3
0 0 0 0 829 560 3
1 0 0 0 897 -443 3
1 0 0 0 897 -443 3
1 1 0 0 897 -443 3
1 0 0 0 0 -1 3
1 0 1 0 -631 776 3
1 0 0 0 0 -1 3
1 0 0 0 -526 851 3
1 0 1 0 -860 -510 3
1 0 1 0 -860 -510 3
1 0 1 0 -860 -510 3
0 0 1 0 -860 -510 3
0 0 1 0 -860 -510 3
0 0 1 0 -860 -510 3
-1 0 1 0 -860 -510 3
-1 0 1 0 -860 -510 3
-1 0 1 0 -860 -510 3
-1 1 1 0 -860 -510 3
-1 0 0 0 -860 -511 3
-1 0 0 0 -791 -612 3
-1 0 1 0 -684 -729 3
0 0 1 0 -684 -729 3
0 0 1 0 -684 -729 3
0 0 0 0 -781 -624 3
0 0 1 0 477 -879 3
0 0 1 0 477 -879 3
0 0 1 0 477 -879 3
0 0 0 0 414 -910 3
-1 0 1 0 841 -541 3
-1 0 1 0 841 -541 3
-1 0 0 0 834 -552 3
-1 0 0 1 -199 -980 3
-1 0 1 0 897 -442 3
-1 1 0 0 1000 0 3
-1 1 1 0 469 -883 3
-1 0 1 0 469 -883 3
-1 0 1 0 469 -883 3
-1 0 1 0 410 -912 3
-1 1 0 0 406 -914 3
0 0 0 0 406 -914 3
0 0 0 0 1000 0 3
-1 1 1 0 750 -662 3
-1 0 1 0 750 -662 3
-1 1 1 0 750 -662 3
-1 0 0 0 746 -665 3
-1 0 0 0 -846 -533 3
-1 1 0 0 1000 0 3
-1 1 1 0 997 -73 3
1 0 0 0 1000 0 3
1 0 1 0 -364 -931 3
0 0 0 0 1000 0 3
0 0 0 0 1000 0 3
1 1 0 0 1000 0 3
1 0 1 0 995 -97 3
1 1 1 0 995 -97 3
1 0 1 0 995 -97 3
1 0 0 1 -972 -234 3
1 1 0 0 923 -386 3
1 0 0 0 -320 -947 3
1 0 1 0 195 981 3
1 0 1 0 195 981 3
1 0 1 0 195 981 3
1 0 0 0 195 981 3
1 0 1 0 0 1000 3
1 0 0 0 0 1000 3
1 0 1 0 556 831 3
1 0 0 0 556 831 3
1 0 1 0 -98 995 3
1 0 0 0 -98 995 3
1 0 1 0 773 -634 3
1 0 1 0 773 -634 3
1 0 1 0 773 -634 3
1 0 1 0 773 -634 3
1 0 1 0 773 -634 3
1 0 1 0 773 -634 3
1 0 1 0 773 -634 3
1 0 1 0 773 -634 3
1 0 1 0 773 -634 3
1 0 1 0 773 -634 3
1 0 1 0 773 -634 3
1 0 1 0 773 -634 3
1 0 0 0 773 -634 3
1 0 0 1 -924 383 3
1 0 1 0 -773 -634 3
1 0 0 0 -773 -634 3
1 0 1 0 383 -924 3
1 0 1 0 383 -924 3
1 0 1 0 383 -924 3
1 0 1 0 383 -924 3
1 0 1 0 383 -924 3
1 0 1 0 383 -924 3
1 0 0 0 383 -924 3
1 0 0 0 383 -924 3
1 0 1 0 -831 556 3
1 0 0 0 -831 556 3
1 0 1 0 195 981 3
1 0 1 0 195 981 3
1 0 0 0 195 981 3
1 0 1 0 195 -981 3
1 0 1 0 195 -981 3
1 0 1 0 195 -981 3
1 0 0 0 195 -981 3
1 0 1 0 882 471 3
1 0 0 0 882 471 3
1 0 1 0 -13 1000 3
1 0 0 0 -13 1000 3
1 0 1 0 707 -707 3
1 0 1 0 707 -707 3
1 0 1 1 -383 924 3
1 0 0 0 -383 924 3
1 0 1 0 -98 -995 3
1 1 1 0 -98 -995 3
1 0 1 0 -98 -995 3
1 0 1 0 -98 -995 3
1 0 0 0 -98 -995 3
1 0 1 0 -383 -924 3
1 0 1 0 -383 -924 3
1 0 1 0 -383 -924 3
1 0 0 0 -383 -924 3
1 0 0 0 -383 -924 3
1 0 1 0 -537 -843 3
1 0 1 0 -537 -843 3
1 0 0 0 -537 -843 3
1 0 1 0 -602 -799 3
1 0 1 0 -602 -799 3
1 0 0 0 -602 -799 3
1 0 1 0 556 -831 3
1 0 1 0 556 -831 3
1 0 1 0 556 -831 3
1 0 1 0 556 -831 3
1 0 0 0 556 -831 3
1 0 1 0 -773 -634 3
1 0 0 0 -773 -634 3
1 0 0 1 -556 -831 3
1 0 1 0 773 -634 3
1 0 0 0 773 -634 3
1 0 1 0 -773 634 3
1 0 0 0 -773 634 3
1 0 1 0 -995 -98 3
1 0 0 0 -995 -98 3
1 0 1 0 98 -995 3
1 0 0 0 98 -995 3
1 0 1 0 98 -995 3
1 0 0 0 98 -995 3
1 0 0 0 98 -995 3
1 0 1 0 634 -773 3
1 0 1 0 634 -773 3
1 0 1 0 634 -773 3
1 0 0 0 634 -773 3
1 0 1 0 471 -882 3
1 0 1 0 471 -882 3
1 0 1 0 471 -882 3
1 0 0 0 471 -882 3
1 0 1 0 290 -957 3
1 0 1 0 290 -957 3
1 0 1 0 290 -957 3
1 0 0 0 290 -957 3
1 0 1 0 0 -1000 3
1 0 1 1 831 -556 3
1 0 0 0 831 -556 3
1 0 1 0 -98 -995 3
1 0 0 0 -98 -995 3
1 0 1 0 -195 -981 3
1 0 0 0 -195 -981 3
1 0 1 0 -290 -957 3
1 0 0 0 -290 -957 3
1 0 1 0 831 -556 3
1 0 1 0 831 -556 3
1 0 1 0 831 -556 3
1 0 1 0 831 -556 3
1 0 0 0 831 -556 3
1 0 1 0 -773 -634 3
1 0 0 0 -773 -634 3
1 0 1 0 195 981 3
1 0 1 0 195 981 3
1 0 1 0 195 981 3
1 0 0 0 195 981 3
1 0 1 0 -957 -290 3
1 0 1 0 -957 -290 3
1 0 1 0 -957 -290 3
1 0 1 0 -957 -290 3
0 0 1 0 -957 -290 3
-1 0 0 0 -957 -290 3
0 0 1 0 -139 990 3
-1 0 1 0 -139 990 3
0 0 1 0 -139 990 3
0 0 1 0 -139 990 3
0 0 1 0 -139 990 3
-1 0 1 0 -139 990 3
-1 0 1 0 -139 990 3
-1 0 0 0 -139 990 3
-1 0 1 0 -924 383 3
-1 0 1 0 -924 383 3
-1 0 1 0 -924 383 3
-1 0 1 0 -924 383 3
-1 0 1 0 -924 383 3
-1 0 1 0 -924 383 3
-1 0 1 0 -924 383 3
-1 0 1 0 -924 383 3
-1 0 1 0 -924 383 3
-1 0 1 0 -924 383 3
-1 0 1 0 -924 383 3
-1 0 0 0 -924 383 3
-1 0 1 0 -556 -831 3
-1 0 1 1 924 383 3
-1 0 1 0 924 383 3
-1 0 0 0 924 383 3
-1 0 1 0 -831 -556 3
-1 0 1 0 -831 -556 3
-1 0 0 0 -831 -556 3
-1 0 1 0 -995 -98 3
-1 0 1 0 -995 -98 3
-1 0 0 0 -995 -98 3
-1 0 1 0 634 773 3
-1 0 0 0 634 773 3
-1 0 1 0 -882 471 3
-1 0 0 0 -882 471 3
-1 0 1 0 -383 -924 3
-1 0 1 0 -383 -924 3
-1 0 1 0 -383 -924 3
-1 0 1 0 -383 -924 3
-1 0 1 0 -383 -924 3
-1 0 0 0 -383 -924 3
-1 0 1 0 707 -707 3
-1 0 1 0 707 -707 3
-1 0 1 0 707 -707 3
-1 0 1 0 707 -707 3
-1 0 1 0 707 -707 3
-1 0 0 0 707 -707 3
-1 0 0 1 383 924 3
-1 0 1 0 -924 383 3
-1 0 0 0 -924 383 3
-1 0 1 0 556 -831 3
-1 0 0 0 556 -831 3
-1 0 1 0 -957 -290 3
-1 0 1 0 -957 -290 3
-1 0 1 0 -957 -290 3
-1 0 1 0 -957 -290 3
-1 0 1 0 -957 -290 3
-1 0 1 0 -957 -290 3
-1 0 1 0 -957 -290 3
-1 0 0 0 -957 -290 3
-1 0 1 0 -17 -1000 3
-1 0 0 0 -17 -1000 3
-1 0 1 0 -290 957 3
-1 1 1 0 -290 957 3
-1 0 1 0 -290 957 3
-1 0 1 0 -290 957 3
-1 0 1 0 -290 957 3
-1 0 0 0 -290 957 3
-1 0 1 0 882 471 3
-1 0 1 0 882 471 3
-1 0 1 0 882 471 3
-1 0 1 0 882 471 3
-1 0 1 0 882 471 3
-1 0 1 0 882 471 3
-1 0 1 0 882 471 3
-1 0 0 1 -994 -112 3
-1 0 1 0 924 -383 3
-1 0 0 0 924 -383 3
-1 0 1 0 290 -957 3
-1 0 0 0 290 -957 3
-1 0 1 0 -981 195 3
-1 0 0 0 -981 195 3
-1 0 1 0 0 1000 3
-1 0 0 0 0 1000 3
-1 0 1 0 995 -98 3
-1 0 1 0 995 -98 3
-1 0 0 0 995 -98 3
-1 0 1 0 981 -195 3
-1 0 0 0 981 -195 3
-1 0 1 0 -98 995 3
-1 0 0 0 -98 995 3
-1 0 1 0 -882 -471 3
-1 0 1 0 -882 -471 3
-1 0 0 0 -882 -471 3
-1 0 1 0 -957 -290 3
-1 0 0 0 -957 -290 3
-1 0 1 0 -981 -195 3
-1 0 1 0 -981 -195 3
-1 0 0 0 -981 -195 3
-1 0 1 0 -383 924 3
-1 0 1 1 0 -1000 3
-1 0 1 0 0 -1000 3
-1 0 1 0 0 -1000 3
-1 0 1 0 0 -1000 3
-1 0 0 0 0 -1000 3
-1 0 1 0 -290 -957 3
-1 0 1 0 -290 -957 3
-1 0 1 0 -290 -957 3
-1 0 0 0 -290 -957 3
-1 0 0 0 -290 -957 3
-1 0 1 0 -471 -882 3
-1 0 1 0 -471 -882 3
-1 0 1 0 -471 -882 3
-1 0 1 0 -471 -882 3
-1 0 1 0 -471 -882 3
-1 0 0 0 -471 -882 3
-1 0 1 0 831 -556 3
-1 0 1 0 831 -556 3
1 0 0 0 831 -556 3
-1 0 1 0 -981 -195 3
-1 0 1 0 -981 -195 3
-1 0 1 0 -981 -195 3
-1 0 0 0 -981 -195 3
-1 0 1 0 -195 981 3
-1 0 1 0 -195 981 3
1 0 1 0 -195 981 3
-1 0 1 1 -195 -981 3
1 0 1 0 -195 -981 3
-1 0 1 0 -195 -981 3
0 0 0 0 -195 -981 3
-1 0 1 0 634 773 3
0 0 0 0 634 773 3
1 0 1 0 276 961 3
0 0 1 0 276 961 3
1 0 1 0 276 961 3
0 0 1 0 276 961 3
1 0 1 0 276 961 3
1 0 0 0 276 961 3
-1 0 1 0 0 1000 3
-1 0 1 0 0 1000 3
-1 0 1 0 0 1000 3
-1 0 0 0 0 1000 3
-1 0 1 0 -707 -707 3
-1 0 1 0 -707 -707 3
-1 0 1 0 -707 -707 3
-1 0 0 0 -707 -707 3
-1 0 1 0 -556 -831 3
-1 0 0 0 -556 -831 3
-1 0 1 0 -831 -556 3
-1 0 1 0 -831 -556 3
-1 0 1 0 -831 -556 3
-1 0 1 0 -831 -556 3
-1 0 1 0 -831 -556 3
-1 0 1 0 -831 -556 3
-1 0 1 0 -831 -556 3
-1 0 1 0 -831 -556 3
-1 0 0 0 -831 -556 3
-1 0 1 0 98 -995 3
-1 0 1 1 924 383 3
-1 1 1 0 924 383 3
-1 0 1 0 924 383 3
-1 0 1 0 924 383 3
-1 0 1 0 924 383 3
-1 0 0 0 924 383 3
-1 0 1 0 -634 -773 3
-1 0 0 0 -634 -773 3
-1 0 1 0 530 -848 3
-1 0 0 0 530 -848 3
-1 0 1 0 570 -822 3
-1 0 0 0 570 -822 3
-1 0 1 0 649 -760 3
-1 0 0 0 649 -760 3
-1 0 1 0 646 -763 3
-1 0 1 0 646 -763 3
-1 0 0 0 646 -763 3
-1 0 1 0 383 -924 3
-1 0 1 0 383 -924 3
-1 0 1 0 383 -924 3
-1 0 1 0 383 -924 3
-1 0 0 0 383 -924 3
-1 0 1 0 725 -688 3
-1 0 0 0 725 -688 3
-1 0 1 0 -471 -882 3
-1 0 0 0 -471 -882 3
-1 0 1 0 -773 634 3
-1 0 1 1 1000 0 3
-1 0 1 0 1000 0 3
-1 0 1 0 1000 0 3
-1 0 1 0 1000 0 3
-1 0 1 0 1000 0 3
-1 0 0 0 1000 0 3
-1 0 1 0 -634 -773 3
-1 0 1 0 -634 -773 3
-1 0 0 0 -634 -773 3
-1 0 1 0 0 1000 3
-1 0 1 0 0 1000 3
-1 0 1 0 0 1000 3
-1 0 1 0 0 1000 3
-1 0 0 0 0 1000 3
-1 0 1 0 -383 924 3
-1 0 1 0 -383 924 3
-1 0 1 0 -383 924 3
-1 0 1 0 -383 924 3
-1 0 0 0 -383 924 3
-1 0 1 0 98 995 3
-1 0 1 0 98 995 3
-1 0 1 0 98 995 3
-1 0 1 0 98 995 3
-1 0 0 0 98 995 3
-1 0 0 0 98 995 3
-1 0 1 0 -995 -98 3
-1 0 1 0 -995 -98 3
-1 0 0 1 -913 -409 3
-1 0 1 0 471 -882 3
-1 0 1 0 471 -882 3
-1 0 1 0 471 -882 3
-1 0 1 0 471 -882 3
-1 0 0 0 471 -882 3
-1 0 1 0 -98 -995 3
-1 0 0 0 -98 -995 3
-1 0 1 0 -290 -957 3
-1 0 0 0 -290 -957 3
-1 0 1 0 -383 -924 3
-1 0 1 0 -383 -924 3
-1 0 0 0 -383 -924 3
-1 0 1 0 -995 98 3
-1 0 1 0 -995 98 3
-1 0 0 0 -995 98 3
-1 0 1 0 -634 773 3
-1 0 1 0 -634 773 3
-1 0 0 0 -634 773 3
-1 0 1 0 -471 882 3
-1 0 0 0 -471 882 3
-1 0 1 0 -882 -471 3
-1 0 1 0 -882 -471 3
-1 0 1 0 -882 -471 3
-1 0 0 0 -882 -471 3
-1 0 0 1 924 383 3
-1 0 1 0 174 -985 3
-1 0 0 0 174 -985 3
-1 0 1 0 165 -986 3
-1 0 0 0 165 -986 3
-1 0 1 0 208 -978 3
-1 0 0 0 208 -978 3
-1 0 1 0 -957 290 3
-1 0 0 0 -957 290 3
-1 0 1 0 924 383 3
-1 0 1 0 924 383 3
-1 0 1 0 924 383 3
-1 0 1 0 924 383 3
-1 0 0 0 924 383 3
-1 0 1 0 290 -957 3
-1 0 1 0 290 -957 3
-1 0 1 0 290 -957 3
-1 0 0 0 290 -957 3
-1 0 1 0 -995 98 3
-1 0 0 0 -995 98 3
-1 0 1 0 -290 -957 3
-1 0 0 0 -290 -957 3
-1 0 1 0 995 -98 3
-1 0 1 0 995 -98 3
-1 0 1 0 995 -98 3
-1 0 1 0 995 -98 3
-1 0 1 0 995 -98 3
-1 0 0 1 -950 -311 3
-1 1 1 0 -882 471 3
-1 0 1 0 -882 471 3
-1 0 1 0 -882 471 3
-1 0 1 0 -882 471 3
-1 0 1 0 -882 471 3
-1 0 0 0 -882 471 3
-1 0 1 0 981 195 3
-1 0 0 0 981 195 3
-1 0 1 0 831 -556 3
-1 0 1 0 831 -556 3
-1 0 1 0 831 -556 3
-1 0 0 0 831 -556 3
-1 0 1 0 -98 -995 3
-1 0 0 0 -98 -995 3
-1 0 1 0 -957 290 3
-1 0 1 0 -957 290 3
-1 0 1 0 -957 290 3
-1 0 1 0 -957 290 3
-1 0 0 0 -957 290 3
-1 0 1 0 -98 -995 3
-1 0 0 0 -98 -995 3
-1 0 1 0 -195 981 3
-1 0 1 0 -195 981 3
-1 0 0 0 -195 981 3
-1 0 1 0 78 997 3
-1 0 0 0 78 997 3
-1 0 1 0 -831 -556 3
0 0 1 1 -774 633 3
-1 0 1 0 -831 -556 3
0 0 0 0 -831 -556 3
0 0 1 0 -98 995 3
0 0 1 0 -98 995 3
1 0 1 0 -98 995 3
-1 0 1 0 -98 995 3
0 0 1 0 -98 995 3
-1 0 1 0 -98 995 3
-1 0 0 0 -98 995 3
-1 0 1 0 290 957 3
1 0 1 0 290 957 3
-1 0 1 0 290 957 3
0 0 1 0 290 957 3
1 0 1 0 290 957 3
1 0 1 0 290 957 3
-1 0 1 0 290 957 3
-1 0 1 0 290 957 3
1 0 1 0 290 957 3
1 0 0 0 290 957 3
0 0 1 0 -831 556 3
1 0 0 0 -831 556 3
-1 0 1 0 882 471 3
-1 0 1 0 882 471 3
-1 0 1 0 882 471 3
1 0 1 0 882 471 3
1 0 1 0 882 471 3
1 0 1 0 882 471 3
1 0 1 0 882 471 3
1 0 1 0 882 471 3
0 0 1 0 882 471 3
0 0 1 1 342 940 3
1 0 0 0 882 471 3
1 0 1 0 707 -707 3
1 1 0 0 707 -707 3
1 0 1 0 -471 -882 3
1 0 1 0 -471 -882 3
1 0 1 0 -471 -882 3
1 0 1 0 -471 -882 3
1 0 1 0 -471 -882 3
1 0 1 0 -471 -882 3
1 0 1 0 -471 -882 3
1 0 1 0 -471 -882 3
1 0 1 0 -471 -882 3
1 0 1 0 -471 -882 3
1 0 1 0 -471 -882 3
1 0 0 0 -471 -882 3
1 0 1 0 556 831 3
1 0 1 0 556 831 3
1 0 1 0 556 831 3
1 0 1 0 556 831 3
1 0 1 0 556 831 3
1 0 1 0 556 831 3
1 0 1 0 556 831 3
1 0 1 0 556 831 3
1 0 1 0 556 831 3
1 0 1 0 556 831 3
1 0 1 0 556 831 3
1 0 0 0 556 831 3
1 0 0 0 556 831 3
1 0 0 1 790 -613 3
1 0 1 0 882 471 3
1 0 1 0 882 471 3
1 0 1 0 882 471 3
1 0 0 0 882 471 3
1 0 1 0 -924 -383 3
1 0 1 0 -924 -383 3
1 0 1 0 -924 -383 3
1 0 1 0 -924 -383 3
1 0 1 0 -924 -383 3
1 0 0 0 -924 -383 3
1 0 1 0 383 924 3
1 0 1 0 383 924 3
1 0 1 0 383 924 3
1 0 1 0 383 924 3
1 0 1 0 383 924 3
1 0 0 0 383 924 3
1 0 1 0 98 995 3
1 0 1 0 98 995 3
1 0 1 0 98 995 3
1 0 0 0 98 995 3
1 0 1 0 -981 -195 3
1 0 0 0 -981 -195 3
1 0 1 0 267 -964 3
1 0 0 0 267 -964 3
1 0 1 0 204 -979 3
1 0 0 1 994 110 3
1 0 1 0 471 882 3
1 0 1 0 471 882 3
1 0 0 0 471 882 3
1 0 1 0 556 -831 3
1 0 1 0 556 -831 3
1 0 0 0 556 -831 3
1 0 1 0 -161 987 3
1 0 1 0 -161 987 3
0 0 0 0 -161 987 3
1 0 0 0 -161 987 3
1 0 1 0 773 -634 3
1 0 1 0 773 -634 3
1 0 1 0 773 -634 3
1 0 1 0 773 -634 3
1 0 1 0 773 -634 3
1 0 1 0 773 -634 3
1 0 1 0 773 -634 3
1 0 1 0 773 -634 3
1 0 1 0 773 -634 3
1 0 1 0 773 -634 3
1 0 1 0 773 -634 3
1 0 1 0 773 -634 3
1 0 1 0 773 -634 3
1 0 1 0 773 -634 3
1 0 0 1 991 -134 3
1 0 1 0 -924 383 3
1 0 0 0 -924 383 3
1 0 1 0 4 1000 3
1 0 1 0 4 1000 3
1 0 1 0 4 1000 3
1 0 1 0 4 1000 3
1 0 1 0 4 1000 3
-1 0 1 0 4 1000 3
1 0 0 0 4 1000 3
1 0 1 0 0 1000 3
1 0 1 0 0 1000 3
1 0 1 0 0 1000 3
1 0 1 0 0 1000 3
0 0 1 0 0 1000 3
0 0 1 0 0 1000 3
1 0 1 0 0 1000 3
1 0 0 0 0 1000 3
1 0 1 0 -290 957 3
1 0 1 0 -290 957 3
1 0 1 0 -290 957 3
1 0 1 0 -290 957 3
1 0 0 0 -290 957 3
1 0 1 0 471 -882 3
1 0 0 0 471 -882 3
1 0 1 0 383 -924 3
1 0 0 0 383 -924 3
1 0 1 0 -195 981 3
1 0 1 0 -195 981 3
1 0 1 0 -195 981 3
1 0 0 0 -195 981 3
1 0 1 0 882 -471 3
1 0 1 0 882 -471 3
1 0 0 0 882 -471 3
1 0 1 0 634 -773 3
1 0 0 1 541 841 3
1 0 1 0 773 -634 3
0 0 1 0 773 -634 3
0 0 0 0 773 -634 3
1 0 0 0 773 -634 3
1 0 1 0 831 -556 3
1 0 1 0 831 -556 3
1 0 1 0 831 -556 3
1 0 1 0 831 -556 3
0 0 1 0 831 -556 3
1 0 1 0 831 -556 3
1 0 1 0 831 -556 3
1 0 1 0 831 -556 3
-1 0 1 0 831 -556 3
1 0 1 0 831 -556 3
1 1 1 0 831 -556 3
1 0 1 0 831 -556 3
1 0 1 0 831 -556 3
1 0 1 0 831 -556 3
1 0 1 0 831 -556 3
1 0 1 0 831 -556 3
1 0 1 0 831 -556 3
0 0 1 0 831 -556 3
0 0 1 0 831 -556 3
-1 0 1 0 831 -556 3
1 0 0 0 831 -556 3
1 0 0 1 0 1000 3
0 0 0 0 0 1000 3
0 0 1 0 -976 -216 3
0 0 0 0 -976 -216 3
1 0 1 0 -981 -195 3
-1 0 0 0 -981 -195 3
-1 0 1 0 -995 -98 3
-1 0 0 0 -995 -98 3
0 0 1 0 831 -556 3
-1 0 0 0 831 -556 3
-1 0 1 0 98 995 3
1 0 1 0 98 995 3
1 0 1 0 98 995 3
-1 0 1 0 98 995 3
1 0 1 0 98 995 3
1 0 0 0 98 995 3
1 0 1 0 829 559 3
1 0 1 0 829 559 3
1 0 1 0 829 559 3
1 0 1 0 829 559 3
1 0 1 0 829 559 3
1 0 1 0 829 559 3
1 0 1 0 829 559 3
1 0 0 0 829 559 3
1 0 1 0 471 882 3
1 0 1 1 693 -721 3
1 0 1 0 471 882 3
1 0 1 0 471 882 3
1 0 1 0 471 882 3
1 0 1 0 471 882 3
1 0 1 0 471 882 3
1 0 1 0 471 882 3
1 0 0 0 471 882 3
1 0 1 0 98 995 3
1 0 0 0 98 995 3
1 0 1 0 -471 882 3
1 0 1 0 -471 882 3
1 0 0 0 -471 882 3
1 0 0 0 -471 882 3
1 0 1 0 471 882 3
1 0 0 0 471 882 3
1 0 1 0 995 -98 3
1 0 1 0 995 -98 3
1 0 1 0 995 -98 3
1 0 1 0 995 -98 3
1 0 1 0 995 -98 3
1 0 1 0 995 -98 3
1 0 1 0 995 -98 3
1 0 1 0 995 -98 3
1 0 1 0 995 -98 3
1 0 1 1 -195 -981 3
1 0 0 0 -195 -981 3
1 0 1 0 633 -774 3
1 0 0 0 633 -774 3
1 0 1 0 831 -556 3
1 0 1 0 831 -556 3
1 0 1 0 831 -556 3
1 0 0 0 831 -556 3
1 0 1 0 957 -290 3
1 0 1 0 957 -290 3
1 0 0 0 957 -290 3
1 0 1 0 1000 0 3
1 0 1 0 1000 0 3
1 0 1 0 1000 0 3
1 0 1 0 1000 0 3
1 0 1 0 1000 0 3
1 0 1 0 1000 0 3
1 0 1 0 1000 0 3
1 0 1 0 1000 0 3
1 0 1 0 1000 0 3
1 0 1 0 1000 0 3
1 0 0 0 1000 0 3
1 0 1 0 707 -707 3
1 0 1 0 707 -707 3
1 0 1 0 707 -707 3
1 0 1 0 707 -707 3
1 0 1 0 707 -707 3
1 0 0 0 707 -707 3
1 0 0 1 -195 -981 3
1 0 0 0 -195 -981 3
1 0 1 0 707 -707 3
1 0 1 0 707 -707 3
1 0 0 0 707 -707 3
1 0 1 0 383 -924 3
1 0 0 0 383 -924 3
1 0 1 0 -924 -383 3
1 0 0 0 -924 -383 3
1 0 1 0 454 -891 3
1 0 0 0 454 -891 3
1 0 1 0 399 -917 3
1 0 0 0 399 -917 3
1 0 1 0 371 -929 3
1 0 0 0 371 -929 3
1 0 1 0 383 924 3
1 0 1 0 383 924 3
1 1 1 0 383 924 3
1 0 1 0 383 924 3
1 0 0 0 383 924 3
1 0 1 0 634 773 3
1 0 1 0 634 773 3
1 0 1 0 634 773 3
1 0 1 0 634 773 3
1 0 1 0 634 773 3
1 0 1 0 634 773 3
1 0 0 0 634 773 3
1 0 1 0 98 995 3
1 0 1 0 98 995 3
1 0 1 0 98 995 3
1 0 1 0 98 995 3
1 0 0 0 98 995 3
1 0 0 0 98 995 3
1 0 1 0 634 -773 3
1 0 1 1 -924 383 3
1 1 1 0 -924 383 3
1 0 0 0 -924 383 3
1 0 1 0 -358 -934 3
1 0 1 0 -358 -934 3
1 0 0 0 -358 -934 3
1 0 1 0 -290 -957 3
1 0 1 0 -290 -957 3
1 0 1 0 -290 -957 3
1 0 1 0 -290 -957 3
1 0 0 0 -290 -957 3
1 0 1 0 -383 -924 3
1 0 1 0 -383 -924 3
1 0 1 0 -383 -924 3
1 0 1 0 -383 -924 3
1 0 1 0 -383 -924 3
1 0 0 0 -383 -924 3
1 0 1 0 -556 -831 3
1 0 0 0 -556 -831 3
1 0 1 0 634 773 3
1 0 1 0 634 773 3
1 0 1 0 634 773 3
1 0 1 0 634 773 3
1 0 1 0 634 773 3
1 0 0 0 634 773 3
1 0 1 0 -98 995 3
1 0 0 0 -98 995 3
1 0 1 0 0 1000 3
1 0 0 0 0 1000 3
1 0 1 0 -195 -981 3
1 0 0 0 -195 -981 3
1 0 1 0 290 957 3
1 0 1 0 290 957 3
1 0 0 0 290 957 3
1 0 1 0 98 995 3
1 0 1 0 98 995 3
1 0 0 0 98 995 3
1 0 1 0 -831 556 3
1 0 1 1 948 -319 3
1 0 1 0 -831 556 3
1 0 0 0 -831 556 3
1 0 1 0 290 957 3
1 0 1 0 290 957 3
1 0 1 0 290 957 3
1 0 0 0 290 957 3
1 0 1 0 773 634 3
1 0 0 0 773 634 3
1 0 1 0 882 -471 3
1 0 1 0 882 -471 3
1 0 0 0 882 -471 3
1 0 1 0 556 831 3
1 0 0 0 556 831 3
1 0 0 0 556 831 3
1 0 1 0 -118 993 3
1 0 0 0 -118 993 3
1 0 1 0 -135 991 3
1 0 1 0 -135 991 3
1 0 0 0 -135 991 3
1 0 1 0 -182 983 3
-1 0 0 0 -182 983 3
1 0 1 0 290 -957 3
1 0 1 0 290 -957 3
1 0 1 0 290 -957 3
1 0 0 1 902 432 3
1 0 1 0 -195 -981 3
1 0 1 0 -195 -981 3
1 0 1 0 -195 -981 3
1 1 1 0 -195 -981 3
1 0 0 0 -195 -981 3
1 0 1 0 383 924 3
1 0 1 0 383 924 3
1 0 0 0 383 924 3
1 0 1 0 -995 98 3
1 0 1 0 -995 98 3
1 0 0 0 -995 98 3
1 0 1 0 98 995 3
1 0 1 0 98 995 3
1 0 0 0 98 995 3
1 0 1 0 -831 556 3
1 0 1 0 -831 556 3
1 0 0 0 -831 556 3
1 0 1 0 195 981 3
1 0 1 0 195 981 3
1 0 0 0 195 981 3
1 0 1 0 290 -957 3
1 0 0 0 290 -957 3
1 0 1 0 0 1000 3
1 0 0 0 0 1000 3
1 0 1 0 -831 -556 3
1 0 0 0 -831 -556 -1
1 0 1 0 0 -10000 -1
1 0 1 0 0 -10000 -1
1 0 1 0 0 -10000 -1
1 0 0 0 0 -10000 -1
1 0 1 0 9239 -3827 -1
1 0 0 1 9085 -4179 -1
1 0 1 0 -9239 3827 -1
1 0 0 0 -9239 3827 -1
1 0 0 0 -9239 3827 -1
1 0 1 0 1788 9839 -1
-1 0 1 0 1788 9839 -1
1 0 1 0 1788 9839 -1
-1 0 1 0 1788 9839 -1
0 0 1 0 1788 9839 -1
-1 0 0 0 1788 9839 -1
0 0 1 0 -3827 9239 -1
-1 0 1 0 -3827 9239 -1
-1 0 1 0 -3827 9239 -1
0 0 1 0 -3827 9239 -1
-1 0 1 0 -3827 9239 -1
-1 0 1 0 -3827 9239 -1
-1 0 1 0 -3827 9239 -1
-1 0 1 0 -3827 9239 -1
-1 0 1 0 -3827 9239 -1
-1 0 0 0 -3827 9239 -1
1 0 1 0 -6833 7302 -1
0 0 1 0 -6833 7302 -1
1 0 1 0 -6833 7302 -1
0 0 1 0 -6833 7302 -1
0 0 0 0 -6833 7302 -1
-1 0 1 0 -9907 -1357 -1
-1 0 0 0 -9907 -1357 -1
-1 0 1 0 -9578 -2874 -1
-1 0 0 0 -9578 -2874 -1
-1 0 1 0 -9537 -3007 -1
-1 0 0 0 -9537 -3007 -1
-1 0 1 0 -9239 -3827 -1
-1 0 1 0 -9239 -3827 -1
-1 0 0 0 -9239 -3827 -1
-1 0 1 0 -9171 -3987 -1
-1 0 1 0 -9171 -3987 -1
-1 0 1 1 8863 4631 -1
-1 0 1 0 -9171 -3987 -1
-1 0 1 0 -9171 -3987 -1
-1 0 1 0 -9171 -3987 -1
-1 1 0 0 -9171 -3987 -1
-1 0 1 0 0 10000 -1
-1 0 0 0 0 10000 -1
-1 1 0 0 0 10000 -1
-1 0 1 0 -9239 3827 -1
-1 0 0 0 -9239 3827 -1
-1 0 1 0 -9239 3827 -1
-1 0 1 0 -9239 3827 -1
-1 0 0 0 -9239 3827 -1
-1 0 1 0 -9239 3827 -1
-1 0 0 0 -9239 3827 -1
-1 0 1 0 0 10000 -1
-1 0 1 0 0 10000 -1
-1 0 0 0 0 10000 -1
-1 0 0 0 0 10000 -1
-1 0 1 0 -2790 9603 -1
-1 0 1 0 -2790 9603 -1
-1 0 1 0 -2790 9603 -1
-1 0 1 0 -2790 9603 -1
-1 0 0 0 -2790 9603 -1
-1 0 1 0 9239 3827 -1
-1 0 0 1 8819 4714 -1
-1 0 1 0 -9239 -3827 -1
-1 0 0 0 -9239 -3827 -1
-1 0 1 0 7071 -7071 -1
-1 0 0 0 7071 -7071 -1
-1 0 1 0 1564 -9877 -1
-1 0 1 0 1564 -9877 -1
-1 0 0 0 1564 -9877 -1
-1 0 0 0 1564 -9877 -1
-1 0 1 0 9239 3827 -1
-1 0 0 0 9239 3827 -1
-1 0 1 0 -3827 -9239 -1
-1 0 1 0 -3827 -9239 -1
-1 0 0 0 -3827 -9239 -1
-1 0 1 0 -7071 7071 -1
-1 0 1 0 -7071 7071 -1
-1 0 1 0 -7071 7071 -1
-1 0 0 0 -7071 7071 -1
-1 0 1 0 3827 -9239 -1
-1 0 1 0 3827 -9239 -1
-1 0 1 0 3827 -9239 -1
0 0 0 0 3827 -9239 -1
-1 0 1 0 0 -10000 -1
-1 0 1 0 0 -10000 -1
-1 0 0 0 0 -10000 -1
-1 0 0 1 4401 -8979 -1
-1 0 0 0 0 -10000 -1
-1 0 0 0 0 -10000 -1
-1 0 1 0 0 -10000 -1
-1 0 0 0 0 -10000 -1
-1 0 0 0 0 -10000 -1
-1 0 1 0 0 -10000 -1
-1 0 0 0 0 -10000 -1
-1 0 1 0 0 -10000 -1
-1 0 0 0 0 -10000 -1
-1 0 1 0 -87 -10000 -1
-1 0 0 0 -87 -10000 -1
-1 0 1 0 -3305 -9438 -1
-1 0 1 0 -3305 -9438 -1
-1 0 1 0 -3305 -9438 -1
-1 0 1 0 -3305 -9438 -1
-1 0 0 0 -3305 -9438 -1
-1 0 1 0 -3827 9239 -1
-1 0 0 0 -3827 9239 -1
-1 0 1 0 -9681 -2504 -1
-1 0 0 0 -9681 -2504 -1
-1 0 1 0 -10000 0 -1
-1 0 0 0 -10000 0 -1
-1 0 1 0 0 -10000 -1
-1 1 0 0 0 -10000 -1
-1 0 1 0 3827 -9239 -1
-1 0 0 0 3827 -9239 -1
-1 0 1 0 0 -10000 -1
-1 0 0 1 8819 -4714 -1
-1 0 1 0 -7071 7071 -1
-1 0 0 0 -7071 7071 -1
-1 0 1 0 3827 -9239 -1
-1 0 0 0 3827 -9239 -1
-1 0 1 0 576 9983 -1
-1 0 0 0 576 9983 -1
-1 0 1 0 -2639 9646 -1
-1 0 0 0 -2639 9646 -1
-1 0 1 0 872 9962 -1
-1 0 1 0 872 9962 -1
-1 0 0 0 872 9962 -1
-1 0 1 0 7071 -7071 -1
-1 0 0 0 7071 -7071 -1
-1 0 1 0 9842 1771 -1
-1 0 0 0 9842 1771 -1
-1 0 1 0 6613 -7501 -1
-1 0 0 0 6613 -7501 -1
-1 0 1 0 6613 -7501 -1
-1 0 1 0 6613 -7501 -1
-1 0 0 0 6613 -7501 -1
-1 0 1 0 3827 -9239 -1
-1 0 1 0 3827 -9239 -1
-1 0 0 0 3827 -9239 -1
-1 0 1 0 -3156 -9489 -1
-1 0 0 0 -3156 -9489 -1
-1 0 1 0 -3827 -9239 -1
-1 0 0 0 -3827 -9239 -1
-1 0 1 0 -7071 -7071 -1
-1 0 1 0 -7071 -7071 -1
-1 0 0 0 -7071 -7071 -1
-1 0 1 0 -2317 -9728 -1
-1 0 0 0 -2317 -9728 -1
-1 0 1 0 -1288 -9917 -1
-1 0 0 0 -1288 -9917 -1
-1 0 1 0 -1080 -9942 -1
-1 0 1 0 -1080 -9942 -1
-1 0 1 0 -1080 -9942 -1
-1 0 0 0 -1080 -9942 -1
-1 0 1 0 9239 3827 -1
-1 0 1 1 -9421 3353 -1
-1 0 0 0 9239 3827 -1
-1 0 1 0 10000 0 -1
-1 0 1 0 10000 0 -1
-1 0 0 0 10000 0 -1
-1 0 1 0 0 10000 -1
-1 0 1 0 0 10000 -1
-1 0 0 0 0 10000 -1
-1 0 1 0 -3206 9472 -1
-1 0 1 0 -3206 9472 -1
-1 0 1 0 -3206 9472 -1
-1 0 0 0 -3206 9472 -1
-1 0 1 0 -3827 -9239 -1
-1 0 1 0 -3827 -9239 -1
-1 0 1 0 -3827 -9239 -1
-1 0 0 0 -3827 -9239 -1
-1 0 1 0 436 9990 -1
-1 0 1 0 436 9990 -1
-1 0 0 0 436 9990 -1
-1 0 0 0 436 9990 -1
-1 0 1 0 1409 -9900 -1
0 1 1 0 1409 -9900 -1
1 0 1 0 1409 -9900 -1
0 1 1 0 1409 -9900 -1
0 0 1 0 1409 -9900 -1
0 0 1 0 1409 -9900 -1
0 0 1 0 1409 -9900 -1
1 0 1 0 1409 -9900 -1
1 0 1 0 1409 -9900 -1
1 0 1 0 1409 -9900 -1
1 0 1 0 1409 -9900 -1
1 0 1 0 1409 -9900 -1
1 0 1 0 1409 -9900 -1
0 0 1 0 1409 -9900 -1
-1 0 0 0 1409 -9900 -1
-1 0 1 0 3827 -9239 -1
-1 0 1 1 -4895 8720 -1
-1 0 0 0 3827 -9239 -1
-1 0 1 0 -8678 4970 -1
-1 0 0 0 -8678 4970 -1
-1 0 1 0 -8111 5850 -1
0 0 1 0 -8111 5850 -1
-1 0 1 0 -8111 5850 -1
0 0 1 0 -8111 5850 -1
-1 0 1 0 -8111 5850 -1
-1 0 1 0 -8111 5850 -1
-1 0 1 0 -8111 5850 -1
-1 0 1 0 -8111 5850 -1
-1 0 1 0 -8111 5850 -1
-1 0 1 0 -8111 5850 -1
-1 0 1 0 -8111 5850 -1
-1 0 1 0 -8111 5850 -1
-1 0 1 0 -8111 5850 -1
-1 0 1 0 -8111 5850 -1
-1 0 1 0 -8111 5850 -1
-1 0 1 0 -8111 5850 -1
-1 0 1 0 -8111 5850 -1
-1 0 1 0 -8111 5850 -1
-1 0 1 0 -8111 5850 -1
-1 0 1 0 -8111 5850 -1
-1 0 1 0 -8111 5850 -1
-1 0 1 0 -8111 5850 -1
-1 0 1 0 -8111 5850 -1
-1 0 1 0 -8111 5850 -1
-1 0 1 0 -8111 5850 -1
0 0 1 0 -8111 5850 -1
0 0 1 0 -8111 5850 -1
0 0 0 0 -8111 5850 -1
1 0 1 0 3827 9239 -1
1 0 1 0 3827 9239 -1
0 0 0 0 3827 9239 -1
0 1 1 0 3827 9239 -1
-1 0 1 1 9939 -1104 -1
-1 0 1 0 3827 9239 -1
-1 1 0 0 3827 9239 -1
-1 0 1 0 -9317 -3633 -1
-1 0 0 0 -9317 -3633 -1
-1 0 1 0 3827 -9239 -1
-1 0 1 0 3827 -9239 -1
-1 0 0 0 3827 -9239 -1
-1 0 1 0 -9239 -3827 -1
-1 0 1 0 -9239 -3827 -1
-1 0 0 0 -9239 -3827 -1
-1 0 1 0 -9239 -3827 -1
-1 0 1 0 -9239 -3827 -1
-1 0 0 0 -9239 -3827 -1
-1 0 1 0 -7955 -6060 -1
-1 0 0 0 -7955 -6060 -1
-1 0 1 0 -8910 -4540 -1
-1 0 1 0 -8910 -4540 -1
1 0 1 0 -8910 -4540 -1
-1 0 1 0 -8910 -4540 -1
-1 0 0 0 -8910 -4540 -1
-1 0 1 0 9239 -3827 -1
-1 0 0 0 9239 -3827 -1
-1 0 1 0 3827 -9239 -1
-1 0 1 0 3827 -9239 -1
-1 0 0 0 3827 -9239 -1
-1 0 1 0 -7732 -6342 -1
-1 0 1 0 -7732 -6342 -1
-1 0 1 0 -7732 -6342 -1
-1 0 1 0 -7732 -6342 -1
-1 0 1 0 -7732 -6342 -1
-1 0 1 0 -7732 -6342 -1
-1 0 1 0 -7732 -6342 -1
-1 0 1 0 -7732 -6342 -1
-1 0 0 0 -7732 -6342 -1
-1 0 1 0 -3827 -9239 -1
-1 0 1 0 -3827 -9239 -1
-1 0 1 0 -3827 -9239 -1
-1 0 1 0 -3827 -9239 -1
-1 0 1 1 4149 9099 -1
-1 0 0 0 4149 9099 -1
-1 0 1 0 -2396 -9709 -1
-1 0 1 0 -2396 -9709 -1
-1 0 1 0 -2396 -9709 -1
-1 0 0 0 -2396 -9709 -1
-1 0 0 0 -2396 -9709 -1
-1 0 1 0 3665 -9304 -1
-1 0 0 0 3665 -9304 -1
-1 0 1 0 1045 -9945 -1
-1 0 1 0 1045 -9945 -1
-1 0 1 0 1045 -9945 -1
-1 0 0 0 1045 -9945 -1
-1 0 1 0 4247 -9053 -1
-1 0 0 0 4247 -9053 -1
-1 0 1 0 5299 -8480 -1
-1 0 0 0 5299 -8480 -1
-1 0 1 0 5077 -8615 -1
-1 0 0 0 5077 -8615 -1
-1 0 1 0 5077 -8615 -1
-1 0 0 0 5077 -8615 -1
-1 0 1 0 7071 -7071 -1
-1 0 1 0 7071 -7071 -1
-1 0 0 0 7071 -7071 -1
-1 0 1 0 7071 -7071 -1
-1 0 1 1 2292 9734 -1
-1 0 1 0 2292 9734 -1
-1 0 1 0 2292 9734 -1
-1 0 0 0 2292 9734 -1
-1 0 1 0 -5611 8278 -1
-1 0 1 0 -5611 8278 -1
-1 0 1 0 -5611 8278 -1
-1 0 1 0 -5611 8278 -1
-1 0 0 0 -5611 8278 -1
-1 0 1 0 -2419 9703 -1
-1 0 0 0 -2419 9703 -1
-1 1 1 0 -958 9954 -1
-1 0 0 0 -958 9954 -1
-1 1 1 0 3827 -9239 -1
-1 0 0 0 3827 -9239 -1
-1 0 1 0 -459 9989 -1
-1 0 0 0 -459 9989 -1
-1 0 0 0 -459 9989 -1
-1 0 1 0 -610 9981 -1
-1 0 0 0 -610 9981 -1
-1 0 1 0 -1433 9897 -1
-1 0 0 0 -1433 9897 -1
-1 0 0 0 -1433 9897 -1
-1 0 1 0 2840 -9588 -1
-1 0 0 0 2840 -9588 -1
-1 0 1 0 913 -9958 -1
-1 0 1 0 913 -9958 -1
-1 0 1 0 913 -9958 -1
-1 0 1 1 -8199 -5726 -1
-1 0 1 0 913 -9958 -1
-1 0 1 0 913 -9958 -1
0 0 0 0 913 -9958 -1
-1 0 1 0 7071 -7071 -1
-1 0 1 0 7071 -7071 -1
-1 0 0 0 7071 -7071 -1
-1 0 1 0 8339 -5519 -1
-1 0 0 0 8339 -5519 -1
-1 0 1 0 8819 -4715 -1
-1 0 0 0 8819 -4715 -1
-1 0 1 0 -7071 7071 -1
-1 0 1 0 -7071 7071 -1
-1 0 0 0 -7071 7071 -1
-1 0 1 0 -5502 8350 -1
-1 0 1 0 -5502 8350 -1
-1 0 0 0 -5502 8350 -1
-1 0 1 0 3827 -9239 -1
-1 0 1 0 3827 -9239 -1
-1 0 0 0 3827 -9239 -1
-1 0 1 0 -3827 9239 -1
-1 0 1 0 -3827 9239 -1
-1 0 1 0 -3827 9239 -1
-1 0 1 0 -3827 9239 -1
-1 0 0 0 -3827 9239 -1
-1 0 0 0 -3827 9239 -1
0 0 1 0 -9404 -3401 -1
-1 0 0 1 8216 -5700 -1
-1 0 0 0 8216 -5700 -1
-1 0 1 0 7071 -7071 -1
-1 0 0 0 7071 -7071 -1
-1 0 1 0 -7071 7071 -1
-1 0 0 0 -7071 7071 -1
-1 0 1 0 -65 10000 -1
-1 0 1 0 -65 10000 -1
-1 0 1 0 -65 10000 -1
-1 0 1 0 -65 10000 -1
-1 0 0 0 -65 10000 -1
-1 0 0 0 -65 10000 -1
-1 0 1 0 1045 9945 -1
-1 0 1 0 1045 9945 -1
-1 0 0 0 1045 9945 -1
-1 0 1 0 2399 9708 -1
-1 0 1 0 2399 9708 -1
-1 0 1 0 2399 9708 -1
-1 0 0 0 2399 9708 -1
-1 0 1 0 -7071 7071 -1
-1 0 0 0 -7071 7071 -1
-1 0 1 0 3827 9239 -1
-1 0 1 0 3827 9239 -1
-1 0 0 0 3827 9239 -1
-1 0 0 0 3827 9239 -1
-1 0 1 0 0 -10000 -1
-1 0 1 0 0 -10000 -1
-1 0 0 0 0 -10000 -1
-1 0 1 0 -7071 -7071 -1
-1 0 0 0 -7071 -7071 -1
-1 0 1 0 -7431 -6691 -1
-1 0 0 0 -7431 -6691 -1
-1 0 1 0 -6691 -7431 -1
-1 0 0 0 -6691 -7431 -1
-1 0 1 0 -8821 -4710 -1
-1 0 1 0 -8821 -4710 -1
-1 0 0 0 -8821 -4710 -1
-1 0 1 0 -4540 -8910 -1
-1 0 0 0 -4540 -8910 -1
-1 0 1 0 3827 9239 -1
-1 0 0 0 3827 9239 -1
-1 0 0 0 3827 9239 -1
-1 0 1 0 -7071 -7071 -1
-1 0 1 0 -7071 -7071 -1
-1 0 1 0 -7071 -7071 -1
-1 0 0 0 -7071 -7071 -1
-1 0 0 0 -7071 -7071 -1
-1 0 1 0 3827 9239 -1
-1 0 0 0 3827 9239 -1
-1 0 1 0 3827 9239 -1
-1 0 0 1 274 9996 -1
0 0 1 0 3827 9239 -1
1 0 1 0 3827 9239 -1
1 0 1 0 3827 9239 -1
1 0 1 0 3827 9239 -1
1 0 1 0 3827 9239 -1
0 0 1 0 3827 9239 -1
1 0 1 0 3827 9239 -1
1 0 1 0 3827 9239 -1
1 0 0 0 3827 9239 -1
1 0 1 0 10000 0 -1
1 0 1 0 10000 0 -1
1 0 1 0 10000 0 -1
1 0 1 0 10000 0 -1
1 0 0 0 10000 0 -1
1 0 1 0 8563 -5165 -1
1 0 1 0 8563 -5165 -1
1 0 0 0 8563 -5165 -1
1 0 1 0 8281 -5606 -1
1 0 1 0 8281 -5606 -1
1 0 1 0 8281 -5606 -1
1 0 1 0 8281 -5606 -1
1 0 0 0 8281 -5606 -1
1 0 1 0 6227 -7825 -1
1 0 1 0 6227 -7825 -1
1 0 1 0 6227 -7825 -1
1 0 0 0 6227 -7825 -1
1 0 1 0 5562 -8311 -1
1 0 1 0 5562 -8311 -1
1 0 1 0 5562 -8311 -1
1 0 1 1 9573 2893 -1
1 0 1 0 5562 -8311 -1
1 0 0 0 5562 -8311 -1
1 1 1 0 9239 3827 -1
1 0 0 0 9239 3827 -1
1 1 1 0 -7387 -6740 -1
1 0 0 0 -7387 -6740 -1
1 0 1 0 3401 9404 -1
1 0 1 0 3401 9404 -1
1 0 0 0 -980 -9952 3
1 0 1 0 -980 -9952 3
1 0 0 0 -980 -9952 3
1 0 0 0 0 -1000 3
1 0 1 0 980 9952 3
1 0 1 0 -8819 4714 3
1 0 0 0 2903 -9569 3
1 0 1 0 -7730 -6344 3
1 0 0 0 2903 -9569 3
1 0 1 0 -2903 -9569 3
1 0 1 0 7730 -6344 3
1 0 0 0 -773 -634 3
1 0 1 0 980 -9952 3
1 0 1 0 -3746 -9272 3
1 0 0 0 -407 -914 3
1 0 1 0 -4226 -9063 3
1 0 1 0 -4226 -9063 3
1 0 0 0 -466 -885 3
1 0 1 0 -5225 -8526 3
1 0 0 0 -556 -831 3
1 0 1 0 -5592 -8290 3
1 0 0 0 831 -556 3
1 0 1 0 4107 9118 3
1 0 1 1 8667 -4989 3
1 0 1 0 8647 5023 3
1 0 1 0 8647 5023 3
1 0 0 0 0 -1000 3
1 0 1 0 -2903 9569 3
1 0 0 0 0 -1000 3
1 0 0 0 0 -1000 3
1 0 1 0 -6344 7730 3
1 0 0 0 0 -1000 3
1 0 1 0 -980 9952 3
1 0 0 0 -995 98 3
1 0 1 0 9952 980 3
1 0 0 0 -995 98 3
1 0 0 0 -995 98 3
1 0 0 0 383 -924 3
1 0 0 0 383 -924 3
1 0 1 0 4147 -9100 3
1 0 0 0 383 -924 3
1 0 1 0 3338 -9426 3
1 0 0 0 471 882 3
1 0 1 0 7730 -6344 3
1 0 1 0 7730 -6344 3
1 0 1 0 4714 -8819 3
1 0 1 0 4714 -8819 3
1 0 1 0 -6344 -7730 3
1 0 1 0 6344 -7730 3
1 1 0 0 9099 4147 3
1 0 0 1 -7071 7071 3
1 0 1 0 2903 9569 3
1 0 1 0 -4772 8788 3
1 0 1 0 -4772 8788 3
1 0 0 0 -4714 -8819 3
1 0 0 0 -995 -98 3
1 0 0 0 471 882 3
1 0 1 0 -2903 -9569 3
1 0 0 0 471 882 3
1 0 1 0 -7730 -6344 3
1 0 0 0 471 882 3
1 0 1 0 -8819 -4714 3
1 0 0 0 383 924 3
1 0 0 0 383 924 3
1 0 1 0 610 9981 3
1 0 1 0 -980 -9952 3
1 0 0 0 -882 471 3
1 0 0 0 -882 471 3
-1 1 1 0 -6344 7730 3
1 0 1 0 2903 -9569 3
1 0 0 0 -882 471 3
1 0 1 0 2903 -9569 3
1 0 0 0 634 -773 3
1 0 1 0 -7730 6344 3
-1 0 0 0 -8819 4714 3
-1 0 1 0 -2698 -9629 3
-1 1 1 0 -195 -981 3
-1 0 1 1 0 10000 3
1 0 1 0 4714 8819 3
0 0 1 0 4714 8819 3
-1 0 1 0 4714 8819 3
1 0 0 0 4714 8819 3
-1 0 1 0 -7716 -6361 3
-1 0 1 0 -7716 -6361 3
-1 0 0 0 4714 8819 3
1 0 0 0 4714 8819 3
1 0 1 0 3827 9239 3
1 1 1 0 3827 9239 3
1 1 0 0 773 634 3
1 0 1 0 -1200 9928 3
-1 0 0 0 -1200 9928 3
1 0 0 0 773 634 3
0 0 1 0 -2250 9744 3
-1 0 1 0 -2250 9744 3
0 0 1 0 -2334 9724 3
-1 0 1 0 -2250 9744 3
-1 0 1 0 -2250 9744 3
-1 0 1 0 -2250 9744 3
-1 0 1 0 -2250 9744 3
-1 0 1 0 -2250 9744 3
-1 0 0 0 -2250 9744 3
1 0 1 0 -980 9952 3
1 0 1 0 969 9953 3
1 0 1 0 859 -511 3
1 0 1 0 859 -511 3
1 0 1 0 859 -511 3
1 0 0 0 859 -511 3
1 0 1 0 9063 -4226 3
1 0 1 0 9070 -4211 3
1 0 0 0 817 -577 3
1 0 1 0 7809 -6247 3
1 0 0 0 785 -619 3
1 0 1 0 6293 -7771 3
1 0 1 1 -9808 -1951 3
1 0 0 0 785 -619 3
1 0 1 0 3665 -9304 3
1 0 0 0 -981 195 3
1 0 0 0 -981 195 3
1 0 0 0 -981 195 3
1 0 1 0 634 -773 3
1 0 1 0 4903 -8716 3
1 0 0 0 634 -773 3
1 0 1 0 6337 -7736 3
1 0 1 0 6337 -7736 3
1 0 1 0 6337 -7736 3
1 0 1 0 6337 -7736 3
1 0 1 0 634 -773 3
1 0 0 0 634 -773 3
1 0 0 0 634 -773 3
1 0 0 0 634 -773 3
1 0 0 0 634 -773 3
1 0 0 0 634 -773 3
1 0 1 0 556 -831 3
1 0 1 0 556 -831 3
1 0 1 0 5387 -8425 3
1 0 1 0 556 -831 3
1 0 1 0 556 -831 3
1 0 1 0 556 -831 3
1 0 0 0 556 -831 3
1 0 0 0 556 -831 3
1 0 1 0 290 -957 3
1 0 1 0 4714 -8819 3
1 0 0 1 -8819 4714 3
1 0 0 1 -8819 4714 3
1 0 0 0 290 -957 3
1 0 1 0 -4714 -8819 3
1 0 0 0 -9833 1822 3
1 0 0 0 -9833 1822 3
1 0 1 0 -980 -9952 3
1 0 0 0 -9833 1822 3
1 0 0 0 -924 383 3
1 0 1 0 1935 -9811 3
1 0 1 0 1935 -9811 3
1 0 0 0 195 -981 3
1 0 0 0 195 -981 3
1 0 0 0 195 -981 3
1 0 1 0 195 981 3
1 0 1 0 195 981 3
1 0 0 0 195 981 3
1 0 0 0 98 -995 3
1 0 1 0 98 -995 3
1 0 1 0 98 -995 3
1 0 0 0 98 -995 3
1 0 1 0 98 -995 3
1 0 0 0 98 -995 3
1 0 0 0 98 -995 3
1 1 1 0 -980 -9952 3
1 0 0 1 -7071 7071 3
1 0 0 1 -7071 7071 3
1 0 0 1 -7071 7071 3
1 0 1 0 2903 9569 3
1 0 1 0 2903 9569 3
1 0 1 0 2903 9569 3
1 0 0 0 -1153 -9933 3
1 0 1 0 -1153 -9933 3
1 0 0 0 -1153 -9933 3
1 0 1 0 -980 -9952 3
1 0 0 0 707 -707 3
1 0 0 0 707 -707 3
1 0 1 0 -2903 -9569 3
1 0 1 0 -2903 -9569 3
1 0 0 0 -471 -882 3
1 0 1 0 -471 -882 3
1 0 0 0 -471 -882 3
1 0 0 0 -471 -882 3
1 0 1 0 9569 2903 3
1 0 0 0 1000 0 3
1 0 1 0 2903 9569 3
1 0 1 0 2903 9569 3
1 0 0 0 1000 0 3
1 0 1 0 1000 0 3
1 0 0 0 1000 0 3
1 0 1 0 1000 0 3
1 0 1 0 1000 0 3
1 0 1 0 1000 0 3
1 0 0 0 1000 0 3
1 0 1 0 -6344 -7730 3
1 0 0 1 9931 1169 3
1 0 0 0 773 -634 3
1 0 1 0 262 9997 3
1 0 0 0 773 -634 3
1 0 1 0 -4067 9135 3
1 0 0 0 -4067 9135 3
1 0 0 0 -4067 9135 3
1 0 1 0 2861 9582 3
1 0 1 0 2861 9582 3
1 0 1 0 2861 9582 3
1 0 1 0 2861 9582 3
1 0 1 0 2861 9582 3
1 0 1 0 2903 9569 3
1 0 0 0 556 831 3
1 0 1 0 556 831 3
1 0 0 0 556 831 3
1 0 0 0 556 831 3
1 0 1 0 2857 9583 3
1 0 1 0 2857 9583 3
1 0 1 0 2857 9583 3
1 0 1 0 2857 9583 3
1 0 1 0 2828 9592 3
1 0 1 0 290 957 3
1 0 1 0 290 957 3
1 0 0 0 290 957 3
1 0 0 1 9865 -1638 3
1 0 1 0 980 9952 3
1 0 1 0 290 957 3
1 0 1 0 290 957 3
1 0 0 0 290 957 3
1 0 1 0 -2903 9569 3
1 0 0 0 0 1000 3
1 0 1 0 -2903 9569 3
1 0 0 0 0 1000 3
1 0 1 0 -4924 8704 3
1 0 0 0 -98 995 3
1 0 1 0 -4714 8819 3
1 0 1 0 -4714 8819 3
1 0 0 0 -195 981 3
1 0 1 0 7730 -6344 3
1 0 1 0 4384 -8988 3
1 0 0 0 -195 981 3
1 0 1 0 2903 -9569 3
1 0 1 0 2903 -9569 3
-1 0 1 0 383 -924 3
-1 0 1 0 383 -924 3
-1 1 1 0 383 -924 3
1 1 1 0 383 -924 3
-1 0 1 0 383 -924 3
0 0 1 0 383 -924 3
0 0 1 0 383 -924 3
0 0 1 0 383 -924 3
-1 0 1 0 383 -924 3
-1 0 1 0 383 -924 3
-1 0 1 0 383 -924 3
-1 0 1 0 383 -924 3
-1 0 1 1 9392 3433 3
0 0 1 0 383 -924 3
-1 0 1 0 383 -924 3
-1 0 1 0 383 -924 3
-1 0 0 0 383 -924 3
0 0 1 0 9954 -958 3
1 0 0 0 995 -96 3
1 0 0 0 995 -96 3
0 0 0 0 995 -96 3
0 0 1 0 9781 2079 3
1 0 0 0 9781 2079 3
1 0 1 0 9952 980 3
0 0 1 0 8241 5664 3
1 0 0 0 8241 5664 3
0 0 1 0 7671 6416 3
1 0 1 0 882 471 3
1 0 0 0 882 471 3
1 0 1 0 4306 9026 3
1 0 0 0 4305 9026 3
1 0 0 0 4305 9026 3
1 0 1 0 4728 8812 3
1 0 1 0 4728 8812 3
1 0 1 0 4728 8812 3
1 0 1 0 4714 8819 3
1 1 1 0 882 471 3
1 1 1 0 882 471 3
1 1 1 0 882 471 3
1 1 1 0 882 471 3
1 0 1 0 195 981 3
1 0 1 0 195 981 3
1 0 1 1 -3264 -9452 3
1 0 1 0 195 981 3
1 0 0 0 926 -379 3
1 0 0 0 926 -379 3
1 0 0 0 926 -379 3
1 0 0 0 926 -379 3
1 0 0 1 -3908 -9205 3
1 0 1 0 3907 -9205 3
1 0 0 0 -924 383 3
1 0 0 0 -924 383 3
1 0 0 0 -924 383 3
1 0 0 0 -924 383 3
1 0 1 0 4714 -8819 3
1 0 1 0 4714 -8819 3
1 0 0 0 707 -707 3
1 0 0 0 707 -707 3
1 0 0 0 707 -707 3
1 0 0 0 707 -707 3
0 0 0 0 -9569 2903 3
1 0 1 0 8819 4714 3
1 0 1 0 8819 4714 3
1 0 0 0 -290 957 3
-1 0 1 0 -2903 9569 3
-1 0 1 0 -2903 9569 3
1 0 0 0 -290 957 3
-1 0 1 0 -9613 2756 3
0 0 1 0 -9613 2756 3
1 0 1 0 -957 290 3
-1 0 1 0 -957 290 3
-1 0 1 0 -957 290 3
-1 0 1 0 -957 290 3
-1 0 1 0 -957 290 3
-1 0 1 0 -957 290 3
-1 0 1 0 -957 290 3
1 0 1 0 -957 290 3
-1 0 1 0 -957 290 3
-1 0 1 1 586 -9983 3
0 0 1 0 583 -9983 3
-1 0 0 0 0 -1000 3
-1 0 0 0 0 -1000 3
-1 0 0 0 0 -1000 3
-1 0 0 0 0 -1000 3
-1 0 0 0 0 -1000 3
-1 0 0 0 -556 -831 3
-1 0 1 0 4147 9100 3
1 0 1 0 4714 8819 3
1 0 1 0 4714 8819 3
1 0 1 0 4714 8819 3
-1 0 1 0 9171 3987 3
1 0 1 0 9171 3987 3
1 0 1 0 9171 3987 3
1 0 1 0 9171 3987 3
1 0 1 0 9171 3987 3
1 0 1 0 634 773 3
1 0 1 0 634 773 3
1 0 1 0 634 773 3
1 0 1 0 634 773 3
1 0 0 0 634 773 3
1 0 1 0 5592 -8290 3
1 0 0 0 672 -740 3
1 0 1 0 5316 -8470 3
1 0 1 0 5316 -8470 3
1 0 0 0 489 -872 3
1 0 0 0 489 -872 3
1 0 0 0 489 -872 3
1 0 0 0 489 -872 3
0 0 1 0 -9569 2903 3
1 0 0 0 -156 988 3
1 0 0 0 -156 988 3
1 0 1 0 -3987 9171 3
1 0 1 0 -3987 9171 3
0 0 1 0 -7730 6344 3
-1 0 0 0 -981 195 3
-1 0 1 0 -924 -383 3
-1 0 1 0 -924 -383 3
-1 0 1 1 9239 -3827 3
-1 0 0 0 924 -383 3
-1 0 1 0 -5736 -8192 3
-1 0 0 0 924 -383 3
-1 0 1 0 -4573 -8893 3
-1 1 0 0 -496 -868 3
-1 1 0 0 -496 -868 3
-1 1 0 0 -496 -868 3
-1 0 0 0 -496 -868 3
-1 1 1 0 -1372 9905 3
-1 0 0 0 -496 -868 3
-1 0 0 0 -496 -868 3
-1 0 0 0 -496 -868 3
-1 0 1 0 1822 9833 3
-1 0 1 0 1822 9833 3
-1 0 1 0 1822 9833 3
-1 0 0 0 290 957 3
-1 0 1 0 4714 8819 3
-1 0 1 0 4714 8819 3
-1 0 1 0 4714 8819 3
-1 0 0 0 195 981 3
-1 0 1 0 9554 2955 3
-1 0 1 0 9554 2955 3
1 0 1 0 957 290 3
1 0 1 0 957 290 3
1 0 1 0 957 290 3
1 0 1 0 957 290 3
1 0 1 1 7086 -7056 3
1 0 1 1 4775 -8786 3
1 0 1 1 7081 -7061 3
1 0 1 1 4769 -8789 3
1 0 0 0 707 -707 3
1 0 1 0 8819 -4714 3
1 0 1 0 8819 -4714 3
1 0 1 0 8819 -4714 3
