-1 0 1 0 -234 -972 -1
1 0 1 0 -234 -972 -1
0 0 1 0 -234 -972 -1
0 0 1 0 -234 -972 -1
0 0 1 0 -234 -972 -1
0 0 1 0 -234 -972 -1
-1 0 0 0 -98 -995 -1
-1 0 1 0 924 -381 -1
-1 0 1 0 924 -381 -1
-1 0 1 0 924 -381 -1
0 0 1 0 924 -381 -1
0 0 1 0 924 -381 -1
1 0 1 0 924 -381 -1
0 0 1 0 924 -381 -1
0 0 1 0 924 -381 -1
1 0 1 0 924 -381 -1
0 0 1 0 924 -381 -1
-1 0 1 0 924 -381 -1
1 0 1 0 924 -381 -1
1 0 0 0 924 -383 -1
1 0 1 0 752 659 -1
1 0 1 0 752 659 -1
1 0 1 0 752 659 -1
1 0 0 0 752 659 -1
1 0 0 0 773 634 -1
1 0 1 0 707 707 -1
1 0 1 0 707 707 -1
1 0 1 0 707 707 -1
1 0 1 0 -981 -195 -1
1 0 0 0 -981 -195 -1
1 0 1 0 383 924 -1
1 0 1 0 383 924 -1
1 0 0 0 383 924 -1
1 0 1 0 -981 195 -1
1 0 1 0 -981 195 -1
1 0 1 0 -981 195 -1
1 0 0 0 -981 195 -1
1 0 0 0 -981 195 -1
1 0 1 0 786 -618 -1
1 0 1 0 786 -618 -1
1 0 1 0 786 -618 -1
1 0 1 0 786 -618 -1
1 0 1 0 786 -618 -1
1 0 0 0 773 -634 -1
1 0 1 0 779 -627 -1
1 0 1 0 779 -627 -1
1 0 1 0 779 -627 -1
1 0 1 0 779 -627 -1
1 0 1 0 779 -627 -1
1 0 0 0 773 -634 -1
1 0 1 0 787 -616 -1
1 0 1 0 787 -616 -1
1 0 1 0 787 -616 -1
1 0 1 0 787 -616 -1
1 0 1 0 787 -616 -1
1 0 1 0 787 -616 -1
1 0 1 0 787 -616 -1
1 0 0 0 773 -634 -1
1 0 1 0 580 -815 -1
1 0 1 0 580 -815 -1
1 0 1 0 580 -815 -1
1 0 1 0 580 -815 -1
1 0 1 0 580 -815 -1
1 0 1 0 580 -815 -1
1 1 0 0 634 -773 -1
1 0 0 0 634 -773 -1
1 0 0 0 634 -773 -1
1 0 1 0 139 990 -1
1 0 0 0 0 -1 -1
1 0 1 0 1170 9931 -1
1 0 0 0 0 -1 -1
1 1 1 0 1414 9899 -1
1 0 0 0 0 -1 -1
1 0 1 0 1170 9931 -1
1 0 0 0 0 -1 -1
1 0 1 0 243 970 -1
1 0 1 0 0 -1 -1
1 0 0 0 0 -1 -1
1 0 1 0 -904 -428 -1
1 0 1 0 0 -1 -1
1 0 0 0 0 -1 -1
1 0 1 0 337 942 -1
1 0 1 0 0 -1 -1
1 0 1 0 0 -1 -1
1 0 1 0 0 -1 -1
1 0 1 0 0 -1 -1
1 0 1 0 0 -1 -1
1 0 0 0 0 -1 -1
1 0 1 0 -904 428 -1
1 0 1 0 0 -1 -1
1 0 1 0 0 -1 -1
1 0 1 0 0 -1 -1
1 0 0 0 0 -1 -1
1 0 1 0 243 970 -1
1 0 1 0 0 -1 -1
1 0 1 0 0 -1 -1
1 0 0 0 0 -1 -1
1 0 1 0 999 49 -1
1 0 0 0 0 -1 -1
1 0 1 0 803 596 -1
1 0 1 0 0 -1 -1
1 0 1 0 0 -1 -1
1 0 1 0 0 -1 -1
1 0 1 0 0 -1 -1
1 0 0 0 0 -1 -1
1 0 1 0 904 -428 -1
1 0 1 0 0 -1 -1
1 0 1 0 0 -1 -1
1 0 1 0 0 -1 -1
1 0 1 0 0 -1 -1
1 0 0 0 0 -1 -1
1 0 0 0 0 -1 -1
1 0 1 0 803 -596 -1
1 0 1 0 0 -1 -1
1 0 1 0 0 -1 -1
1 0 1 0 0 -1 -1
1 0 1 0 0 -1 -1
1 0 1 0 0 -1 -1
1 0 1 0 0 -1 -1
1 0 1 0 0 -1 -1
1 0 1 0 0 -1 -1
1 0 1 0 0 -1 -1
1 0 1 0 0 -1 -1
1 0 0 0 0 -1 -1
1 1 1 0 49 999 -1
1 0 0 0 0 -1 -1
1 0 1 0 243 970 -1
1 0 1 0 0 -1 -1
1 0 0 0 0 -1 -1
1 0 1 0 514 858 -1
1 0 1 0 0 -1 -1
1 0 1 0 0 -1 -1
1 0 1 0 0 -1 -1
1 0 1 0 0 -1 -1
1 0 0 0 0 -1 -1
1 0 0 0 0 -1 -1
1 0 1 0 -904 428 -1
1 0 1 0 0 -1 -1
1 0 1 0 0 -1 -1
1 0 0 0 0 -1 -1
1 0 1 0 514 858 -1
1 0 1 0 0 -1 -1
1 0 1 0 0 -1 -1
1 0 1 0 0 -1 -1
1 0 1 0 0 -1 -1
1 1 1 0 0 -1 -1
1 0 0 0 0 -1 -1
1 0 1 0 915 9958 -1
1 0 0 0 0 -1 -1
1 0 0 0 0 -1 -1
1 0 1 0 -672 -741 -1
1 0 0 0 0 -1 -1
1 0 1 0 -741 -672 -1
1 0 0 0 0 -1 -1
1 0 1 0 -942 337 -1
1 0 1 0 0 -1 -1
1 0 0 0 0 -1 -1
1 0 1 0 672 -741 -1
1 0 1 0 0 -1 -1
1 0 1 0 0 -1 -1
1 0 1 0 0 -1 -1
1 0 1 0 0 -1 -1
1 0 0 0 0 -1 -1
1 0 1 0 337 -942 -1
1 0 1 0 0 -1 -1
1 0 1 0 0 -1 -1
1 0 1 0 0 -1 -1
1 0 0 0 0 -1 -1
1 0 0 0 0 -1 -1
1 0 1 0 147 -989 -1
1 0 1 0 0 -1 -1
1 0 1 0 0 -1 -1
1 0 0 0 0 -1 -1
1 0 1 0 127 9999 -1
1 0 0 0 0 -1 -1
1 0 1 0 -596 -803 -1
1 0 0 0 0 -1 -1
1 0 1 0 -514 -858 -1
1 0 0 0 0 -1 -1
1 0 1 0 -311 9995 -1
1 0 0 0 0 -1 -1
1 0 1 0 -567 9984 -1
1 0 0 0 0 -1 -1
1 0 1 0 596 -803 -1
1 0 1 0 0 -1 -1
1 0 1 0 0 -1 -1
1 0 0 0 0 -1 -1
1 0 1 0 428 904 -1
1 0 1 0 0 -1 -1
1 0 1 0 0 -1 -1
1 0 1 0 0 -1 -1
1 0 0 0 0 -1 -1
1 0 1 0 6242 7813 -1
1 0 1 0 0 -1 -1
1 0 0 0 0 -1 -1
1 0 1 0 -514 -858 -1
1 0 0 0 0 -1 -1
1 0 1 0 596 -803 -1
1 0 1 0 0 -1 -1
1 0 1 0 0 -1 -1
1 0 1 0 0 -1 -1
1 0 1 0 0 -1 -1
1 0 1 0 0 -1 -1
1 0 1 0 0 -1 -1
1 0 0 0 0 -1 -1
1 0 1 0 -49 -999 -1
1 0 0 0 0 -1 -1
1 0 1 0 428 -904 -1
1 0 1 0 0 -1 -1
1 0 1 0 0 -1 -1
1 0 1 0 0 -1 -1
1 0 1 0 0 -1 -1
1 0 1 0 0 -1 -1
1 0 0 0 0 -1 -1
1 0 1 0 -158 9999 -1
1 0 0 0 0 -1 -1
1 0 1 0 514 -858 -1
1 0 0 0 0 -1 -1
1 0 1 0 337 -942 -1
1 0 1 0 0 -1 -1
1 0 1 0 0 -1 -1
1 0 1 0 0 -1 -1
1 0 1 0 0 -1 -1
1 0 0 0 0 -1 -1
1 0 0 0 0 -1 -1
1 0 1 0 -428 -904 -1
1 0 1 0 0 -1 -1
1 0 1 0 0 -1 -1
1 0 0 0 0 -1 -1
1 0 1 0 989 147 -1
1 0 1 0 0 -1 -1
1 0 1 0 0 -1 -1
1 0 1 0 0 -1 -1
1 0 1 0 0 -1 -1
1 0 1 0 0 -1 -1
1 0 0 0 0 -1 -1
1 0 1 0 -672 -741 -1
1 0 0 0 0 -1 -1
1 0 1 0 147 989 -1
1 0 0 0 0 -1 -1
1 0 1 0 596 -803 -1
1 0 1 0 0 -1 -1
1 0 1 0 0 -1 -1
1 0 1 0 0 -1 -1
1 0 1 0 0 -1 -1
1 0 1 0 0 -1 -1
1 0 0 0 0 -1 -1
1 0 0 0 0 -1 -1
1 0 1 0 514 -858 -1
1 0 1 0 0 -1 -1
1 0 1 0 0 -1 -1
1 0 1 0 0 -1 -1
1 0 1 0 0 -1 -1
1 0 1 0 0 -1 -1
1 0 1 0 0 -1 -1
1 1 1 0 0 -1 -1
1 0 1 0 0 -1 -1
1 0 1 0 0 -1 -1
1 0 1 0 0 -1 -1
1 0 1 0 0 -1 -1
1 0 0 0 0 -1 -1
1 0 0 0 0 -1 -1
1 0 1 0 -989 -147 -1
1 0 0 0 0 -1 -1
1 0 1 0 -904 428 -1
1 0 1 0 0 -1 -1
1 0 0 0 0 -1 -1
1 0 1 0 699 9976 -1
1 0 0 0 0 -1 -1
1 0 0 0 0 -1 -1
1 0 1 0 49 999 -1
1 0 0 0 0 -1 -1
1 0 1 0 596 803 -1
1 0 1 0 0 -1 -1
1 0 1 0 0 -1 -1
1 0 1 0 0 -1 -1
1 0 1 0 0 -1 -1
1 0 0 0 0 -1 -1
1 0 1 0 243 970 -1
1 0 1 0 0 -1 -1
1 0 1 0 0 -1 -1
1 0 0 0 0 -1 -1
1 0 1 0 514 -858 -1
1 0 1 0 0 -1 -1
1 0 0 0 0 -1 -1
1 1 1 0 -904 -428 -1
1 0 0 0 0 -1 -1
1 0 1 0 428 904 -1
1 0 1 0 0 -1 -1
1 0 1 0 0 -1 -1
1 0 1 0 0 -1 -1
1 0 1 0 0 -1 -1
1 0 0 0 0 -1 -1
1 0 0 0 0 -1 -1
1 0 1 0 3512 9363 -1
1 0 1 0 0 -1 -1
1 0 1 0 0 -1 -1
1 0 0 0 0 -1 -1
1 0 1 0 337 942 -1
1 0 1 0 0 -1 -1
1 0 1 0 0 -1 -1
1 0 0 0 0 -1 -1
1 0 1 0 999 49 -1
1 0 0 0 0 -1 -1
1 0 1 0 989 147 -1
1 0 1 0 0 -1 -1
1 0 1 0 0 -1 -1
1 0 1 0 0 -1 -1
1 0 1 0 0 -1 -1
1 0 1 0 0 -1 -1
1 0 0 0 0 -1 -1
1 0 1 0 970 -243 -1
1 0 1 0 0 -1 -1
1 0 0 0 0 -1 -1
1 0 1 0 -428 -904 -1
1 0 0 0 0 -1 -1
1 0 1 0 -942 337 -1
1 0 1 0 0 -1 -1
1 0 0 0 0 -1 -1
1 0 1 0 -970 -243 -1
1 0 0 0 0 -1 -1
1 0 1 0 741 -672 -1
1 0 1 0 0 -1 -1
1 0 1 0 0 -1 -1
1 0 1 0 0 -1 -1
1 0 0 0 0 -1 -1
1 0 1 0 970 243 -1
1 0 1 0 0 -1 -1
1 0 1 0 0 -1 -1
1 0 0 0 0 -1 -1
1 0 1 0 -1379 9904 -1
1 0 0 0 0 -1 -1
1 0 1 0 -741 -672 -1
1 0 1 0 0 -1 -1
1 0 0 0 0 -1 -1
1 0 1 0 49 -999 -1
1 0 0 0 0 -1 -1
1 0 1 0 596 -803 -1
1 0 1 0 0 -1 -1
1 0 1 0 0 -1 -1
1 0 1 0 0 -1 -1
1 0 1 0 0 -1 -1
1 0 1 0 0 -1 -1
1 0 1 0 0 -1 -1
1 0 1 0 0 -1 -1
1 1 1 0 0 -1 -1
1 0 1 0 0 -1 -1
-1 0 1 0 0 -1 -1
1 0 1 0 0 -1 -1
1 0 1 0 0 -1 -1
1 0 1 0 0 -1 -1
1 0 1 0 0 -1 -1
1 0 1 0 0 -1 -1
1 0 1 0 0 -1 -1
1 0 1 0 0 -1 -1
1 0 0 0 0 -1 -1
1 0 1 0 -7723 -6353 -1
1 0 1 0 0 -1 -1
1 0 0 0 0 -1 -1
1 0 1 0 6487 7610 -1
1 0 1 0 0 -1 -1
1 0 1 0 0 -1 -1
1 0 1 0 0 -1 -1
0 0 1 0 0 -1 -1
1 0 1 0 0 -1 -1
1 0 1 0 0 -1 -1
1 0 1 0 0 -1 -1
1 0 1 0 0 -1 -1
1 0 1 0 0 -1 -1
1 0 1 0 0 -1 -1
1 0 1 0 0 -1 -1
1 0 1 0 0 -1 -1
1 0 1 0 0 -1 -1
1 0 1 0 0 -1 -1
1 0 1 0 0 -1 -1
1 0 1 0 0 -1 -1
1 0 1 0 0 -1 -1
-1 0 1 0 0 -1 -1
1 0 1 0 0 -1 -1
1 0 1 0 0 -1 -1
1 0 1 0 0 -1 -1
1 0 1 0 0 -1 -1
1 0 1 0 0 -1 -1
1 0 1 0 0 -1 -1
0 0 1 0 0 -1 -1
-1 0 1 0 0 -1 -1
0 0 1 0 0 -1 -1
1 0 1 0 0 -1 -1
1 0 1 0 0 -1 -1
1 0 1 0 0 -1 -1
0 0 1 0 0 -1 -1
1 0 0 0 0 -1 -1
1 0 1 0 -8491 5282 -1
1 0 1 0 0 -1 -1
1 0 0 0 0 -1 -1
1 0 1 0 -8791 4766 -1
1 0 1 0 0 -1 -1
1 0 0 0 0 -1 -1
1 0 1 0 -9024 4309 -1
1 0 1 0 0 -1 -1
1 0 0 0 0 -1 -1
1 0 1 0 -9171 3987 -1
1 0 1 0 0 -1 -1
1 0 0 0 0 -1 -1
1 0 0 0 0 -1 -1
1 0 1 0 -9310 3650 -1
0 0 1 0 0 -1 -1
-1 0 1 0 0 -1 -1
-1 0 1 0 0 -1 -1
-1 0 0 0 0 -1 -1
-1 0 1 0 -9477 -3190 -1
-1 0 0 0 0 -1 -1
-1 0 1 0 -9165 -4001 -1
-1 0 0 0 0 -1 -1
-1 0 1 0 -8804 -4742 -1
-1 0 0 0 0 -1 -1
-1 0 1 0 -8405 -5418 -1
-1 0 0 0 0 -1 -1
-1 0 1 0 5116 8592 -1
-1 0 0 0 0 -1 -1
0 0 1 0 -942 -337 -1
-1 0 1 0 0 -1 -1
-1 0 0 0 0 -1 -1
-1 0 1 0 -8090 -5878 -1
-1 0 1 0 0 -1 -1
-1 0 0 0 0 -1 -1
-1 0 1 0 -7160 -6981 -1
-1 0 0 0 0 -1 -1
-1 0 1 0 -672 -741 -1
-1 0 1 0 0 -1 -1
-1 0 0 0 0 -1 -1
-1 0 1 0 -5587 -8294 -1
-1 0 1 0 0 -1 -1
-1 0 0 0 0 -1 -1
-1 0 1 0 -4384 -8988 -1
-1 0 1 0 0 -1 -1
-1 0 0 0 0 -1 -1
-1 0 1 0 -3100 -9507 -1
-1 0 0 0 0 -1 -1
-1 0 1 0 -428 -904 -1
-1 0 1 0 0 -1 -1
-1 1 0 0 0 -1 -1
-1 0 1 0 -942 337 -1
-1 0 0 0 0 -1 -1
-1 0 1 0 -514 858 -1
-1 0 1 0 0 -1 -1
-1 0 0 0 0 -1 -1
-1 0 0 0 0 -1 -1
-1 0 1 0 -596 803 -1
-1 0 1 0 0 -1 -1
-1 0 1 0 0 -1 -1
-1 0 1 0 0 -1 -1
-1 0 1 0 0 -1 -1
-1 0 1 0 0 -1 -1
-1 1 0 0 0 -1 -1
-1 0 0 0 0 -1 -1
-1 0 1 0 -904 428 -1
-1 0 0 0 0 -1 -1
-1 0 1 0 904 428 -1
-1 0 1 0 0 -1 -1
-1 0 0 0 0 -1 -1
-1 0 1 0 -705 9975 -1
-1 0 0 0 0 -1 -1
-1 0 0 0 0 -1 -1
-1 0 1 0 -337 942 -1
-1 1 1 0 0 -1 -1
-1 0 0 0 0 -1 -1
-1 0 0 0 0 -1 -1
-1 0 1 0 -905 9959 -1
-1 0 0 0 0 -1 -1
-1 0 0 0 0 -1 -1
-1 0 1 0 -243 970 -1
-1 0 1 0 0 -1 -1
-1 0 1 0 0 -1 -1
-1 1 0 0 0 -1 -1
-1 0 1 0 -337 942 -1
-1 0 1 0 0 -1 -1
-1 0 1 0 0 -1 -1
-1 0 1 0 0 -1 -1
-1 0 0 0 0 -1 -1
-1 0 1 0 -337 942 -1
-1 0 1 0 0 -1 -1
-1 0 1 0 0 -1 -1
-1 0 0 0 0 -1 -1
-1 0 1 0 -514 858 -1
-1 0 1 0 0 -1 -1
-1 0 1 0 0 -1 -1
-1 0 1 0 0 -1 -1
-1 0 1 0 0 -1 -1
-1 0 0 0 0 -1 -1
-1 0 1 0 672 741 -1
-1 0 0 0 0 -1 -1
-1 0 1 0 -904 -428 -1
-1 0 0 0 0 -1 -1
-1 0 1 0 -999 49 -1
-1 0 1 0 0 -1 -1
-1 0 1 0 0 -1 -1
-1 0 1 0 0 -1 -1
-1 0 1 0 0 -1 -1
-1 0 1 0 0 -1 -1
-1 0 0 0 0 -1 -1
-1 0 1 0 989 147 -1
-1 0 1 0 0 -1 -1
-1 0 0 0 0 -1 -1
-1 0 1 0 243 970 -1
-1 0 1 0 0 -1 -1
-1 0 1 0 0 -1 -1
-1 0 1 0 0 -1 -1
-1 0 0 0 0 -1 -1
-1 0 1 0 -672 -741 -1
-1 0 0 0 0 -1 -1
-1 0 1 0 -243 970 -1
-1 0 0 0 0 -1 -1
-1 0 1 0 -243 -970 -1
-1 0 0 0 0 -1 -1
-1 0 1 0 -1815 -9834 -1
-1 0 0 0 0 -1 -1
-1 0 1 0 -803 -596 -1
-1 0 1 0 0 -1 -1
-1 0 1 0 0 -1 -1
-1 0 1 0 0 -1 -1
-1 0 1 0 0 -1 -1
-1 0 1 0 0 -1 -1
-1 0 1 0 0 -1 -1
-1 0 1 0 0 -1 -1
-1 0 0 0 0 -1 -1
-1 0 1 0 999 49 -1
-1 0 0 0 0 -1 -1
-1 0 1 0 904 428 -1
-1 0 1 0 0 -1 -1
-1 0 0 0 0 -1 -1
-1 0 1 0 -596 -803 -1
-1 0 1 0 0 -1 -1
-1 0 1 0 0 -1 -1
-1 0 1 0 0 -1 -1
-1 0 0 0 0 -1 -1
-1 0 1 0 -2210 -9753 -1
-1 0 0 0 0 -1 -1
-1 0 1 0 -596 -803 -1
-1 0 1 0 0 -1 -1
-1 0 1 0 0 -1 -1
-1 0 0 0 0 -1 -1
-1 0 1 0 -970 -243 -1
-1 0 1 0 0 -1 -1
-1 0 0 0 0 -1 -1
-1 0 1 0 -337 -942 -1
-1 0 1 0 0 -1 -1
-1 0 0 0 0 -1 -1
-1 0 1 0 -428 -904 -1
-1 0 1 0 0 -1 -1
-1 0 1 0 0 -1 -1
-1 0 0 0 0 -1 -1
-1 0 1 0 -337 -942 -1
-1 0 1 0 0 -1 -1
-1 1 1 0 -596 803 -1
-1 0 1 0 0 -1 -1
-1 1 0 0 0 -1 -1
-1 0 1 0 -942 337 -1
-1 0 1 0 0 -1 -1
-1 0 1 0 0 -1 -1
-1 0 0 0 0 -1 -1
-1 0 1 0 -755 9971 -1
-1 0 0 0 0 -1 -1
-1 0 1 0 -601 9982 -1
-1 0 0 0 0 -1 -1
-1 0 1 0 -49 999 -1
-1 0 0 0 0 -1 -1
-1 0 1 0 -298 9996 -1
-1 0 0 0 0 -1 -1
-1 0 1 0 -148 9999 -1
-1 0 0 0 0 -1 -1
-1 0 1 0 1 10000 -1
-1 0 0 0 0 -1 -1
-1 0 0 0 0 -1 -1
-1 0 1 0 243 -970 -1
-1 0 1 0 0 -1 -1
-1 0 0 0 0 -1 -1
-1 0 1 0 363 9993 -1
-1 0 1 0 0 -1 -1
-1 0 0 0 0 -1 -1
-1 0 0 0 0 -1 -1
-1 0 1 0 750 9972 -1
-1 0 0 0 0 -1 -1
-1 0 1 0 947 9955 -1
-1 0 0 0 0 -1 -1
-1 0 0 0 0 -1 -1
-1 0 1 0 337 -942 -1
-1 0 1 0 0 -1 -1
-1 1 1 0 0 -1 -1
-1 1 1 0 0 -1 -1
-1 0 1 0 0 -1 -1
-1 0 1 0 0 -1 -1
-1 0 1 0 0 -1 -1
-1 0 0 0 0 -1 -1
-1 0 1 0 6873 -7263 -1
-1 0 1 0 0 -1 -1
-1 0 0 0 0 -1 -1
-1 0 1 0 7624 -6471 -1
-1 0 0 0 0 -1 -1
-1 0 1 0 7944 -6074 -1
-1 0 1 0 0 -1 -1
-1 0 0 0 0 -1 -1
-1 0 0 0 0 -1 -1
-1 0 1 0 49 -999 -1
-1 0 1 0 0 -1 -1
-1 0 1 0 0 -1 -1
-1 0 0 0 0 -1 -1
-1 0 1 0 -2901 9570 -1
-1 0 0 0 0 -1 -1
-1 0 1 0 -2583 9661 -1
-1 0 0 0 0 -1 -1
-1 0 1 0 -2285 9735 -1
-1 0 0 0 0 -1 -1
-1 0 1 0 -2003 9797 -1
-1 0 0 0 0 -1 -1
-1 0 1 0 -1735 9848 -1
-1 0 0 0 0 -1 -1
-1 0 1 0 -1479 9890 -1
-1 0 0 0 0 -1 -1
-1 0 1 0 -1232 9924 -1
-1 0 0 0 0 -1 -1
-1 0 1 0 -243 970 -1
-1 0 1 0 0 -1 -1
-1 0 0 0 0 -1 -1
-1 0 1 0 -147 989 -1
-1 0 1 0 0 -1 -1
-1 0 0 0 0 -1 -1
-1 0 0 0 0 -1 -1
-1 0 1 0 -338 9994 -1
-1 0 0 0 0 -1 -1
-1 0 0 0 0 -1 -1
-1 0 1 0 -337 942 -1
-1 0 1 0 0 -1 -1
-1 0 1 0 0 -1 -1
-1 0 0 0 0 -1 -1
-1 0 1 0 327 9995 -1
-1 0 0 0 0 -1 -1
-1 0 1 0 618 9981 -1
-1 0 0 0 0 -1 -1
-1 0 1 0 928 9957 -1
-1 0 0 0 0 -1 -1
-1 0 1 0 1223 9925 -1
-1 0 0 0 0 -1 -1
-1 0 1 0 -989 -147 -1
-1 0 0 0 0 -1 -1
-1 0 1 0 243 970 -1
-1 0 1 0 0 -1 -1
-1 0 1 0 0 -1 -1
-1 0 0 0 0 -1 -1
-1 0 1 0 596 -803 -1
-1 0 0 0 0 -1 -1
-1 0 1 0 -672 -741 -1
-1 0 1 0 0 -1 -1
-1 0 0 0 0 -1 -1
-1 0 1 0 -337 942 -1
-1 0 0 0 0 -1 -1
-1 0 1 0 -596 -803 -1
-1 0 1 0 0 -1 -1
-1 0 0 0 0 -1 -1
-1 0 1 0 -672 -741 -1
-1 0 1 0 0 -1 -1
-1 0 1 0 0 -1 -1
-1 0 0 0 0 -1 -1
-1 0 1 0 -596 -803 -1
-1 0 1 0 0 -1 -1
-1 0 1 0 0 -1 -1
-1 0 1 0 0 -1 -1
-1 0 0 0 0 -1 -1
-1 0 1 0 -243 -970 -1
-1 0 1 0 0 -1 -1
-1 0 0 0 0 -1 -1
-1 1 1 0 -337 942 -1
-1 0 1 0 0 -1 -1
-1 0 1 0 0 -1 -1
-1 0 0 0 0 -1 -1
-1 0 1 0 -428 904 -1
-1 0 1 0 0 -1 -1
-1 1 1 0 0 -1 -1
-1 0 1 0 0 -1 -1
-1 0 0 0 0 -1 -1
-1 0 1 0 -514 858 -1
-1 0 1 0 0 -1 -1
-1 0 1 0 0 -1 -1
-1 0 1 0 0 -1 -1
-1 0 1 0 0 -1 -1
-1 0 1 0 0 -1 -1
-1 0 1 0 0 -1 -1
-1 0 0 0 0 -1 -1
-1 0 1 0 -243 970 -1
-1 0 1 0 0 -1 -1
-1 0 1 0 0 -1 -1
-1 0 0 0 0 -1 -1
-1 0 0 0 0 -1 -1
-1 0 1 0 1015 -9948 -1
-1 0 0 0 0 -1 -1
-1 0 0 0 0 -1 -1
-1 0 1 0 942 337 -1
-1 0 1 0 0 -1 -1
-1 0 1 0 0 -1 -1
-1 0 0 0 0 -1 -1
-1 0 1 0 -514 858 -1
-1 0 0 0 0 -1 -1
-1 0 1 0 -596 -803 -1
-1 0 1 0 0 -1 -1
-1 0 0 0 0 -1 -1
-1 0 1 0 425 9991 -1
-1 0 0 0 0 -1 -1
-1 0 1 0 147 989 -1
-1 0 0 0 0 -1 -1
-1 0 0 0 0 -1 -1
-1 0 1 0 982 9952 -1
-1 0 1 0 0 -1 -1
-1 0 0 0 0 -1 -1
-1 0 1 0 -49 999 -1
-1 0 1 0 0 -1 -1
-1 0 1 0 0 -1 -1
-1 0 1 0 0 -1 -1
-1 0 1 0 0 -1 -1
-1 0 0 0 0 -1 -1
-1 0 1 0 -596 -803 -1
-1 0 1 0 0 -1 -1
-1 0 0 0 0 -1 -1
-1 0 1 0 -4072 -9134 -1
-1 0 0 0 0 -1 -1
-1 0 1 0 -3467 -9380 -1
-1 0 0 0 0 -1 -1
-1 0 1 0 -2857 -9583 -1
-1 0 0 0 0 -1 -1
-1 0 1 0 -2240 -9746 -1
-1 0 0 0 0 -1 -1
-1 0 1 0 -1620 -9868 -1
-1 0 0 0 0 -1 -1
-1 0 0 0 0 -1 -1
-1 0 1 0 -337 -942 -1
-1 0 1 0 0 -1 -1
-1 0 1 0 0 -1 -1
-1 0 0 0 0 -1 -1
-1 0 1 0 -337 -942 -1
-1 0 1 0 0 -1 -1
-1 0 1 0 0 -1 -1
-1 0 0 0 0 -1 -1
-1 0 1 0 -999 -49 -1
-1 0 1 0 0 -1 -1
-1 0 0 0 0 -1 -1
-1 0 1 0 49 999 -1
-1 0 0 0 0 -1 -1
-1 0 1 0 942 337 -1
-1 0 0 0 0 -1 -1
-1 0 1 0 696 9976 -1
-1 0 0 0 0 -1 -1
-1 0 1 0 939 9956 -1
-1 0 0 0 0 -1 -1
-1 0 1 0 -337 942 -1
-1 0 0 0 0 -1 -1
-1 0 1 0 514 858 -1
-1 0 0 0 0 -1 -1
-1 0 1 0 -49 999 -1
-1 0 1 0 0 -1 -1
-1 0 1 0 0 -1 -1
-1 0 1 0 0 -1 -1
-1 0 1 0 0 -1 -1
1 0 0 0 0 -1 -1
0 0 1 0 147 989 -1
-1 0 1 0 0 -1 -1
-1 0 1 0 0 -1 -1
-1 0 1 0 0 -1 -1
0 0 1 0 0 -1 -1
1 0 1 0 0 -1 -1
1 0 1 0 0 -1 -1
1 0 1 0 0 -1 -1
1 0 1 0 0 -1 -1
1 0 1 0 0 -1 -1
1 0 1 0 0 -1 -1
1 0 1 0 0 -1 -1
1 0 1 0 0 -1 -1
1 0 1 0 0 -1 -1
1 0 1 0 0 -1 -1
1 0 1 0 0 -1 -1
1 0 1 0 0 -1 -1
1 0 1 0 0 -1 -1
1 0 0 0 0 -1 -1
1 0 1 0 596 -803 -1
1 0 1 0 0 -1 -1
1 0 1 0 0 -1 -1
1 0 0 0 0 -1 -1
1 0 1 0 337 942 -1
1 0 1 0 0 -1 -1
1 0 1 0 0 -1 -1
1 0 1 0 0 -1 -1
1 0 0 0 0 -1 -1
1 0 1 0 243 970 -1
1 0 1 0 0 -1 -1
1 0 1 0 0 -1 -1
1 0 1 0 0 -1 -1
1 0 0 0 0 -1 -1
1 0 1 0 989 -147 -1
1 0 0 0 0 -1 -1
1 0 1 0 -1693 9856 -1
1 0 0 0 0 -1 -1
1 0 1 0 514 -858 -1
1 0 1 0 0 -1 -1
1 0 1 0 0 -1 -1
1 0 1 0 0 -1 -1
1 0 1 0 0 -1 -1
1 1 0 0 0 -1 -1
1 0 1 0 337 942 -1
1 0 1 0 0 -1 -1
1 0 1 0 0 -1 -1
1 1 0 0 0 -1 -1
1 0 1 0 -672 741 -1
1 0 0 0 0 -1 -1
1 0 1 0 428 904 -1
1 0 1 0 0 -1 -1
1 0 1 0 0 -1 -1
1 0 1 0 0 -1 -1
1 0 1 0 0 -1 -1
1 0 0 0 0 -1 -1
1 0 1 0 -514 -858 -1
1 1 1 0 0 -1 -1
1 0 0 0 0 -1 -1
1 0 1 0 -6614 -7500 -1
1 0 0 0 0 -1 -1
1 0 1 0 514 858 -1
1 0 1 0 0 -1 -1
1 0 1 0 0 -1 -1
1 0 1 0 0 -1 -1
1 0 1 0 0 -1 -1
1 0 1 0 0 -1 -1
1 0 1 0 0 -1 -1
1 0 0 0 0 -1 -1
1 0 1 0 49 999 -1
1 0 0 0 0 -1 -1
1 0 1 0 1115 9938 -1
1 0 0 0 0 -1 -1
1 0 1 0 243 970 -1
1 0 1 0 0 -1 -1
1 0 1 0 0 -1 -1
1 0 1 0 0 -1 -1
1 0 0 0 0 -1 -1
1 0 1 0 147 989 -1
1 0 0 0 0 -1 -1
1 0 1 0 243 970 -1
1 1 1 0 0 -1 -1
1 0 0 0 0 -1 -1
1 0 1 0 337 942 -1
1 0 1 0 0 -1 -1
1 0 1 0 0 -1 -1
1 0 0 0 0 -1 -1
1 0 1 0 337 942 -1
1 0 1 0 0 -1 -1
1 0 1 0 0 -1 -1
1 0 1 0 0 -1 -1
1 0 1 0 0 -1 -1
1 0 0 0 0 -1 -1
1 0 1 0 243 970 -1
1 0 1 0 0 -1 -1
1 0 1 0 0 -1 -1
1 0 1 0 0 -1 -1
1 0 0 0 0 -1 -1
1 0 0 0 0 -1 -1
1 0 1 0 596 803 -1
1 0 0 0 0 -1 -1
1 0 1 0 741 672 -1
1 0 1 0 0 -1 -1
1 0 1 0 0 -1 -1
1 0 0 0 0 -1 -1
1 0 1 0 741 672 -1
1 0 1 0 0 -1 -1
1 0 1 0 0 -1 -1
1 0 0 0 0 -1 -1
1 0 1 0 -1189 9929 -1
1 0 0 0 0 -1 -1
1 0 1 0 -337 -942 -1
1 0 0 0 0 -1 -1
1 0 1 0 904 -428 -1
1 0 1 0 0 -1 -1
1 0 0 0 0 -1 -1
1 0 1 0 -1938 9810 -1
1 0 0 0 0 -1 -1
1 0 1 0 989 -147 -1
1 0 0 0 0 -1 -1
1 0 1 0 741 -672 -1
1 0 1 0 0 -1 -1
1 0 1 0 0 -1 -1
1 0 1 0 0 -1 -1
1 0 0 0 0 -1 -1
1 0 0 0 0 -1 -1
1 0 1 0 741 -672 -1
1 0 1 0 0 -1 -1
1 0 1 0 0 -1 -1
1 0 1 0 0 -1 -1
1 0 1 0 0 -1 -1
1 0 1 0 0 -1 -1
1 0 1 0 0 -1 -1
1 0 1 0 0 -1 -1
1 0 1 0 0 -1 -1
1 1 0 0 0 -1 -1
1 0 1 0 904 428 -1
1 0 0 0 0 -1 -1
1 0 1 0 1186 9929 -1
1 0 0 0 0 -1 -1
1 0 1 0 72 997 -1
1 0 0 0 0 -1 -1
1 0 0 0 0 -1 -1
1 0 1 0 -999 -49 -1
1 0 0 0 0 -1 -1
1 0 1 0 276 961 -1
1 0 1 0 0 -1 -1
1 0 1 0 0 -1 -1
1 0 1 0 0 -1 -1
1 0 0 0 0 -1 -1
1 0 1 0 298 -955 -1
1 0 0 0 0 -1 -1
1 1 1 0 -243 -970 -1
1 0 0 0 0 -1 -1
1 0 1 0 858 514 -1
1 1 0 0 0 -1 -1
1 0 1 0 -999 49 -1
1 0 0 0 0 -1 -1
1 0 1 0 -428 -904 -1
1 0 0 0 0 -1 -1
1 0 0 0 0 -1 -1
1 0 1 0 -489 -873 -1
1 0 0 0 0 -1 -1
1 0 1 0 -542 -840 -1
1 0 0 0 0 -1 -1
1 0 1 0 -6098 -7925 -1
1 0 0 0 0 -1 -1
1 0 1 0 -147 -989 -1
1 0 1 0 0 -1 -1
1 0 1 0 0 -1 -1
1 0 0 0 0 -1 -1
1 0 1 0 -858 514 -1
1 0 0 0 0 -1 -1
1 0 1 0 672 741 -1
1 0 0 0 0 -1 -1
1 0 1 0 741 672 -1
1 0 1 0 0 -1 -1
1 0 1 0 0 -1 -1
0 0 1 0 0 -1 -1
1 0 1 0 0 -1 -1
1 0 0 0 0 -1 -1
1 0 0 0 0 -1 -1
1 0 1 0 -43 999 -1
1 0 0 0 0 -1 -1
1 0 1 0 -329 944 -1
1 0 1 0 0 -1 -1
1 0 0 0 0 -1 -1
-1 0 1 0 -120 993 -1
0 0 1 0 0 -1 -1
1 0 1 0 0 -1 -1
1 0 1 0 0 -1 -1
1 0 0 0 0 -1 -1
1 0 1 0 -243 970 -1
1 0 1 0 0 -1 -1
1 0 1 0 0 -1 -1
1 0 1 0 0 -1 -1
1 0 1 0 0 -1 -1
1 0 1 0 0 -1 -1
1 0 1 0 0 -1 -1
1 0 1 0 0 -1 -1
1 0 0 0 0 -1 -1
1 0 1 0 9165 -4001 -1
1 0 0 0 0 -1 -1
1 0 1 0 8700 -4931 -1
1 0 0 0 0 -1 -1
1 0 1 0 8176 -5758 -1
1 0 0 0 0 -1 -1
1 0 1 0 7606 -6492 -1
1 0 0 0 0 -1 -1
1 0 1 0 7001 -7141 -1
1 0 0 0 0 -1 -1
1 0 1 0 6367 -7711 -1
1 0 0 0 0 -1 -1
1 0 1 0 5709 -8210 -1
1 0 0 0 0 -1 -1
1 0 1 0 514 -858 -1
1 0 0 0 0 -1 -1
1 0 1 0 428 -904 -1
1 0 0 0 0 -1 -1
1 0 1 0 351 -937 -1
1 0 1 0 0 -1 -1
1 0 0 0 0 -1 -1
1 0 1 0 514 -858 -1
1 0 1 0 0 -1 -1
1 0 1 0 0 -1 -1
1 0 1 0 0 -1 -1
1 0 0 0 0 -1 -1
1 0 1 0 -73 997 -1
1 0 0 0 0 -1 -1
1 0 0 0 0 -1 -1
1 0 1 0 -999 49 -1
1 0 0 0 0 -1 -1
1 0 1 0 -1195 9928 -1
1 0 0 0 0 -1 -1
1 0 1 0 243 970 -1
1 0 0 0 0 -1 -1
1 0 1 0 -858 -514 -1
1 0 0 0 -858 -514 -1
1 0 1 0 9808 -1951 -1
1 0 0 0 0 -1 -1
1 0 1 0 -1951 -9808 -1
1 0 0 0 -1951 -9808 -1
1 0 1 0 -312 -9995 -1
1 0 1 0 0 -1 -1
1 0 1 0 0 -1 -1
1 0 0 0 0 -1 -1
1 0 1 0 3827 9239 -1
0 0 1 0 3827 9239 -1
1 0 0 0 0 -1 -1
1 0 1 0 9239 3827 -1
1 0 1 0 9239 3827 -1
1 0 0 0 0 -1 3
1 0 1 0 -7730 6344 3
1 0 0 0 -7730 6344 3
1 0 0 0 -7730 6344 3
1 0 0 0 -7730 6344 3
1 0 0 0 897 -443 3
1 0 0 0 897 -443 3
1 0 0 0 897 -443 3
1 0 0 0 897 -443 3
1 0 1 0 -7730 6344 3
1 0 0 0 -7730 6344 3
1 0 0 0 -7730 6344 3
1 0 1 0 -8572 -5150 3
1 0 1 0 -8572 -5150 3
1 0 1 0 -8572 -5150 3
1 0 1 0 -8572 -5150 3
0 0 1 0 -860 -510 3
0 0 1 0 -860 -510 3
-1 0 1 0 -860 -510 3
-1 0 1 0 -860 -510 3
-1 0 1 0 -860 -510 3
-1 1 1 0 -860 -510 3
-1 0 0 0 -860 -511 3
-1 0 0 0 -791 -612 3
-1 0 1 0 -684 -729 3
0 0 1 0 -684 -729 3
0 0 1 0 -684 -729 3
0 0 0 0 -781 -624 3
0 0 1 0 477 -879 3
0 0 1 0 477 -879 3
0 0 1 0 477 -879 3
0 0 0 0 414 -910 3
-1 0 1 0 841 -541 3
-1 0 1 0 841 -541 3
-1 0 0 0 834 -552 3
-1 0 0 1 -199 -980 3
-1 0 1 0 897 -442 3
-1 1 0 0 1000 0 3
-1 1 1 0 469 -883 3
-1 0 1 0 469 -883 3
-1 0 1 0 469 -883 3
-1 0 1 0 410 -912 3
-1 1 0 0 406 -914 3
0 0 0 0 406 -914 3
0 0 0 0 1000 0 3
-1 1 1 0 750 -662 3
-1 0 1 0 750 -662 3
-1 1 1 0 750 -662 3
-1 0 0 0 746 -665 3
-1 0 0 0 -846 -533 3
-1 1 0 0 1000 0 3
-1 1 1 0 997 -73 3
1 0 0 0 1000 0 3
1 0 1 0 -364 -931 3
0 0 0 0 1000 0 3
0 0 0 0 1000 0 3
1 1 0 0 1000 0 3
1 0 1 0 995 -97 3
1 1 1 0 995 -97 3
1 0 1 0 995 -97 3
1 0 0 1 -972 -234 3
1 1 0 0 923 -386 3
1 0 0 0 -320 -947 3
1 0 1 0 1999 9798 3
1 0 1 0 1999 9798 3
1 0 1 0 195 981 3
1 0 0 0 195 981 3
1 0 1 0 262 9997 3
1 0 0 0 0 1000 3
1 0 0 0 0 1000 3
1 0 0 0 0 1000 3
1 0 1 0 -698 9976 3
1 0 0 0 -98 995 3
1 0 0 0 -98 995 3
1 0 0 0 -98 995 3
1 0 1 0 7438 -6684 3
1 0 1 0 773 -634 3
1 0 1 0 773 -634 3
1 0 1 0 773 -634 3
1 0 1 0 773 -634 3
1 0 0 0 773 -634 3
1 0 1 0 2903 -9569 3
1 0 1 0 2903 -9569 3
1 0 1 0 773 -634 3
1 0 1 0 773 -634 3
1 0 0 1 -8819 4714 3
1 0 0 1 -8819 4714 3
1 0 1 0 -2903 -9569 3
1 0 0 1 -9190 3942 3
1 0 1 0 4722 -8815 3
1 0 1 0 383 -924 3
1 0 0 0 383 -924 3
1 0 1 0 1650 -9863 3
1 0 1 0 383 -924 3
1 0 1 0 383 -924 3
1 0 0 0 383 -924 3
1 0 0 0 383 -924 3
1 0 0 0 383 -924 3
1 0 1 0 5237 8519 3
1 0 1 0 -831 556 3
1 0 0 0 -831 556 3
1 0 1 0 195 981 3
1 0 0 0 195 981 3
1 0 0 0 195 981 3
1 0 1 0 195 -981 3
1 0 0 0 195 -981 3
1 0 1 0 -4714 -8819 3
1 0 1 0 882 471 3
1 0 0 0 882 471 3
1 0 0 0 882 471 3
1 0 1 0 2903 -9569 3
1 0 1 1 -383 924 3
1 0 0 0 -383 924 3
1 0 1 0 -98 -995 3
1 0 1 0 -98 -995 3
1 1 1 0 -98 -995 3
1 1 1 0 -98 -995 3
1 1 1 0 -98 -995 3
1 0 0 0 -98 -995 3
1 0 0 0 -98 -995 3
1 0 1 0 -2756 -9613 3
1 0 1 0 -383 -924 3
1 0 1 0 -383 -924 3
1 0 0 0 -383 -924 3
1 0 1 0 -5592 -8290 3
1 0 1 0 -5592 -8290 3
1 0 0 0 -537 -843 3
1 0 1 0 -6361 -7716 3
1 0 1 0 -6626 -7490 3
1 0 0 0 -602 -799 3
1 0 0 0 -602 -799 3
1 0 1 0 -9569 2903 3
1 0 0 0 -9569 2903 3
1 0 1 0 1822 9833 3
1 0 0 0 556 -831 3
1 0 1 0 -436 9990 3
1 0 1 1 -7071 -7071 3
1 0 0 1 -7071 -7071 3
1 0 1 0 -2903 9569 3
1 0 1 0 773 -634 3
1 0 0 0 773 -634 3
1 0 0 0 773 -634 3
1 0 1 0 2840 -9588 3
1 0 0 0 -773 634 3
1 0 0 0 -995 -98 3
1 0 1 0 2504 -9681 3
1 0 0 0 98 -995 3
1 0 1 0 1564 -9877 3
1 0 0 0 98 -995 3
1 0 1 0 -7730 -6344 3
1 0 0 0 98 -995 3
1 0 1 0 4695 -8829 3
1 0 1 0 634 -773 3
1 0 1 0 634 -773 3
1 0 0 0 634 -773 3
1 0 1 0 3090 -9511 3
1 0 1 0 4720 -8816 3
1 0 1 0 4720 -8816 3
1 0 1 0 4714 -8819 3
1 0 0 0 4714 -8819 3
1 0 1 0 87 -10000 3
1 0 0 0 831 -556 3
1 0 1 1 9213 -3889 3
1 0 1 0 9213 -3889 3
1 0 0 0 831 -556 3
1 0 0 0 831 -556 3
1 0 0 0 831 -556 3
1 0 1 0 2903 -9569 3
1 0 0 0 785 -9969 3
1 0 1 0 1045 -9945 3
1 0 0 0 785 -9969 3
1 0 1 0 980 -9952 3
1 0 0 0 -980 9952 3
1 0 1 0 980 9952 3
1 0 0 0 0 -10000 3
1 0 1 0 980 9952 3
1 0 0 0 0 -10000 3
1 0 1 0 980 9952 3
1 0 1 0 0 10000 3
1 0 0 0 0 10000 3
1 0 0 0 0 10000 3
1 0 1 0 -2903 9569 3
0 0 1 0 -2903 9569 3
0 0 0 0 -2903 9569 3
0 0 1 0 -4714 8819 3
-1 0 1 0 -985 9951 3
0 0 1 0 -985 9951 3
0 0 1 0 -985 9951 3
-1 0 1 0 -985 9951 3
-1 0 1 0 -985 9951 3
0 0 0 0 -985 9951 3
-1 0 1 0 -7986 6018 3
-1 0 1 0 -924 383 3
-1 0 1 0 -924 383 3
-1 0 1 0 -924 383 3
-1 0 1 0 -924 383 3
-1 0 1 0 -924 383 3
-1 0 1 0 -924 383 3
-1 0 1 1 5291 8486 3
-1 0 1 0 -924 383 3
-1 0 1 0 -924 383 3
-1 0 1 0 8535 5212 3
-1 0 1 0 8535 5212 3
-1 0 0 0 8535 5212 3
-1 0 0 0 -4472 -8944 3
-1 0 1 0 -3987 -9171 3
-1 0 1 0 -3827 -9239 3
-1 0 0 0 -3827 -9239 3
-1 0 1 0 -5150 -8572 3
-1 0 1 0 -4714 -8819 3
-1 0 1 0 -4714 -8819 3
-1 0 1 0 -831 -556 3
-1 0 1 0 -831 -556 3
-1 0 1 0 -831 -556 3
-1 0 0 0 -995 -98 3
-1 1 0 0 -995 -98 3
-1 0 1 0 -980 9952 3
-1 0 0 0 634 773 3
-1 0 1 0 -785 9969 3
-1 0 0 0 -785 9969 3
-1 0 0 0 -785 9969 3
-1 0 1 0 -685 9977 3
-1 0 0 1 -4179 -9085 3
-1 0 0 0 -4179 -9085 3
-1 0 0 1 9679 -2512 3
-1 0 1 0 175 9998 3
-1 0 0 0 0 10000 3
-1 0 0 0 0 10000 3
-1 0 0 0 0 10000 3
-1 0 1 0 -2903 -9569 3
-1 0 1 0 -2903 -9569 3
-1 0 1 0 -9952 -980 3
-1 0 0 0 -924 383 3
-1 0 0 0 -924 383 3
-1 0 0 0 -924 383 3
-1 0 1 0 6344 7730 3
-1 0 0 0 556 -831 3
-1 0 1 0 -1227 -9924 3
-1 0 0 0 -6344 -7730 3
-1 0 0 0 -6344 -7730 3
-1 0 1 0 -436 -9990 3
-1 0 0 0 -957 -290 3
-1 0 1 0 0 -10000 3
-1 0 0 0 -957 -290 3
-1 0 1 0 523 -9986 3
-1 0 0 0 -17 -1000 3
-1 0 0 0 -17 -1000 3
-1 0 0 0 -290 957 3
-1 0 1 0 2903 -9569 3
-1 0 0 0 -290 957 3
-1 0 1 0 1994 -9799 3
-1 0 0 1 5143 -8576 3
-1 0 0 1 5143 -8576 3
-1 0 1 0 349 -9994 3
-1 0 0 1 -9918 -1278 3
-1 0 1 0 872 -9962 3
-1 0 0 0 924 -383 3
-1 0 0 0 924 -383 3
-1 0 1 0 -6297 7769 3
-1 0 1 0 1219 -9925 3
-1 0 0 0 924 -383 3
-1 0 1 0 9569 -2903 3
-1 0 0 0 290 -957 3
-1 0 0 0 290 -957 3
-1 0 1 0 980 -9952 3
-1 0 0 0 -981 195 3
-1 0 0 0 0 1000 3
-1 1 1 0 -698 9976 3
-1 1 1 0 -698 9976 3
-1 0 0 0 981 -195 3
-1 0 1 0 2079 9781 3
-1 0 0 0 981 -195 3
-1 0 1 0 -995 9950 3
-1 0 1 0 -980 9952 3
-1 0 0 1 1973 -9803 3
-1 0 1 0 -980 9952 3
-1 0 1 1 -1201 -9928 3
-1 0 0 0 -9952 980 3
-1 0 0 0 -9952 980 3
-1 0 1 0 9569 -2903 3
-1 0 0 0 -9952 980 3
-1 0 1 0 -7730 6344 3
-1 0 0 0 -1045 -9945 3
-1 0 1 0 -2903 9569 3
-1 0 0 0 -2903 9569 3
-1 0 0 0 0 -1000 3
-1 0 1 0 -980 -9952 3
-1 0 1 0 -290 -957 3
-1 0 0 0 -290 -957 3
-1 0 1 0 -610 -9981 3
-1 0 0 0 -290 -957 3
-1 0 1 0 8819 -4714 3
-1 0 1 0 8819 -4714 3
-1 0 0 0 -1219 -9925 3
-1 0 1 0 -1219 -9925 3
-1 0 0 0 -1219 -9925 3
-1 0 1 0 -872 -9962 3
-1 0 0 0 -471 -882 3
-1 0 1 0 -980 -9952 3
-1 0 0 0 980 -9952 3
-1 0 0 0 980 -9952 3
-1 0 1 0 7934 -6088 3
-1 0 1 0 8819 4714 3
-1 0 0 0 -981 -195 3
-1 0 1 0 -980 9952 3
-1 0 1 1 -6341 -7732 3
-1 0 1 0 -980 9952 3
0 0 0 0 -980 9952 3
0 0 0 0 -980 9952 3
1 0 1 0 -980 9952 3
0 0 1 0 6344 7730 3
0 0 0 0 6344 7730 3
0 0 1 0 2840 9588 3
-1 0 1 0 2609 9654 3
1 0 1 0 2609 9654 3
1 0 1 0 276 961 3
1 0 1 0 276 961 3
-1 0 0 0 276 961 3
0 0 1 0 6018 7986 3
-1 0 0 0 6018 7986 3
-1 0 0 0 0 1000 3
-1 0 1 0 -8290 -5592 3
-1 0 1 0 -7547 -6561 3
-1 0 1 0 -7547 -6561 3
-1 0 0 0 -707 -707 3
-1 0 1 0 -707 -707 3
-1 0 1 0 -707 -707 3
-1 0 1 0 -707 -707 3
-1 0 0 0 -707 -707 3
-1 0 1 0 -7730 -6344 3
-1 0 1 0 -831 -556 3
-1 0 1 0 -831 -556 3
-1 0 1 0 -831 -556 3
-1 0 1 1 -9738 2272 3
-1 0 0 0 -831 -556 3
-1 0 1 0 -831 -556 3
-1 0 0 0 -831 -556 3
-1 0 0 0 -831 -556 3
-1 0 1 0 2296 -9733 3
-1 0 1 0 2296 -9733 3
-1 1 1 0 2296 -9733 3
-1 0 1 0 2296 -9733 3
-1 0 1 0 924 383 3
-1 0 0 0 924 383 3
-1 0 0 0 924 383 3
-1 0 1 0 2903 -9569 3
-1 0 1 0 6344 -7730 3
-1 0 0 0 530 -848 3
-1 0 1 0 6157 -7880 3
-1 0 0 0 570 -822 3
-1 0 0 0 570 -822 3
-1 0 0 0 649 -760 3
-1 0 1 0 6344 -7730 3
-1 0 0 0 646 -763 3
-1 0 1 0 3420 -9397 3
-1 0 1 0 3529 -9357 3
-1 0 1 0 3529 -9357 3
-1 0 0 0 3529 -9357 3
-1 0 1 0 6884 -7254 3
-1 0 0 0 383 -924 3
-1 0 1 0 7254 -6884 3
-1 0 0 1 -3549 -9349 3
-1 0 0 0 7730 -6344 3
-1 0 1 0 -4714 8819 3
-1 0 0 0 -4714 8819 3
-1 0 1 0 9569 2903 3
-1 0 1 1 1000 0 3
-1 0 0 0 1000 0 3
-1 0 1 0 1000 0 3
-1 0 1 0 1000 0 3
-1 0 1 0 1000 0 3
-1 0 1 0 -6344 -7730 3
-1 0 1 0 -6344 -7730 3
-1 0 0 0 -6344 -7730 3
-1 0 0 0 -6344 -7730 3
-1 0 1 0 -2903 9569 3
-1 0 1 0 0 1000 3
-1 0 1 0 0 1000 3
-1 0 0 0 0 1000 3
-1 0 1 0 -383 924 3
-1 1 1 0 -383 924 3
-1 0 1 0 -383 924 3
-1 0 1 0 -383 924 3
-1 0 0 0 -383 924 3
-1 0 1 0 980 -9952 3
-1 0 0 0 980 -9952 3
-1 0 1 0 -436 9990 3
-1 0 0 0 98 995 3
-1 0 0 0 98 995 3
-1 0 1 0 -262 9997 3
-1 0 0 1 -9262 -3770 3
-1 0 1 0 2672 9636 3
-1 0 1 0 471 -882 3
-1 0 0 0 471 -882 3
-1 0 0 0 471 -882 3
-1 0 1 0 -5457 -8380 3
-1 0 1 0 -98 -995 3
-1 0 0 0 -98 -995 3
-1 0 1 0 980 9952 3
-1 0 0 0 -290 -957 3
-1 0 1 0 -3584 -9336 3
-1 0 0 0 -383 -924 3
-1 0 1 0 -383 -924 3
-1 0 1 0 -995 98 3
-1 0 1 0 -995 98 3
-1 0 0 0 -995 98 3
-1 0 1 0 -634 773 3
-1 0 0 0 -634 773 3
-1 0 1 0 9569 -2903 3
-1 0 0 0 -634 773 3
-1 0 1 0 -7730 6344 3
-1 0 0 0 -471 882 3
-1 0 1 0 -1564 -9877 3
-1 0 0 0 -882 -471 3
-1 0 1 0 -523 -9986 3
-1 0 0 1 9239 3827 3
-1 0 0 1 9852 1715 3
-1 0 1 0 -980 -9952 3
-1 0 0 0 174 -985 3
-1 0 1 0 -1650 -9863 3
-1 1 1 0 -1650 -9863 3
-1 0 1 0 208 -978 3
-1 0 0 0 208 -978 3
-1 0 1 0 -610 9981 3
-1 0 0 0 -957 290 3
-1 0 1 0 -349 9994 3
-1 0 0 0 924 383 3
-1 0 1 0 -436 9990 3
-1 0 0 0 924 383 3
-1 0 0 0 924 383 3
-1 0 1 0 -262 9997 3
-1 0 0 0 290 -957 3
-1 0 0 0 290 -957 3
-1 0 0 0 -995 98 3
1 0 1 0 -980 -9952 3
-1 0 1 0 -290 -957 3
-1 0 0 0 -290 -957 3
-1 0 0 0 -290 -957 3
-1 0 1 0 -8819 4714 3
-1 0 1 0 995 -98 3
-1 0 1 0 995 -98 3
-1 0 0 1 -950 -311 3
-1 0 0 1 -950 -311 3
-1 1 1 0 -882 471 3
-1 0 0 0 -882 471 3
1 0 1 0 -4714 8819 3
1 0 1 0 -4714 8819 3
-1 0 1 0 -882 471 3
-1 0 0 0 -882 471 3
-1 0 1 0 981 195 3
-1 0 0 0 981 195 3
-1 0 1 0 831 -556 3
-1 0 0 0 831 -556 3
-1 0 1 0 -958 -9954 3
-1 0 0 0 831 -556 3
-1 0 0 0 -98 -995 3
-1 0 1 0 -9952 -980 3
-1 0 1 0 -957 290 3
-1 0 1 0 -957 290 3
-1 0 1 0 -957 290 3
-1 0 1 0 -98 -995 3
-1 0 0 0 -98 -995 3
-1 0 1 0 -195 981 3
-1 0 1 0 -195 981 3
-1 0 0 0 -195 981 3
-1 0 1 0 980 9952 3
-1 0 0 0 78 997 3
-1 0 0 0 78 997 3
0 0 1 1 -774 633 3
-1 0 0 0 -774 633 3
0 0 1 0 -2903 9569 3
0 0 1 0 -98 995 3
0 0 1 0 -98 995 3
0 0 1 0 -98 995 3
-1 0 1 0 -98 995 3
0 0 1 0 -98 995 3
-1 0 1 0 -98 995 3
-1 0 0 0 -98 995 3
-1 0 1 0 290 957 3
0 0 1 0 290 957 3
-1 0 1 0 290 957 3
0 0 1 0 290 957 3
1 0 1 0 290 957 3
1 0 1 0 290 957 3
-1 0 1 0 290 957 3
-1 0 1 0 290 957 3
1 0 1 0 290 957 3
1 0 1 0 290 957 3
0 0 1 0 -831 556 3
1 0 0 0 -831 556 3
-1 0 1 0 8819 4714 3
-1 0 1 0 882 471 3
-1 0 1 0 882 471 3
1 0 1 0 882 471 3
1 0 1 0 882 471 3
1 0 1 0 882 471 3
1 0 1 0 882 471 3
1 0 1 0 882 471 3
0 0 1 0 882 471 3
0 0 1 1 342 940 3
1 0 0 0 882 471 3
1 0 1 0 707 -707 3
1 1 0 0 707 -707 3
1 0 1 0 -471 -882 3
1 0 1 0 -471 -882 3
1 0 1 0 -471 -882 3
1 0 1 0 -471 -882 3
1 0 1 0 -471 -882 3
1 0 1 0 -471 -882 3
1 0 1 0 -471 -882 3
1 0 1 0 -471 -882 3
1 0 1 0 -471 -882 3
1 0 1 0 -471 -882 3
1 0 1 0 -471 -882 3
1 0 0 0 -471 -882 3
1 0 1 0 556 831 3
1 0 1 0 556 831 3
1 0 1 0 556 831 3
1 0 1 0 556 831 3
1 0 1 0 556 831 3
1 0 1 0 556 831 3
1 0 1 0 556 831 3
1 0 1 0 556 831 3
1 0 1 0 556 831 3
1 0 1 0 556 831 3
1 0 1 0 556 831 3
1 0 0 0 556 831 3
1 0 0 0 556 831 3
1 0 0 1 790 -613 3
1 0 1 0 882 471 3
1 0 1 0 882 471 3
1 0 1 0 882 471 3
1 0 0 0 882 471 3
1 0 1 0 -924 -383 3
1 0 1 0 -924 -383 3
1 0 1 0 -924 -383 3
1 0 1 0 -924 -383 3
1 0 1 0 -924 -383 3
1 0 0 0 -924 -383 3
1 0 1 0 3746 9272 3
1 0 1 0 383 924 3
1 0 1 0 383 924 3
1 0 1 0 383 924 3
1 0 1 0 383 924 3
1 0 0 0 383 924 3
1 0 1 0 98 995 3
1 0 1 0 98 995 3
1 0 1 0 98 995 3
1 0 0 0 98 995 3
1 0 1 0 -981 -195 3
1 0 0 0 -981 -195 3
1 0 1 0 267 -964 3
1 0 0 0 267 -964 3
1 0 1 0 204 -979 3
1 0 0 1 994 110 3
1 0 1 0 471 882 3
1 0 1 0 471 882 3
1 0 0 0 471 882 3
1 0 1 0 556 -831 3
1 0 1 0 556 -831 3
1 0 0 0 556 -831 3
1 0 1 0 -161 987 3
1 0 1 0 -161 987 3
0 0 0 0 -161 987 3
1 0 0 0 -161 987 3
1 0 1 0 773 -634 3
1 0 1 0 773 -634 3
1 0 1 0 773 -634 3
1 0 1 0 773 -634 3
1 0 1 0 773 -634 3
1 0 1 0 773 -634 3
1 0 1 0 773 -634 3
1 0 1 0 773 -634 3
1 0 1 0 773 -634 3
1 0 1 0 773 -634 3
1 0 1 0 773 -634 3
1 0 1 0 773 -634 3
1 0 1 0 773 -634 3
1 0 1 0 773 -634 3
1 0 0 1 991 -134 3
1 0 1 0 -924 383 3
1 0 0 0 -924 383 3
1 0 1 0 4 1000 3
1 0 1 0 4 1000 3
1 0 1 0 4 1000 3
1 0 1 0 4 1000 3
1 0 1 0 4 1000 3
-1 0 1 0 4 1000 3
1 0 0 0 4 1000 3
1 0 1 0 0 1000 3
1 0 1 0 0 1000 3
1 0 1 0 0 1000 3
1 0 1 0 0 1000 3
0 0 1 0 0 1000 3
0 0 1 0 0 1000 3
1 0 1 0 0 1000 3
1 0 0 0 0 1000 3
1 0 1 0 -290 957 3
1 0 1 0 -290 957 3
1 0 1 0 -290 957 3
1 0 1 0 -290 957 3
1 0 0 0 -290 957 3
1 0 1 0 471 -882 3
1 0 0 0 471 -882 3
1 0 1 0 383 -924 3
1 0 0 0 383 -924 3
1 0 1 0 -195 981 3
1 0 1 0 -195 981 3
1 0 1 0 -195 981 3
1 0 0 0 -195 981 3
1 0 1 0 882 -471 3
1 0 1 0 882 -471 3
1 0 0 0 882 -471 3
1 0 1 0 634 -773 3
1 0 0 0 541 841 3
1 0 1 0 773 -634 3
0 0 1 1 9853 -1711 3
0 0 0 0 773 -634 3
1 0 1 0 9245 -3811 -1
1 0 1 0 9245 -3811 -1
0 0 1 0 9245 -3811 -1
1 0 1 0 831 -556 -1
1 0 1 0 831 -556 -1
1 0 1 0 831 -556 -1
1 0 1 0 831 -556 -1
1 0 1 0 831 -556 -1
1 0 1 0 831 -556 -1
1 0 1 0 831 -556 -1
1 0 1 0 831 -556 -1
1 0 1 0 831 -556 -1
1 1 1 0 831 -556 -1
1 0 1 0 831 -556 -1
-1 1 1 0 831 -556 -1
1 0 1 0 831 -556 -1
1 0 1 0 831 -556 -1
1 0 1 0 831 -556 -1
-1 0 1 0 831 -556 -1
-1 0 1 0 831 -556 -1
1 0 1 0 831 -556 -1
1 0 1 0 831 -556 -1
1 0 1 0 831 -556 -1
1 0 0 1 3827 9239 -1
1 0 0 0 3827 9239 -1
0 0 0 0 0 1000 -1
1 0 1 0 1045 9945 -1
1 0 0 0 1045 9945 -1
1 0 1 0 9239 -3827 -1
1 0 0 0 9239 -3827 -1
-1 0 1 0 9882 1530 -1
0 0 1 0 9882 1530 -1
1 0 1 0 98 995 -1
1 0 1 0 98 995 -1
1 0 0 0 98 995 -1
0 0 1 0 7420 6704 -1
1 0 1 0 98 995 -1
1 0 1 0 98 995 -1
1 0 0 0 98 995 -1
1 0 1 0 4818 8763 -1
1 0 1 0 4818 8763 -1
1 0 0 0 829 559 -1
1 0 0 0 829 559 -1
1 0 1 0 4163 9092 -1
1 0 0 0 4163 9092 -1
1 0 1 0 2284 9736 -1
1 0 1 0 471 882 -1
1 1 1 0 471 882 -1
1 0 1 0 471 882 -1
1 0 0 0 98 995 -1
1 0 1 0 1253 9921 -1
1 0 1 0 1253 9921 -1
1 0 1 1 -3993 -9168 -1
1 0 0 0 -471 882 -1
1 0 1 0 471 882 -1
1 0 0 0 471 882 -1
1 0 1 0 -314 9995 -1
1 0 1 0 -314 9995 -1
1 0 0 0 -314 9995 -1
1 0 1 0 -837 9965 -1
1 0 0 0 -195 -981 -1
1 0 0 0 633 -774 -1
1 0 1 0 -1951 9808 -1
1 0 0 0 633 -774 -1
1 0 0 0 633 -774 -1
1 0 0 0 633 -774 -1
1 0 1 0 -314 9995 -1
1 0 0 0 -314 9995 -1
1 0 1 0 9239 3827 -1
1 0 1 0 957 -290 -1
1 0 0 0 957 -290 -1
1 0 1 0 -2284 9736 -1
1 0 1 0 1000 0 -1
1 0 1 0 1000 0 -1
1 0 1 0 1000 0 -1
1 0 0 0 1000 0 -1
1 0 1 0 0 -10000 -1
1 0 0 0 0 -10000 -1
1 0 0 1 980 -9952 -1
0 0 1 0 9239 -3827 -1
1 0 1 0 1000 0 -1
1 0 1 0 1000 0 -1
1 0 1 0 707 -707 -1
1 0 1 0 707 -707 -1
1 0 0 0 707 -707 -1
1 0 1 0 8315 -5556 -1
1 0 1 0 707 -707 -1
1 0 1 0 707 -707 -1
1 0 1 0 707 -707 -1
1 0 1 0 707 -707 -1
1 0 0 0 707 -707 -1
1 0 1 0 707 -707 -1
1 0 1 0 707 -707 -1
1 0 1 0 383 -924 -1
1 0 1 0 383 -924 -1
1 0 0 0 383 -924 -1
1 0 1 0 4540 -8910 -1
1 0 0 0 4540 -8910 -1
1 0 1 0 2807 -9598 -1
1 0 0 0 454 -891 -1
1 0 1 0 3289 -9444 -1
1 0 0 0 399 -917 -1
1 0 1 0 2790 -9603 -1
1 0 0 0 2790 -9603 -1
1 0 1 0 1874 -9823 -1
1 0 0 0 1874 -9823 -1
1 1 1 0 349 -9994 -1
1 0 0 0 349 -9994 -1
1 1 1 0 872 -9962 -1
1 0 1 0 383 924 -1
1 0 0 0 383 924 -1
1 0 1 0 -523 -9986 -1
1 0 1 0 -523 -9986 -1
1 0 0 0 -523 -9986 -1
1 0 1 0 -1951 -9808 -1
1 0 0 0 634 773 -1
1 0 1 0 4147 9100 -1
1 0 0 0 4147 9100 -1
1 0 1 0 -8315 -5556 -1
1 0 0 1 9989 -476 -1
1 0 1 0 9899 1421 -1
1 0 0 0 9899 1421 -1
1 0 1 0 1994 9799 -1
1 0 0 0 1994 9799 -1
1 0 1 0 7071 -7071 -1
1 0 1 0 7071 -7071 -1
1 0 1 0 7071 -7071 -1
1 0 0 0 -3827 -9239 -1
1 1 1 0 -4305 -9026 -1
1 0 0 0 -3827 -9239 -1
1 0 1 0 -4305 -9026 -1
1 0 1 0 -4305 -9026 -1
1 0 1 0 -4305 -9026 -1
1 0 0 0 -4305 -9026 -1
1 0 1 0 -3633 -9317 -1
1 0 1 0 -3633 -9317 -1
1 0 1 0 -3633 -9317 -1
1 0 0 0 -3633 -9317 -1
1 0 1 0 -2559 -9667 3
1 0 1 0 -2521 -9677 3
1 0 1 0 -2521 -9677 3
1 0 1 0 -2521 -9677 3
1 0 0 0 -3518 -9361 3
1 0 0 0 -3518 -9361 3
1 0 0 0 -3518 -9361 3
1 0 1 0 -4614 -8872 3
1 0 1 0 -3024 -9532 3
1 0 0 0 -9673 -2538 3
1 0 0 0 -9673 -2538 3
1 0 0 0 3827 9239 3
1 0 1 0 -9239 3827 3
1 0 1 0 1426 9898 3
1 0 0 0 1426 9898 3
1 0 0 0 1426 9898 3
1 0 1 0 3827 -9239 3
1 0 0 0 1288 9917 3
1 0 1 0 1305 9914 3
1 0 0 0 1305 9914 3
1 0 1 0 958 9954 3
1 0 1 0 958 9954 3
1 0 0 0 0 -10000 3
1 0 0 0 0 -10000 3
1 0 0 0 0 -10000 3
1 0 1 0 -7071 -7071 3
1 0 0 0 593 9982 3
1 0 0 0 593 9982 3
1 0 0 1 9296 -3686 3
1 0 1 0 2240 9746 3
1 0 1 0 2250 9744 3
1 0 0 0 9239 3827 3
1 0 1 0 56 10000 3
1 0 1 0 56 10000 3
1 0 0 0 9588 2840 3
1 0 0 0 9588 2840 3
1 0 0 0 9588 2840 3
1 0 1 0 1001 -9950 3
1 0 1 0 980 -9952 3
1 0 0 0 1305 9914 3
1 0 1 0 -980 9952 3
1 0 0 0 1564 9877 3
1 0 1 0 -1127 9936 3
1 0 0 0 -2096 9778 3
1 0 1 0 -1601 9871 3
1 0 0 0 -2096 9778 3
1 0 1 0 -1624 9867 3
1 0 0 0 -1582 9874 3
1 0 0 0 -1582 9874 3
1 0 0 0 -1582 9874 3
1 0 1 0 10000 0 3
1 0 0 0 7071 -7071 3
1 0 0 0 9239 3827 3
1 0 0 0 290 -957 3
1 0 1 0 3363 -9417 3
1 0 1 0 3363 -9417 3
1 0 0 0 -195 -981 3
1 1 0 1 -8768 4808 3
1 0 1 0 -2903 -9569 3
1 0 1 0 -2949 -9555 3
1 0 0 0 383 924 3
1 0 0 0 383 924 3
1 0 0 0 383 924 3
1 0 1 0 9239 -3827 3
1 0 0 0 383 924 3
1 0 0 0 -9952 981 3
1 0 1 0 0 -10000 3
1 0 1 0 0 -10000 3
1 0 1 0 0 -10000 3
1 0 0 0 1501 9887 3
1 0 1 0 87 10000 3
1 0 0 0 0 10000 3
1 0 0 0 0 10000 3
1 0 0 0 0 10000 3
1 0 1 0 -3827 -9239 3
1 0 0 0 195 981 3
1 0 1 0 -9239 -3827 3
1 0 0 0 195 981 3
1 0 1 0 3827 9239 3
1 0 0 0 3827 9239 3
1 0 1 0 -3827 9239 3
1 0 0 0 -523 9986 3
1 0 0 0 0 -10000 3
1 0 1 0 4973 8676 3
1 0 1 0 523 -9986 3
1 0 1 0 -523 -9986 3
1 0 1 0 -7071 -7071 3
1 0 0 1 -4792 -8777 3
1 0 0 1 -8575 -5144 3
1 0 1 0 1900 9818 3
-1 0 1 0 -980 9952 3
1 0 1 0 3305 9438 3
1 0 1 0 3305 9438 3
1 0 0 0 3305 9438 3
-1 0 1 0 -2903 9569 3
-1 0 0 0 -2903 9569 3
0 0 1 0 -6626 7490 3
0 0 1 0 -6884 7254 3
0 0 1 0 -7071 7071 3
-1 0 1 0 -3453 9385 3
-1 0 1 0 -3453 9385 3
-1 0 1 0 -3453 9385 3
-1 0 1 0 -3453 9385 3
0 0 0 0 -3453 9385 3
-1 0 1 0 -9724 2334 3
-1 0 1 0 -9781 2079 3
-1 0 0 0 -7730 6344 3
-1 0 1 0 -9304 3665 3
-1 0 1 0 -9304 3665 3
-1 0 1 0 -9304 3665 3
-1 0 0 0 -9239 3827 3
-1 0 1 0 -9703 -2419 3
-1 0 1 0 -9703 -2419 3
-1 0 1 0 -9703 -2419 3
-1 0 1 1 8852 4653 3
-1 0 1 0 -8746 -4848 3
-1 0 0 0 -8746 -4848 3
-1 0 1 0 -5664 -8241 3
-1 0 0 0 -6428 -7660 3
-1 0 1 0 -5446 -8387 3
-1 0 0 0 -9367 -3502 3
-1 0 1 0 -4384 -8988 3
-1 0 0 0 -5446 -8387 3
-1 0 1 0 -2903 -9569 3
-1 0 0 0 -7071 -7071 3
-1 0 0 0 -7071 -7071 3
-1 1 1 0 2903 9569 3
-1 1 0 0 -4714 -8819 3
-1 0 1 0 -698 9976 3
-1 0 1 0 -1045 9945 3
-1 1 0 0 0 10000 3
-1 0 1 0 -610 9981 3
-1 0 0 0 -872 9962 3
-1 0 1 0 175 9998 3
-1 1 0 0 0 10000 3
-1 1 0 0 0 10000 3
-1 0 0 0 0 10000 3
-1 0 1 0 -4273 9041 3
-1 0 0 0 -980 9952 3
-1 0 1 0 9952 -980 3
-1 0 0 0 -980 9952 3
-1 0 1 0 1180 9930 3
-1 0 0 0 10000 0 3
-1 0 1 0 -9952 980 3
-1 0 0 1 9239 3827 3
-1 0 1 0 980 9952 3
-1 0 0 1 9746 2239 3
-1 0 1 0 -2504 -9681 3
-1 0 1 0 -2504 -9681 3
-1 0 0 0 9239 3827 3
-1 0 1 0 1908 -9816 3
-1 0 0 0 9239 3827 3
-1 0 1 0 6012 -7991 3
-1 0 0 0 9239 3827 3
-1 0 1 0 3746 -9272 3
-1 0 0 0 -3827 -9239 3
-1 0 0 0 -3827 -9239 3
-1 0 0 0 -3827 -9239 3
-1 0 1 0 980 9952 3
-1 0 0 0 -3827 -9239 3
-1 0 1 0 -7730 -6344 3
-1 0 1 0 2903 9569 3
-1 0 1 0 2903 9569 3
-1 0 1 0 2903 9569 3
-1 0 1 0 -349 -9994 3
-1 0 0 0 -3827 9239 3
-1 0 1 0 698 -9976 3
-1 0 0 0 -3827 -9239 3
-1 0 0 0 -3827 -9239 3
-1 0 0 1 4682 -8836 3
-1 0 0 0 -3827 -9239 3
-1 0 0 1 9006 -4346 3
-1 0 1 0 -1191 -9929 3
-1 0 0 1 5036 -8640 3
-1 0 1 0 -610 -9981 3
-1 0 0 1 5036 -8640 3
-1 0 1 0 -262 -9997 3
-1 0 0 0 0 -10000 3
-1 0 0 0 0 -10000 3
-1 0 1 0 3445 -9388 3
-1 0 0 0 0 -10000 3
-1 0 1 0 8819 -4714 3
-1 0 0 0 0 -10000 3
-1 0 0 0 0 -10000 3
-1 0 0 0 0 -10000 3
-1 0 1 0 7730 -6344 3
-1 0 0 0 4714 -8819 3
-1 0 0 0 4714 -8819 3
-1 0 0 0 4714 -8819 3
-1 1 0 0 -2300 -9732 3
-1 0 1 0 -436 9990 3
-1 0 0 0 -8949 -4462 3
-1 0 1 0 2924 -9563 3
-1 0 0 0 0 10000 3
-1 0 1 0 1951 9808 3
-1 0 0 1 8819 -4714 3
-1 0 0 0 8819 -4714 3
-1 0 1 0 -2903 9569 3
-1 0 1 0 -2903 9569 3
-1 0 0 0 1564 9877 3
-1 0 0 0 1564 9877 3
-1 0 0 0 1564 9877 3
-1 0 1 0 -4951 8688 3
-1 0 1 0 -4714 8819 3
-1 0 1 0 -4714 8819 3
-1 0 0 0 -4714 8819 3
-1 0 1 0 980 9952 3
-1 0 0 0 980 9952 3
-1 0 1 0 1616 9869 3
-1 0 0 0 1616 9869 3
-1 0 0 0 1616 9869 3
-1 0 0 0 1616 9869 3
-1 0 0 0 1616 9869 3
-1 0 1 0 7705 -6374 3
-1 0 1 0 7705 -6374 3
-1 0 0 0 7705 -6374 3
-1 0 1 0 -10000 0 3
-1 0 1 0 -10000 0 3
-1 0 1 0 -10000 0 3
-1 0 1 0 -10000 0 3
-1 0 1 0 -10000 0 3
-1 0 1 0 -10000 0 3
-1 0 0 0 -3827 -9239 3
-1 0 1 0 -2588 -9659 3
-1 0 0 0 -3827 -9239 3
-1 0 1 0 -1951 -9808 3
-1 0 0 0 -3827 -9239 3
-1 0 1 0 -1951 -9808 3
-1 0 1 0 -1951 -9808 3
-1 0 0 0 -1951 -9808 3
-1 0 1 0 -4174 -9087 3
-1 0 1 0 -4174 -9087 3
-1 0 1 1 -9735 2287 3
-1 0 0 0 -9735 2287 3
1 0 1 0 2603 9655 3
1 0 1 0 2603 9655 3
-1 0 0 0 2603 9655 3
-1 0 0 0 2603 9655 3
-1 0 1 0 1951 9808 3
-1 0 0 0 87 10000 3
-1 0 0 0 87 10000 3
-1 0 1 0 1951 -9808 3
-1 0 1 0 2903 -9569 3
-1 0 0 0 2903 -9569 3
-1 0 1 0 -1290 9916 3
-1 0 1 0 -980 9952 3
-1 0 0 0 -2706 9627 3
-1 0 1 0 -980 9952 3
-1 0 1 0 246 9997 3
-1 0 0 0 -2706 9627 3
1 0 1 0 2588 9659 3
1 0 0 0 610 9981 3
-1 0 1 0 980 -9952 3
1 0 1 0 980 -9952 3
1 1 1 0 980 -9952 3
0 1 1 0 980 -9952 3
0 1 1 0 980 -9952 3
1 1 1 0 980 -9952 3
1 1 1 0 980 -9952 3
0 0 1 0 980 -9952 3
0 0 1 0 980 -9952 3
0 0 0 0 980 -9952 3
1 0 1 0 6441 -7649 3
0 0 1 0 6494 -7604 3
1 0 1 0 6494 -7604 3
1 0 0 0 6794 -7337 3
1 0 0 1 -9617 2740 3
0 0 0 0 6794 -7337 3
-1 0 0 0 6794 -7337 3
-1 0 1 0 -6808 7325 3
-1 0 1 0 -6820 7314 3
-1 0 1 0 -6820 7314 3
-1 0 1 0 -6820 7314 3
-1 0 1 0 -8111 5850 3
-1 0 1 0 -8111 5850 3
-1 0 1 0 -8111 5850 3
-1 0 1 0 -8111 5850 3
-1 0 0 0 -8111 5850 3
0 0 1 0 -3987 9171 3
-1 0 1 0 -8111 5850 3
-1 0 1 0 -8111 5850 3
-1 0 1 0 -8111 5850 3
-1 0 1 0 -8111 5850 3
-1 0 1 0 -8111 5850 3
1 0 1 0 -8111 5850 3
-1 0 1 0 -8111 5850 3
-1 0 1 0 -8111 5850 3
0 0 1 0 -8111 5850 3
-1 0 1 0 -8111 5850 3
-1 0 1 0 -8377 5461 3
-1 0 1 0 -8377 5461 3
-1 0 1 0 -8377 5461 3
0 0 0 0 -8377 5461 3
-1 0 1 0 -3799 9250 3
-1 0 1 0 -3799 9250 3
-1 0 1 0 -3799 9250 3
-1 0 1 0 -3827 9239 3
-1 0 1 0 -3827 9239 3
-1 0 1 0 -3827 9239 3
-1 0 1 0 -1357 9907 3
-1 0 1 0 -1357 9907 3
0 0 1 0 -1357 9907 3
-1 0 1 0 -1357 9907 3
-1 0 1 0 -1357 9907 3
-1 0 0 0 -1357 9907 3
-1 0 0 0 -1357 9907 3
-1 0 0 1 9932 -1162 3
-1 0 0 1 9246 -3809 3
-1 0 0 1 9931 -1176 3
-1 0 0 1 9242 -3820 3
0 0 0 0 4772 8788 3
-1 0 1 0 4772 8788 3
-1 0 1 0 4714 8819 3
0 0 0 0 7071 7071 3
-1 0 0 0 7071 7071 3
-1 0 0 0 7071 7071 3
-1 0 0 0 7071 7071 3
0 0 1 0 -9239 -3827 3
-1 0 0 0 -9239 -3827 3
-1 0 1 0 -8638 -5039 3
-1 0 0 0 -9239 -3827 3
-1 0 1 0 -7792 -6268 3
-1 0 0 0 -8339 -5519 3
-1 0 1 0 -8819 -4714 3
-1 0 1 0 -8745 -4851 3
-1 0 1 0 -8745 -4851 3
-1 0 0 0 -9026 -4305 3
-1 0 1 0 -8119 -5838 3
-1 0 1 0 -8119 -5838 3
-1 0 1 0 -8119 -5838 3
-1 0 1 0 -8090 -5878 3
-1 0 0 0 -8090 -5878 3
-1 0 1 0 -6332 -7740 3
-1 0 1 0 -6344 -7730 3
-1 0 1 0 -6344 -7730 3
-1 0 0 0 -6740 -7387 3
-1 0 1 0 -4759 -8795 3
-1 0 1 0 -4759 -8795 3
-1 0 1 0 -4759 -8795 3
-1 0 1 0 -4714 -8819 3
-1 0 1 1 3370 9415 3
-1 0 1 0 -6740 -7387 3
-1 0 1 1 3370 9415 3
-1 0 0 0 -5270 -8499 3
-1 0 1 0 1499 -9887 3
-1 0 1 0 1499 -9887 3
-1 0 0 0 1499 -9887 3
-1 0 1 0 -610 9981 3
-1 0 0 0 1499 -9887 3
-1 0 1 0 2756 -9613 3
-1 0 0 0 -3827 -9239 3
-1 0 0 0 -3827 -9239 3
-1 0 0 0 -3827 -9239 3
-1 0 0 0 -2396 -9709 3
-1 0 1 0 2924 -9563 3
-1 0 0 0 0 10000 3
-1 0 1 0 3584 -9336 3
-1 0 0 0 980 -9952 3
-1 0 1 0 4226 -9063 3
-1 0 0 0 980 -9952 3
-1 0 1 0 5225 -8526 3
-1 0 1 0 5145 -8575 3
-1 0 0 0 5150 -8572 3
-1 0 1 0 6344 -7730 3
-1 0 0 0 5150 -8572 3
-1 0 1 0 6581 -7529 3
-1 0 1 0 6581 -7529 3
-1 0 1 1 2903 9569 3
-1 0 0 0 2987 9543 3
-1 0 0 0 2987 9543 3
-1 0 1 0 -1305 9914 3
-1 0 0 0 2987 9543 3
-1 0 0 0 2987 9543 3
-1 0 1 0 -6344 7730 3
-1 0 1 0 -2836 9589 3
-1 0 1 0 -2836 9589 3
-1 1 0 0 -8819 4715 3
-1 0 1 0 -7730 6344 3
-1 0 1 0 -872 9962 3
-1 0 1 0 -872 9962 3
-1 1 0 0 -8819 4715 3
-1 1 0 0 -8819 4715 3
-1 1 0 0 -8819 4715 3
-1 0 1 0 -175 9998 3
-1 0 0 0 -2419 9703 3
-1 0 1 0 0 -10000 3
-1 0 1 0 0 -10000 3
-1 0 1 0 0 -10000 3
-1 0 1 0 0 -10000 3
-1 0 0 0 0 -10000 3
-1 0 1 0 4472 -8944 3
-1 0 1 0 4472 -8944 3
-1 0 0 1 -8175 -5760 3
-1 0 0 1 -8876 -4607 3
1 0 1 0 5000 -8660 3
0 0 1 0 5225 -8526 3
-1 0 0 0 5225 -8526 3
-1 0 1 0 7660 -6428 3
-1 0 0 0 5225 -8526 3
-1 0 1 0 7771 -6293 3
-1 0 0 0 7314 -6820 3
-1 0 1 0 9569 2903 3
-1 0 0 0 7314 -6820 3
-1 0 0 0 7716 -6361 3
-1 0 1 0 -3987 9171 3
-1 0 0 0 7716 -6361 3
-1 0 1 0 -7730 6344 3
-1 0 1 0 -4695 8829 3
-1 0 1 0 -4695 8829 3
-1 0 1 0 -4772 8788 3
-1 0 0 0 -4714 8819 3
-1 0 0 0 -4714 8819 3
-1 0 1 0 -980 9952 3
-1 0 0 0 -980 9952 3
-1 0 1 0 -980 9952 3
-1 0 1 1 6904 -7235 3
-1 0 1 0 3827 9239 3
-1 0 1 0 3827 9239 3
-1 0 1 0 3827 9239 3
-1 0 0 1 5556 -8315 3
-1 0 1 0 980 9952 3
-1 0 1 0 2892 9573 3
-1 0 0 0 -65 10000 3
-1 0 1 0 4714 8819 3
-1 0 0 0 -65 10000 3
-1 0 1 0 -905 9959 3
-1 0 0 0 -65 10000 3
-1 0 1 0 963 9954 3
-1 0 1 0 963 9954 3
-1 0 0 0 3827 9239 3
-1 0 0 0 3827 9239 3
-1 0 1 0 -8819 4714 3
-1 0 0 0 3827 9239 3
-1 0 1 0 980 9952 3
-1 0 0 0 3827 9239 3
-1 0 1 0 2903 9569 3
-1 0 1 0 -9227 -3855 3
-1 0 0 0 -9239 -3827 3
-1 0 1 0 -7730 -6344 3
-1 0 1 0 -7730 -6344 3
-1 0 0 0 -9239 -3827 3
-1 0 0 0 -9239 -3827 3
-1 0 1 0 -6691 -7431 3
-1 0 0 0 3338 -9426 3
-1 0 0 0 3338 -9426 3
-1 0 1 0 -6157 -7880 3
-1 0 0 0 -6691 -7431 3
-1 0 1 0 -5592 -8290 3
-1 0 0 0 -6691 -7431 3
-1 0 1 0 -7730 -6344 3
-1 0 1 0 -7730 -6344 3
-1 0 0 0 -9571 -2898 3
-1 0 1 0 -7730 -6344 3
-1 0 0 0 -9571 -2898 3
-1 0 0 0 -9571 -2898 3
-1 0 0 0 -9571 -2898 3
-1 0 1 0 2903 9569 3
-1 0 1 0 4714 8819 3
-1 0 0 0 7071 -7071 3
1 0 0 0 7071 -7071 3
-1 0 0 0 -7071 -7071 3
0 0 1 0 3939 9191 3
-1 0 0 1 334 9994 3
1 0 1 0 4714 8819 3
1 0 1 0 3827 9239 3
1 0 1 0 3827 9239 3
0 0 1 0 3827 9239 3
1 0 1 0 3827 9239 3
1 0 1 0 3827 9239 3
0 0 1 0 3827 9239 3
1 0 0 0 3827 9239 3
1 0 1 0 9914 1305 3
1 0 1 0 9953 963 3
1 0 1 0 9953 963 3
1 0 1 0 9953 963 3
1 0 1 0 9952 980 3
1 0 1 0 9952 980 3
1 0 0 0 10000 0 3
1 0 1 0 8819 -4714 3
1 0 1 0 8750 -4842 3
1 0 1 0 8750 -4842 3
1 0 1 0 8750 -4842 3
1 0 0 0 8281 -5606 3
1 0 1 0 6884 -7254 3
1 0 0 0 8281 -5606 3
1 0 1 0 4714 -8819 3
1 0 1 0 5225 -8526 3
1 0 0 0 6227 -7825 3
1 0 1 0 5805 -8143 3
1 0 1 0 5909 -8067 3
1 0 1 0 5909 -8067 3
1 0 1 1 9783 2073 3
1 0 1 0 9783 2073 3
1 0 1 0 9783 2073 3
1 0 0 0 9783 2073 3
1 0 0 0 9783 2073 3
1 0 0 0 9783 2073 3
1 1 0 0 9783 2073 3
1 0 1 0 4714 8819 3
1 0 1 0 2880 9576 3
1 0 1 0 2880 9576 3
1 0 0 0 -980 -9952 3
1 0 1 0 924 9957 3
1 0 1 0 924 9957 3
1 0 0 0 -980 -9952 3
1 0 0 0 -980 -9952 3
1 0 0 0 -980 -9952 3
1 0 0 0 -980 -9952 3
1 0 0 0 -980 -9952 3
1 1 1 0 -3746 -9272 3
1 0 0 0 2903 -9569 3
1 0 1 0 -4714 -8819 3
1 0 0 0 -4714 -8819 3
1 0 1 0 -4714 -8819 3
1 0 0 0 -4714 -8819 3
1 0 1 0 -5556 -8315 3
1 0 0 0 -407 -914 3
1 0 1 0 -6344 -7730 3
1 0 0 0 -466 -885 3
1 0 0 0 -466 -885 3
1 0 0 0 -466 -885 3
1 0 0 0 -466 -885 3
1 0 1 0 5827 8127 3
1 0 1 0 5827 8127 3
1 0 1 0 5827 8127 3
-1 0 1 1 -3827 -9239 3
1 0 1 1 -8078 -5894 3
1 0 0 0 0 -1000 3
1 0 1 0 -5521 8338 3
1 0 0 0 0 -1000 3
1 0 0 0 0 -1000 3
1 0 0 0 0 -1000 3
1 0 0 0 0 -1000 3
1 0 0 0 0 -1000 3
1 0 0 0 0 -1000 3
1 0 0 0 0 -1000 3
1 0 0 0 0 -1000 3
1 0 0 0 0 -1000 3
1 0 0 0 0 -1000 3
1 0 1 0 4147 -9100 3
1 0 0 0 383 -924 3
1 0 1 0 6349 -7726 3
1 0 1 0 6349 -7726 3
1 0 0 0 471 882 3
1 0 0 0 471 882 3
1 0 1 0 6345 -7730 3
1 0 1 0 6345 -7730 3
1 0 1 0 6345 -7730 3
1 0 1 0 6345 -7730 3
1 0 1 0 6345 -7730 3
1 1 0 0 9099 4147 3
1 0 0 1 -7071 7071 3
1 0 0 1 -7071 7071 3
1 0 0 1 -7975 6033 3
1 0 1 0 2883 9575 3
1 0 1 0 2883 9575 3
1 0 1 0 2883 9575 3
1 0 0 0 -995 -98 3
1 0 0 0 -995 -98 3
1 0 0 0 -995 -98 3
1 0 0 0 -995 -98 3
1 0 0 0 -995 -98 3
1 0 1 0 4557 8901 3
1 0 1 0 4557 8901 3
1 0 1 0 4557 8901 3
1 0 0 0 383 924 3
1 0 1 0 535 9986 3
1 0 0 0 -882 471 3
1 0 0 0 -882 471 3
-1 1 1 0 -6727 7399 3
-1 0 0 0 -6674 7447 3
1 0 1 0 349 9994 3
1 0 0 0 -882 471 3
1 0 0 0 -882 471 3
1 0 0 0 -882 471 3
-1 0 0 0 -8819 4714 3
-1 0 1 0 -2859 -9583 3
-1 1 1 1 9040 4275 3
-1 1 1 1 9040 4275 3
-1 0 1 0 -2859 -9583 3
-1 0 1 0 -2859 -9583 3
1 0 1 0 4714 8819 3
1 0 0 0 4714 8819 3
-1 0 1 0 -8192 -5736 3
-1 0 0 0 -8192 -5736 3
1 0 1 0 -9100 -4147 3
1 0 0 0 4714 8819 3
1 0 1 0 3584 9336 3
1 1 1 0 3827 9239 3
1 1 0 0 773 634 3
1 0 1 0 -1104 9939 3
-1 0 0 0 -1200 9928 3
1 0 0 0 773 634 3
0 0 1 0 -2224 9750 3
-1 0 1 0 -2250 9744 3
0 0 1 0 -2334 9724 3
-1 0 1 0 -2250 9744 3
-1 0 1 0 -2250 9744 3
-1 0 1 0 -2250 9744 3
-1 0 1 0 -2250 9744 3
-1 0 1 0 -2250 9744 3
-1 0 0 0 -2250 9744 3
1 0 1 0 -969 9953 3
1 0 1 0 -969 9953 3
1 0 1 0 -969 9953 3
1 0 1 0 -969 9953 3
1 0 1 0 -969 9953 3
1 0 0 0 859 -511 3
1 0 1 0 9063 -4226 3
1 0 1 0 9063 -4226 3
1 0 0 0 817 -577 3
1 0 1 0 7809 -6247 3
1 0 0 0 785 -619 3
1 0 1 0 6278 -7784 3
1 0 1 1 -9808 -1951 3
1 0 0 0 785 -619 3
1 0 1 0 3665 -9304 3
1 0 0 0 -981 195 3
1 0 0 0 -981 195 3
1 0 0 0 -981 195 3
1 0 0 0 -981 195 3
1 0 0 0 -981 195 3
1 0 0 0 -981 195 3
1 0 1 0 6332 -7740 3
1 0 1 0 6332 -7740 3
1 0 1 0 6332 -7740 3
1 0 1 0 6332 -7740 3
1 0 1 0 6332 -7740 3
1 0 0 0 634 -773 3
1 0 0 0 634 -773 3
1 0 0 0 634 -773 3
1 0 0 0 634 -773 3
1 0 0 0 634 -773 3
1 0 0 0 634 -773 3
1 0 1 0 4602 -8878 3
1 0 1 0 4602 -8878 3
1 0 1 0 4602 -8878 3
1 0 1 0 4602 -8878 3
1 0 1 0 4602 -8878 3
1 0 0 0 556 -831 3
1 0 0 0 556 -831 3
1 0 0 0 556 -831 3
1 0 0 0 556 -831 3
1 0 0 1 -8819 4714 3
1 0 0 1 -8819 4714 3
1 0 0 1 -8819 4714 3
1 0 0 1 -9719 2355 3
1 0 0 1 -9719 2355 3
1 0 0 1 -9719 2355 3
1 0 0 1 -8819 4714 3
1 0 0 1 -9719 2355 3
1 0 1 0 3867 -9222 3
1 0 1 0 3867 -9222 3
1 0 1 0 3867 -9222 3
1 0 0 0 195 -981 3
1 0 0 0 195 -981 3
1 0 0 0 195 -981 3
1 0 0 0 195 -981 3
1 0 0 0 195 -981 3
1 0 0 0 195 -981 3
1 0 1 0 2903 -9569 3
1 0 1 0 951 -9955 3
1 0 1 0 951 -9955 3
1 0 0 0 98 -995 3
1 0 0 0 98 -995 3
1 0 0 0 98 -995 3
1 0 0 0 98 -995 3
1 1 1 0 -981 -9952 3
1 0 1 1 -7071 7071 3
1 0 1 1 -7071 7071 3
1 0 0 1 -7883 6153 3
1 0 1 0 2883 9575 3
1 0 1 0 2883 9575 3
1 0 1 0 2883 9575 3
1 0 0 0 -1153 -9933 3
1 0 0 0 -1153 -9933 3
1 0 0 0 -1153 -9933 3
1 0 1 0 -349 -9994 3
1 0 1 0 -349 -9994 3
1 0 1 0 -2893 -9572 3
1 0 0 0 -1153 -9933 3
1 0 1 0 3746 9272 3
1 0 1 0 -2893 -9572 3
1 0 1 0 -2893 -9572 3
1 0 0 0 -471 -882 3
1 0 0 0 -471 -882 3
1 0 0 0 -471 -882 3
1 0 0 0 -471 -882 3
1 1 1 0 349 9994 3
1 0 1 0 4929 8701 3
1 0 0 0 1000 0 3
1 0 0 0 1000 0 3
1 0 0 0 1000 0 3
1 0 0 0 1000 0 3
1 0 0 0 1000 0 3
1 0 0 0 1000 0 3
1 0 0 0 1000 0 3
1 0 0 0 1000 0 3
1 0 0 1 9927 1208 3
1 0 0 1 9927 1208 3
1 0 1 0 -262 9997 3
1 0 0 0 773 -634 3
1 0 1 0 -3584 9336 3
1 0 0 0 -4067 9135 3
1 0 0 0 -4067 9135 3
1 0 1 0 2419 9703 3
1 0 1 0 2863 9581 3
1 0 1 0 2863 9581 3
1 0 1 0 2863 9581 3
1 0 1 0 2863 9581 3
1 0 1 0 2863 9581 3
1 0 0 0 556 831 3
1 0 1 0 980 9952 3
1 0 1 0 980 9952 3
1 0 0 0 556 831 3
1 0 0 0 556 831 3
1 0 1 0 2861 9582 3
1 0 1 0 2861 9582 3
1 0 1 0 2861 9582 3
1 0 1 0 2861 9582 3
1 0 1 0 2861 9582 3
1 0 1 0 1609 9870 3
1 0 0 1 9881 -1540 3
1 0 1 0 2851 9585 3
1 0 1 0 972 9953 3
1 0 1 0 972 9953 3
1 0 1 1 -2903 -9569 3
1 0 0 0 290 957 3
1 0 0 0 290 957 3
1 0 1 0 -935 9956 3
1 0 1 0 -980 9952 3
1 0 0 0 0 1000 3
1 0 0 0 0 1000 3
1 0 0 0 0 1000 3
1 0 1 0 -2888 9574 3
1 0 1 0 -2888 9574 3
1 0 0 0 -195 981 3
1 0 1 0 4772 -8788 3
1 0 0 0 -195 981 3
1 0 0 0 -195 981 3
1 0 1 0 2974 -9548 3
-1 0 1 0 383 -924 3
1 0 1 0 2974 -9548 3
-1 0 1 0 383 -924 3
-1 1 1 0 383 -924 3
0 0 1 0 383 -924 3
0 0 1 0 383 -924 3
-1 0 1 0 383 -924 3
-1 0 1 0 383 -924 3
-1 0 1 0 383 -924 3
-1 0 1 0 383 -924 3
-1 0 0 0 383 -924 3
-1 0 1 0 -7771 -6293 3
-1 0 1 0 -7771 -6293 3
-1 0 1 1 9513 3082 3
-1 0 1 0 -7730 -6344 3
-1 0 1 0 383 -924 3
-1 0 1 0 383 -924 3
0 0 0 0 980 9952 3
1 0 1 0 4714 -8819 3
0 0 0 0 980 9952 3
1 0 1 0 9994 349 3
1 0 0 0 995 -96 3
1 0 1 0 6344 7730 3
1 0 1 0 8480 5299 3
1 0 0 0 9781 2079 3
1 0 1 0 6157 7880 3
1 0 1 0 6428 7660 3
1 0 0 0 9781 2079 3
0 0 1 0 5807 8141 3
1 0 1 0 5590 8292 3
1 0 0 0 5590 8292 3
1 0 1 0 4714 8819 3
1 0 1 0 5592 8290 3
1 0 1 0 4927 8702 3
1 1 1 0 4728 8812 3
1 0 0 0 4728 8812 3
1 0 0 0 4728 8812 3
1 0 1 0 2756 9613 3
1 1 1 0 4728 8812 3
1 0 1 0 4728 8812 3
1 0 1 0 4728 8812 3
1 0 1 0 4728 8812 3
1 0 1 1 -3460 -9382 3
1 1 1 0 882 471 3
1 0 1 1 -7585 -6516 3
1 0 0 0 882 471 3
1 0 0 0 882 471 3
1 0 1 0 -980 9952 3
1 0 1 0 9569 -2903 3
1 0 1 0 9569 -2903 3
1 0 0 0 926 -379 3
1 0 1 0 9569 -2903 3
1 0 0 0 926 -379 3
1 0 1 0 6344 -7730 3
1 0 0 0 -924 383 3
1 0 1 0 4714 -8819 3
1 0 1 0 4714 -8819 3
1 0 0 0 -924 383 3
1 0 1 0 -2903 9569 3
1 0 0 0 707 -707 3
0 0 0 0 707 -707 3
-1 0 1 0 -6344 7730 3
0 0 0 0 -6344 7730 3
0 0 0 0 -6344 7730 3
-1 0 1 0 -9483 3173 3
-1 0 1 0 -9450 3271 3
0 0 1 0 -9613 2756 3
-1 0 1 0 -957 290 3
-1 0 1 0 -957 290 3
-1 0 1 0 -957 290 3
-1 0 1 0 -957 290 3
-1 0 1 0 -957 290 3
-1 0 1 0 -957 290 3
-1 0 1 0 -957 290 3
-1 0 1 0 -957 290 3
-1 0 1 1 1115 -9938 3
0 0 1 0 1115 -9938 3
-1 0 0 0 895 -9960 3
-1 0 0 0 0 -1000 3
-1 0 1 0 980 9952 3
-1 0 1 0 2377 9713 3
-1 0 1 0 2377 9713 3
1 0 1 0 6691 7431 3
0 0 1 0 6691 7431 3
0 0 1 0 6691 7431 3
0 0 1 0 6691 7431 3
1 0 1 0 4617 8870 3
1 0 1 0 4617 8870 3
1 0 1 0 9863 1650 3
1 0 1 0 9863 1650 3
1 0 1 0 9171 3987 3
1 0 1 0 9171 3987 3
1 0 1 0 9171 3987 3
1 0 1 0 9171 3987 3
1 0 1 0 9171 3987 3
1 0 1 0 9171 3987 3
1 0 0 0 9171 3987 3
1 0 1 0 5664 -8241 3
1 0 1 0 5078 -8615 3
1 0 0 0 5000 -8660 3
1 0 1 0 3420 -9397 3
1 0 0 0 5000 -8660 3
1 0 0 0 5000 -8660 3
1 0 1 0 -8315 5556 3
1 0 0 0 -8315 5556 3
1 0 0 0 489 -872 3
1 0 0 0 489 -872 3
-1 0 1 0 -4714 8819 3
1 0 1 0 -4749 8800 3
0 0 1 0 -4749 8800 3
-1 0 0 0 -981 195 3
-1 0 1 0 -9062 -4229 3
-1 0 1 0 -9062 -4229 3
-1 0 1 1 9261 -3772 3
-1 0 0 0 9239 -3827 3
-1 0 1 0 -5446 -8387 3
-1 0 0 0 924 -383 3
-1 0 1 0 -4714 -8819 3
-1 1 0 0 -496 -868 3
-1 1 0 0 -496 -868 3
-1 1 0 0 -496 -868 3
-1 0 1 0 981 -195 3
-1 0 0 0 981 -195 3
-1 0 1 0 -70 998 3
-1 0 1 0 -70 998 3
-1 0 1 0 -70 998 3
-1 0 0 0 -70 998 3
-1 0 0 0 -70 998 3
-1 0 0 0 -70 998 3
-1 0 1 0 892 9960 3
-1 0 0 0 92 996 3
-1 0 1 0 1263 9920 3
0 0 1 0 122 993 3
-1 0 1 0 122 993 3
0 0 0 0 122 993 3
0 0 1 0 9949 1006 3
1 0 1 0 995 98 3
1 0 1 0 995 98 3
1 0 1 0 995 98 3
1 0 1 1 7071 -7071 3
1 0 1 1 7071 -7071 3
1 0 1 1 4617 -8870 3
1 0 1 0 707 -707 3
1 0 1 0 707 -707 3
0 0 0 0 707 -707 3
1 1 1 0 2040 9790 3
1 1 1 0 2040 9790 3
