-1 0 1 0 -234 -972 -1
1 0 1 0 -234 -972 -1
0 0 1 0 -234 -972 -1
0 0 1 0 -234 -972 -1
0 0 1 0 -234 -972 -1
0 0 1 0 -234 -972 -1
-1 0 0 0 -98 -995 -1
-1 0 1 0 924 -381 -1
-1 0 1 0 924 -381 -1
-1 0 1 0 924 -381 -1
0 0 1 0 924 -381 -1
0 0 1 0 924 -381 -1
1 0 1 0 924 -381 -1
0 0 1 0 924 -381 -1
0 0 1 0 924 -381 -1
1 0 1 0 924 -381 -1
0 0 1 0 924 -381 -1
-1 0 1 0 924 -381 -1
1 0 1 0 924 -381 -1
1 0 0 0 924 -383 -1
1 0 1 0 752 659 -1
1 0 1 0 752 659 -1
1 0 1 0 752 659 -1
1 0 0 0 752 659 -1
1 0 0 0 773 634 -1
1 0 1 0 707 707 -1
1 0 1 0 707 707 -1
1 0 1 0 707 707 -1
1 0 1 0 -981 -195 -1
1 0 0 0 -981 -195 -1
1 0 1 0 383 924 -1
1 0 1 0 383 924 -1
1 0 0 0 383 924 -1
1 0 1 0 -981 195 -1
1 0 1 0 -981 195 -1
1 0 1 0 -981 195 -1
1 0 0 0 -981 195 -1
1 0 0 0 -981 195 -1
1 0 1 0 786 -618 -1
1 0 1 0 786 -618 -1
1 0 1 0 786 -618 -1
1 0 1 0 786 -618 -1
1 0 1 0 786 -618 -1
1 0 0 0 773 -634 -1
1 0 1 0 779 -627 -1
1 0 1 0 779 -627 -1
1 0 1 0 779 -627 -1
1 0 1 0 779 -627 -1
1 0 1 0 779 -627 -1
1 0 0 0 773 -634 -1
1 0 1 0 787 -616 -1
1 0 1 0 787 -616 -1
1 0 1 0 787 -616 -1
1 0 1 0 787 -616 -1
1 0 1 0 787 -616 -1
1 0 1 0 787 -616 -1
1 0 1 0 787 -616 -1
1 0 0 0 773 -634 -1
1 0 1 0 580 -815 -1
1 0 1 0 580 -815 -1
1 0 1 0 580 -815 -1
1 0 1 0 580 -815 -1
1 0 1 0 580 -815 -1
1 0 1 0 580 -815 -1
1 1 0 0 634 -773 -1
1 0 0 0 634 -773 -1
1 0 0 0 634 -773 -1
1 0 1 0 139 990 -1
1 0 0 0 139 990 -1
1 1 1 0 122 993 -1
1 0 0 0 122 993 -1
1 0 1 0 118 993 -1
1 0 0 0 118 993 -1
1 0 1 0 92 996 -1
1 0 0 0 92 996 -1
1 0 1 0 383 924 -1
1 0 1 0 383 924 -1
1 0 1 0 383 924 -1
1 0 0 0 383 924 -1
1 0 1 0 924 -383 -1
1 0 1 0 924 -383 -1
1 0 0 0 924 -383 -1
1 0 1 0 -290 -957 -1
1 0 1 0 -290 -957 -1
1 0 0 0 -290 -957 -1
1 0 1 0 957 -290 -1
1 0 1 0 957 -290 -1
1 0 1 0 957 -290 -1
1 0 1 0 957 -290 -1
1 0 1 0 957 -290 -1
1 0 1 0 957 -290 -1
1 0 1 0 957 -290 -1
1 0 1 0 957 -290 -1
1 0 0 0 957 -290 -1
1 0 1 0 773 -634 -1
1 0 1 0 773 -634 -1
1 0 1 0 773 -634 -1
1 0 1 0 773 -634 -1
1 0 1 0 773 -634 -1
1 0 1 0 773 -634 -1
1 0 1 0 773 -634 -1
1 0 0 0 773 -634 -1
1 0 1 0 634 -773 -1
1 0 0 0 634 -773 -1
1 0 1 0 882 471 -1
1 0 0 0 882 471 -1
1 0 1 0 957 -290 -1
1 0 1 0 957 -290 -1
1 0 1 0 957 -290 -1
1 0 1 0 957 -290 -1
1 0 1 0 957 -290 -1
1 0 1 0 957 -290 -1
1 0 1 0 957 -290 -1
1 0 1 0 957 -290 -1
1 0 1 0 957 -290 -1
1 0 1 0 957 -290 -1
1 0 1 0 957 -290 -1
1 0 1 0 957 -290 -1
1 0 1 0 957 -290 -1
1 0 1 0 957 -290 -1
1 0 1 0 957 -290 -1
1 0 1 0 957 -290 -1
1 0 0 0 957 -290 -1
1 0 1 0 195 981 -1
1 1 0 0 195 981 -1
1 0 1 0 126 992 -1
1 0 0 0 126 992 -1
1 0 1 0 195 981 -1
1 0 1 0 195 981 -1
1 0 1 0 195 981 -1
1 0 0 0 195 981 -1
1 0 1 0 831 556 -1
1 0 1 0 831 556 -1
1 0 0 0 831 556 -1
1 0 1 0 195 981 -1
1 0 1 0 195 981 -1
1 0 1 0 195 981 -1
1 0 0 0 195 981 -1
1 0 1 0 195 981 -1
1 0 1 0 195 981 -1
1 0 1 0 195 981 -1
1 0 0 0 195 981 -1
1 0 0 0 195 981 -1
1 1 1 0 290 957 -1
1 0 1 0 290 957 -1
1 0 1 0 290 957 -1
1 0 0 0 290 957 -1
1 0 0 0 290 957 -1
1 0 1 0 -290 957 -1
1 0 1 0 -290 957 -1
1 0 1 0 -290 957 -1
1 0 1 0 -290 957 -1
1 0 1 0 -290 957 -1
1 0 1 0 -290 957 -1
1 0 0 0 -290 957 -1
1 0 1 0 995 98 -1
1 0 1 0 995 98 -1
1 0 1 0 995 98 -1
1 0 0 0 995 98 -1
1 0 1 0 -773 634 -1
1 0 1 0 -773 634 -1
1 0 1 0 -773 634 -1
1 0 0 0 -773 634 -1
1 0 1 0 195 -981 -1
1 0 1 0 195 -981 -1
1 0 1 0 195 -981 -1
1 0 0 0 195 -981 -1
1 0 1 0 471 882 -1
1 0 0 0 471 882 -1
1 0 1 0 882 471 -1
1 0 1 0 882 471 -1
1 0 1 0 882 471 -1
1 0 1 0 882 471 -1
1 0 1 0 882 471 -1
1 0 1 0 882 471 -1
1 0 0 0 882 471 -1
1 0 1 0 195 -981 -1
1 0 1 0 195 -981 -1
1 0 0 0 195 -981 -1
1 0 0 0 195 -981 -1
1 0 1 0 924 -383 -1
1 0 1 0 924 -383 -1
1 0 0 0 924 -383 -1
1 0 1 0 471 -882 -1
1 0 1 0 471 -882 -1
1 0 0 0 471 -882 -1
1 0 1 0 882 -471 -1
1 0 1 0 882 -471 -1
1 0 1 0 882 -471 -1
1 0 0 0 882 -471 -1
1 0 1 0 383 924 -1
1 0 1 0 383 924 -1
1 0 1 0 383 924 -1
1 0 1 0 383 924 -1
1 0 1 0 383 924 -1
1 0 1 0 383 924 -1
1 0 0 0 383 924 -1
1 0 1 0 -924 383 -1
1 0 1 0 -924 383 -1
1 0 0 0 -924 383 -1
1 0 1 0 -98 -995 -1
1 0 1 0 -98 -995 -1
1 0 0 0 -98 -995 -1
1 0 1 0 634 -773 -1
1 0 1 0 634 -773 -1
1 0 1 0 634 -773 -1
1 0 1 0 634 -773 -1
1 0 1 0 634 -773 -1
1 0 1 0 634 -773 -1
1 0 1 0 634 -773 -1
1 0 0 0 634 -773 -1
1 0 0 0 634 -773 -1
1 0 0 0 634 -773 -1
1 0 1 0 182 -983 -1
1 0 0 0 182 -983 -1
1 0 1 0 118 -993 -1
1 0 0 0 118 -993 -1
1 0 0 0 118 -993 -1
1 0 1 0 74 -997 -1
1 0 0 0 74 -997 -1
1 0 1 0 -195 -981 -1
1 0 1 0 -195 -981 -1
1 0 0 0 -195 -981 -1
1 1 1 0 100 995 -1
1 0 0 0 100 995 -1
1 0 1 0 290 957 -1
1 0 1 0 290 957 -1
1 0 0 0 290 957 -1
1 0 1 0 290 -957 -1
1 0 0 0 290 -957 -1
1 0 1 0 383 924 -1
1 0 1 0 383 924 -1
1 0 1 0 383 924 -1
1 0 1 0 383 924 -1
1 0 1 0 383 924 -1
1 0 0 0 383 924 -1
1 0 0 0 383 924 -1
1 0 1 0 -98 995 -1
1 0 0 0 -98 995 -1
1 0 1 0 383 -924 -1
1 0 1 0 383 -924 -1
1 0 1 0 383 -924 -1
1 0 1 0 383 -924 -1
1 0 0 0 383 -924 -1
1 0 1 0 831 -556 -1
1 0 1 0 831 -556 -1
1 0 0 0 831 -556 -1
1 0 1 0 924 -383 -1
1 0 0 0 924 -383 -1
1 0 1 0 882 471 -1
1 0 1 0 882 471 -1
1 0 1 0 882 471 -1
1 0 1 0 882 471 -1
1 0 0 0 882 471 -1
1 0 1 0 135 -991 -1
1 0 0 0 135 -991 -1
1 0 1 0 471 -882 -1
1 0 1 0 471 -882 -1
1 0 1 0 471 -882 -1
1 0 1 0 471 -882 -1
1 0 0 0 471 -882 -1
1 0 0 0 471 -882 -1
1 1 1 0 981 195 -1
1 0 1 0 981 195 -1
1 0 0 0 981 195 -1
1 0 1 0 96 995 -1
1 0 0 0 96 995 -1
1 0 0 0 96 995 -1
1 0 1 0 -243 970 -1
1 0 1 0 -243 970 -1
1 0 0 0 -243 970 -1
1 0 1 0 -924 383 -1
1 0 1 0 -924 383 -1
1 0 0 0 -924 383 -1
1 0 1 0 -924 -383 -1
1 0 0 0 -924 -383 -1
1 0 1 0 0 -1000 -1
1 0 1 0 0 -1000 -1
1 0 1 0 0 -1000 -1
1 0 0 0 0 -1000 -1
1 0 1 0 471 882 -1
1 0 1 0 471 882 -1
1 0 1 0 471 882 -1
1 0 0 0 471 882 -1
1 0 1 0 957 -290 -1
1 0 1 0 957 -290 -1
1 0 1 0 957 -290 -1
1 0 1 0 957 -290 -1
1 0 1 0 957 -290 -1
1 0 1 0 957 -290 -1
1 0 1 0 957 -290 -1
1 0 0 0 957 -290 -1
1 0 1 0 -471 -882 -1
1 0 0 0 -471 -882 -1
1 0 1 0 -904 -428 -1
1 0 1 0 -904 -428 -1
1 0 1 0 -904 -428 -1
1 0 1 0 -904 -428 -1
1 0 0 0 -904 -428 -1
1 0 1 0 -634 -773 -1
1 0 0 0 -634 -773 -1
1 0 1 0 981 -195 -1
1 0 1 0 981 -195 -1
1 0 1 0 981 -195 -1
1 0 1 0 981 -195 -1
1 0 0 0 981 -195 -1
1 0 1 0 148 -989 -1
1 0 0 0 148 -989 -1
1 0 1 0 556 831 -1
1 0 0 0 556 831 -1
1 0 1 0 634 -773 -1
1 0 1 0 634 -773 -1
1 0 1 0 634 -773 -1
1 0 1 0 634 -773 -1
1 0 0 0 634 -773 -1
1 0 1 0 556 -831 -1
1 0 1 0 556 -831 -1
1 0 1 0 556 -831 -1
1 0 1 0 556 -831 -1
1 0 0 0 556 -831 -1
1 0 1 0 514 -858 -1
1 0 1 0 514 -858 -1
1 0 1 0 514 -858 -1
1 0 1 0 514 -858 -1
1 0 0 0 514 -858 -1
1 0 1 0 -741 672 -1
1 0 0 0 -741 672 -1
1 0 1 0 -65 998 -1
1 0 0 0 -65 998 -1
1 0 1 0 556 -831 -1
1 0 1 0 556 -831 -1
1 0 1 0 556 -831 -1
1 0 1 0 556 -831 -1
1 0 1 0 556 -831 -1
1 0 0 0 556 -831 -1
1 0 1 0 -98 -995 -1
1 0 0 0 -98 -995 -1
1 0 1 0 596 -803 -1
1 0 1 0 596 -803 -1
1 0 1 0 596 -803 -1
1 0 0 0 596 -803 -1
1 0 1 0 471 -882 -1
1 0 1 0 471 -882 -1
1 0 0 0 471 -882 -1
1 0 0 0 471 -882 -1
1 0 1 0 904 428 -1
1 0 1 0 904 428 -1
1 0 1 0 904 428 -1
1 0 0 0 904 428 -1
1 0 1 0 -290 -957 -1
1 0 1 0 -290 -957 -1
1 1 1 0 -290 -957 -1
1 0 1 0 -290 -957 -1
1 0 1 0 -290 -957 -1
1 0 1 0 -290 -957 -1
1 0 1 0 -290 -957 -1
1 0 1 0 -290 -957 -1
1 0 0 0 -290 -957 -1
1 0 1 0 -725 -688 -1
1 0 0 0 -725 -688 -1
1 0 1 0 -882 -471 -1
1 0 1 0 -882 -471 -1
1 0 0 0 -882 -471 -1
1 0 1 0 556 831 -1
1 0 1 0 556 831 -1
1 0 1 0 556 831 -1
1 0 1 0 556 831 -1
1 0 1 0 556 831 -1
1 0 1 0 556 831 -1
1 0 1 0 556 831 -1
1 0 1 0 556 831 -1
1 0 1 0 556 831 -1
1 0 1 0 556 831 -1
1 0 1 0 556 831 -1
1 0 1 0 556 831 -1
1 0 1 0 556 831 -1
1 0 1 0 556 831 -1
1 0 1 0 556 831 -1
1 0 1 0 556 831 -1
1 0 1 0 556 831 -1
1 0 1 0 556 831 -1
-1 0 1 0 556 831 -1
0 0 1 0 556 831 -1
0 0 1 0 556 831 -1
-1 0 1 0 556 831 -1
1 0 1 0 556 831 -1
-1 0 1 0 556 831 -1
1 0 1 0 556 831 -1
-1 0 1 0 556 831 -1
1 0 1 0 556 831 -1
1 0 1 0 556 831 -1
1 0 1 0 556 831 -1
1 0 1 0 556 831 -1
1 0 1 0 556 831 -1
1 0 0 0 556 831 -1
1 0 1 0 -843 537 -1
1 0 1 0 -843 537 -1
1 0 0 0 -843 537 -1
1 0 1 0 -877 481 -1
1 0 0 0 -877 481 -1
1 0 1 0 -891 454 -1
1 0 0 0 -891 454 -1
1 0 1 0 -904 428 -1
1 0 0 0 -904 428 -1
1 0 1 0 -915 403 -1
1 0 0 0 0 -1 -1
1 0 1 0 -9388 3445 -1
1 0 0 0 0 -1 -1
0 0 1 0 -9692 2464 -1
0 0 1 0 0 -1 -1
-1 0 0 0 0 -1 -1
-1 0 1 0 -9800 -1989 -1
-1 0 0 0 0 -1 -1
-1 0 1 0 -9639 -2664 -1
-1 0 0 0 0 -1 -1
-1 0 1 0 -9364 -3508 -1
-1 0 0 0 0 -1 -1
-1 0 1 0 -904 -428 -1
-1 0 0 0 0 -1 -1
-1 0 1 0 -8669 -4985 -1
-1 0 0 0 0 -1 -1
-1 0 1 0 -904 -428 -1
-1 0 1 0 0 -1 -1
-1 0 0 0 0 -1 -1
-1 0 1 0 -989 147 -1
-1 0 0 0 0 -1 -1
-1 0 1 0 -803 -596 -1
-1 0 0 0 0 -1 -1
-1 0 1 0 -7583 -6519 -1
-1 0 0 0 0 -1 -1
-1 0 1 0 -7136 -7005 -1
-1 0 1 0 0 -1 -1
-1 0 1 0 0 -1 -1
-1 0 0 0 0 -1 -1
-1 0 1 0 -5513 -8343 -1
-1 0 1 0 0 -1 -1
-1 0 0 0 0 -1 -1
-1 0 1 0 -4297 -9030 -1
-1 0 1 0 0 -1 -1
-1 0 0 0 0 -1 -1
-1 0 1 0 -3006 -9538 -1
-1 0 0 0 0 -1 -1
-1 0 1 0 -428 -904 -1
-1 0 1 0 0 -1 -1
-1 0 1 0 0 -1 -1
-1 1 0 0 0 -1 -1
-1 0 1 0 942 -337 -1
-1 0 0 0 0 -1 -1
-1 0 1 0 -1016 9948 -1
-1 0 0 0 0 -1 -1
-1 0 1 0 -830 9965 -1
-1 0 0 0 0 -1 -1
-1 0 1 0 337 -942 -1
-1 1 1 0 0 -1 -1
-1 0 0 0 0 -1 -1
-1 0 1 0 -243 970 -1
-1 0 1 0 0 -1 -1
-1 0 0 0 0 -1 -1
-1 0 0 0 0 -1 -1
-1 0 1 0 -930 9957 -1
-1 0 0 0 0 -1 -1
-1 0 1 0 -243 970 -1
-1 0 1 0 0 -1 -1
-1 0 0 0 0 -1 -1
-1 0 1 0 -243 970 -1
-1 0 1 0 0 -1 -1
-1 0 0 0 0 -1 -1
-1 0 1 0 -337 942 -1
-1 1 1 0 0 -1 -1
-1 0 0 0 0 -1 -1
-1 0 0 0 0 -1 -1
-1 0 1 0 -916 9958 -1
-1 0 0 0 0 -1 -1
-1 0 0 0 0 -1 -1
-1 0 1 0 -337 942 -1
-1 0 1 0 0 -1 -1
-1 0 1 0 0 -1 -1
-1 0 1 0 0 -1 -1
-1 0 0 0 0 -1 -1
-1 0 1 0 -243 970 -1
-1 1 1 0 0 -1 -1
-1 0 1 0 0 -1 -1
-1 0 0 0 0 -1 -1
-1 0 1 0 -243 970 -1
-1 0 1 0 0 -1 -1
-1 0 0 0 0 -1 -1
-1 0 1 0 -337 942 -1
-1 0 1 0 0 -1 -1
-1 0 1 0 0 -1 -1
-1 0 0 0 0 -1 -1
-1 0 0 0 0 -1 -1
-1 0 1 0 -243 970 -1
-1 0 1 0 0 -1 -1
-1 0 1 0 0 -1 -1
-1 0 0 0 0 -1 -1
-1 0 1 0 -243 970 -1
-1 0 1 0 0 -1 -1
-1 0 1 0 0 -1 -1
-1 0 1 0 0 -1 -1
-1 0 1 0 0 -1 -1
-1 0 0 0 0 -1 -1
-1 0 0 0 0 -1 -1
-1 0 1 0 -999 -49 -1
-1 0 0 0 0 -1 -1
-1 0 1 0 -243 970 -1
-1 0 1 0 0 -1 -1
-1 0 1 0 0 -1 -1
-1 0 1 0 0 -1 -1
-1 0 1 0 0 -1 -1
-1 0 0 0 0 -1 -1
-1 0 1 0 -741 672 -1
-1 0 1 0 0 -1 -1
-1 0 0 0 0 -1 -1
-1 0 1 0 -2626 -9649 -1
-1 0 0 0 0 -1 -1
-1 0 1 0 -514 -858 -1
-1 0 1 0 0 -1 -1
-1 0 0 0 0 -1 -1
-1 0 0 0 0 -1 -1
-1 0 1 0 -596 -803 -1
-1 0 1 0 0 -1 -1
-1 0 1 0 0 -1 -1
-1 0 1 0 0 -1 -1
-1 0 0 0 0 -1 -1
-1 0 1 0 -514 -858 -1
-1 0 1 0 0 -1 -1
-1 0 1 0 0 -1 -1
-1 0 1 0 0 -1 -1
-1 0 0 0 0 -1 -1
-1 0 1 0 -803 -596 -1
-1 0 1 0 0 -1 -1
-1 0 0 0 0 -1 -1
-1 0 1 0 -596 -803 -1
-1 0 1 0 0 -1 -1
-1 0 1 0 0 -1 -1
-1 0 1 0 0 -1 -1
-1 0 1 0 0 -1 -1
-1 0 0 0 0 -1 -1
-1 0 0 0 0 -1 -1
-1 0 1 0 -1993 -9799 -1
-1 0 0 0 0 -1 -1
-1 0 0 0 0 -1 -1
-1 0 1 0 -672 -741 -1
-1 0 1 0 0 -1 -1
-1 0 1 0 0 -1 -1
-1 0 1 0 0 -1 -1
-1 0 0 0 0 -1 -1
-1 0 0 0 0 -1 -1
-1 0 1 0 -337 -942 -1
-1 0 1 0 0 -1 -1
-1 0 0 0 0 -1 -1
-1 0 1 0 -428 -904 -1
-1 0 1 0 0 -1 -1
-1 0 1 0 0 -1 -1
-1 0 0 0 0 -1 -1
-1 0 1 0 -337 -942 -1
-1 0 1 0 0 -1 -1
-1 0 1 0 0 -1 -1
-1 0 0 0 0 -1 -1
-1 1 1 0 -596 803 -1
-1 0 0 0 0 -1 -1
-1 0 1 0 -970 243 -1
-1 0 1 0 0 -1 -1
-1 0 0 0 0 -1 -1
-1 0 1 0 -755 9971 -1
-1 0 0 0 0 -1 -1
-1 0 1 0 -601 9982 -1
-1 0 0 0 0 -1 -1
-1 0 1 0 -49 999 -1
-1 0 0 0 0 -1 -1
-1 0 1 0 -298 9996 -1
-1 0 0 0 0 -1 -1
-1 0 1 0 -148 9999 -1
-1 0 0 0 0 -1 -1
-1 0 1 0 1 10000 -1
-1 0 0 0 0 -1 -1
-1 0 1 0 741 -672 -1
-1 0 1 0 0 -1 -1
-1 0 1 0 0 -1 -1
-1 0 1 0 0 -1 -1
-1 0 0 0 0 -1 -1
-1 0 1 0 -147 989 -1
-1 0 1 0 0 -1 -1
-1 0 0 0 0 -1 -1
-1 0 1 0 654 9979 -1
-1 0 0 0 0 -1 -1
-1 0 1 0 845 9964 -1
-1 0 1 0 0 -1 -1
-1 0 0 0 0 -1 -1
-1 0 1 0 337 -942 -1
-1 0 1 0 0 -1 -1
-1 1 1 0 0 -1 -1
-1 0 1 0 0 -1 -1
-1 0 1 0 0 -1 -1
-1 0 1 0 0 -1 -1
-1 0 1 0 0 -1 -1
-1 0 0 0 0 -1 -1
-1 0 1 0 6876 -7261 -1
-1 0 1 0 0 -1 -1
-1 0 0 0 0 -1 -1
-1 0 1 0 7623 -6472 -1
-1 0 0 0 0 -1 -1
-1 0 1 0 7945 -6073 -1
-1 0 0 0 0 -1 -1
-1 0 1 0 672 -741 -1
-1 0 1 0 0 -1 -1
-1 0 1 0 0 -1 -1
-1 0 1 0 0 -1 -1
-1 0 0 0 0 -1 -1
-1 0 0 0 0 -1 -1
-1 0 1 0 -2901 9570 -1
-1 0 0 0 0 -1 -1
-1 0 1 0 -2583 9661 -1
-1 0 0 0 0 -1 -1
-1 0 1 0 -2285 9735 -1
-1 0 0 0 0 -1 -1
-1 0 1 0 -2003 9797 -1
-1 0 0 0 0 -1 -1
-1 0 1 0 -1735 9848 -1
-1 0 0 0 0 -1 -1
-1 0 1 0 -1479 9890 -1
-1 0 0 0 0 -1 -1
-1 0 1 0 -1232 9924 -1
-1 0 0 0 0 -1 -1
-1 0 1 0 -243 970 -1
-1 0 1 0 0 -1 -1
-1 0 0 0 0 -1 -1
-1 0 1 0 -147 989 -1
-1 0 1 0 0 -1 -1
-1 0 0 0 0 -1 -1
-1 0 1 0 -147 989 -1
-1 0 1 0 0 -1 -1
-1 0 0 0 0 -1 -1
-1 0 0 0 0 -1 -1
-1 0 1 0 -337 942 -1
-1 0 1 0 0 -1 -1
-1 0 1 0 0 -1 -1
-1 0 0 0 0 -1 -1
-1 0 1 0 327 9995 -1
-1 0 0 0 0 -1 -1
-1 0 1 0 618 9981 -1
-1 0 0 0 0 -1 -1
-1 0 1 0 912 9958 -1
-1 0 0 0 0 -1 -1
-1 0 1 0 942 337 -1
-1 0 0 0 0 -1 -1
-1 0 1 0 -49 999 -1
-1 0 1 0 0 -1 -1
-1 0 1 0 0 -1 -1
-1 0 0 0 0 -1 -1
-1 0 1 0 -989 -147 -1
-1 0 0 0 0 -1 -1
-1 0 1 0 -942 337 -1
-1 0 0 0 0 -1 -1
-1 0 1 0 -672 -741 -1
-1 0 1 0 0 -1 -1
-1 0 0 0 0 -1 -1
-1 0 1 0 -942 -337 -1
-1 0 0 0 0 -1 -1
-1 0 1 0 999 49 -1
-1 0 0 0 0 -1 -1
-1 0 1 0 -858 -514 -1
-1 0 1 0 0 -1 -1
-1 0 1 0 0 -1 -1
-1 0 1 0 0 -1 -1
-1 0 0 0 0 -1 -1
-1 0 1 0 -514 -858 -1
-1 0 1 0 0 -1 -1
-1 0 1 0 0 -1 -1
-1 0 0 0 0 -1 -1
-1 0 1 0 -514 -858 -1
-1 0 1 0 0 -1 -1
-1 0 1 0 0 -1 -1
-1 0 1 0 0 -1 -1
-1 1 1 0 0 -1 -1
-1 0 1 0 0 -1 -1
-1 0 1 0 0 -1 -1
-1 0 0 0 0 -1 -1
-1 0 1 0 -337 942 -1
-1 0 1 0 0 -1 -1
-1 1 1 0 0 -1 -1
-1 0 0 0 0 -1 -1
-1 0 1 0 -243 970 -1
-1 0 1 0 0 -1 -1
-1 0 1 0 0 -1 -1
-1 0 0 0 0 -1 -1
-1 0 1 0 -243 970 -1
-1 0 1 0 0 -1 -1
-1 0 1 0 0 -1 -1
-1 0 0 0 0 -1 -1
-1 0 1 0 -904 428 -1
-1 0 1 0 0 -1 -1
-1 0 1 0 0 -1 -1
-1 0 0 0 0 -1 -1
-1 0 1 0 -858 -514 -1
-1 0 0 0 0 -1 -1
-1 0 1 0 1378 -9905 -1
-1 0 0 0 0 -1 -1
-1 0 0 0 0 -1 -1
-1 0 1 0 -147 989 -1
-1 0 1 0 0 -1 -1
-1 0 0 0 0 -1 -1
-1 0 1 0 -514 858 -1
-1 0 1 0 0 -1 -1
-1 0 1 0 0 -1 -1
-1 0 1 0 0 -1 -1
-1 0 1 0 0 -1 -1
-1 0 0 0 0 -1 -1
-1 0 1 0 541 9985 -1
-1 0 0 0 0 -1 -1
-1 0 0 0 0 -1 -1
-1 0 1 0 848 9964 -1
-1 0 0 0 0 -1 -1
-1 0 1 0 -49 999 -1
-1 0 1 0 0 -1 -1
-1 0 1 0 0 -1 -1
-1 0 1 0 0 -1 -1
-1 0 1 0 0 -1 -1
-1 0 0 0 0 -1 -1
-1 0 1 0 989 -147 -1
-1 0 1 0 0 -1 -1
-1 0 0 0 0 -1 -1
-1 0 1 0 -596 803 -1
-1 0 0 0 0 -1 -1
-1 0 1 0 -4447 -8957 -1
-1 0 0 0 0 -1 -1
-1 0 1 0 -3861 -9224 -1
-1 0 0 0 0 -1 -1
-1 0 1 0 -337 -942 -1
-1 0 0 0 0 -1 -1
-1 0 1 0 -2670 -9637 -1
-1 0 0 0 0 -1 -1
-1 0 1 0 -2067 -9784 -1
-1 0 0 0 0 -1 -1
-1 0 1 0 -337 -942 -1
-1 0 1 0 0 -1 -1
-1 0 0 0 0 -1 -1
-1 0 1 0 -243 -970 -1
-1 0 1 0 0 -1 -1
-1 0 0 0 0 -1 -1
-1 0 1 0 -243 -970 -1
-1 0 1 0 0 -1 -1
-1 0 0 0 0 -1 -1
-1 0 1 0 -904 428 -1
-1 0 0 0 0 -1 -1
-1 0 1 0 -514 -858 -1
-1 0 1 0 0 -1 -1
-1 0 1 0 0 -1 -1
-1 0 1 0 0 -1 -1
-1 0 1 0 0 -1 -1
-1 0 0 0 0 -1 -1
-1 0 1 0 476 9989 -1
-1 0 0 0 0 -1 -1
-1 0 1 0 696 9976 -1
-1 0 0 0 0 -1 -1
-1 0 0 0 0 -1 -1
-1 0 1 0 975 9952 -1
-1 0 0 0 0 -1 -1
1 0 1 0 970 9953 -1
-1 0 1 0 0 -1 -1
-1 0 0 0 0 -1 -1
-1 0 1 0 428 904 -1
0 0 1 0 0 -1 -1
0 0 1 0 0 -1 -1
0 0 0 0 0 -1 -1
1 0 1 0 2266 9740 -1
-1 0 1 0 0 -1 -1
-1 0 1 0 0 -1 -1
0 0 1 0 0 -1 -1
0 0 1 0 0 -1 -1
1 0 1 0 0 -1 -1
1 0 1 0 0 -1 -1
1 0 1 0 0 -1 -1
-1 0 1 0 0 -1 -1
1 0 1 0 0 -1 -1
1 0 1 0 0 -1 -1
1 0 1 0 0 -1 -1
1 0 1 0 0 -1 -1
1 0 1 0 0 -1 -1
1 0 0 0 0 -1 -1
1 0 1 0 8341 -5516 -1
1 0 1 0 0 -1 -1
1 0 0 0 0 -1 -1
1 0 1 0 7225 -6914 -1
1 0 1 0 0 -1 -1
1 0 0 0 0 -1 -1
1 0 1 0 49 999 -1
1 0 1 0 0 -1 -1
1 0 0 0 0 -1 -1
1 0 1 0 49 999 -1
1 0 1 0 0 -1 -1
1 0 0 0 0 -1 -1
1 0 1 0 -49 999 -1
1 0 1 0 0 -1 -1
1 0 0 0 0 -1 -1
1 0 1 0 803 -596 -1
1 0 1 0 0 -1 -1
1 0 1 0 0 -1 -1
1 0 1 0 0 -1 -1
1 0 0 0 0 -1 -1
1 0 1 0 514 -858 -1
1 0 1 0 0 -1 -1
1 0 1 0 0 -1 -1
1 0 1 0 0 -1 -1
1 0 1 0 0 -1 -1
1 0 0 0 0 -1 -1
1 1 1 0 243 970 -1
1 0 1 0 0 -1 -1
1 0 1 0 0 -1 -1
1 0 0 0 0 -1 -1
1 0 1 0 -904 -428 -1
1 1 1 0 0 -1 -1
1 0 0 0 0 -1 -1
1 0 1 0 1490 9888 -1
1 0 0 0 0 -1 -1
1 0 1 0 243 970 -1
1 0 1 0 0 -1 -1
1 0 1 0 0 -1 -1
1 0 0 0 0 -1 -1
1 1 1 0 -428 -904 -1
1 0 1 0 0 -1 -1
1 0 1 0 0 -1 -1
1 0 0 0 0 -1 -1
1 0 1 0 428 -904 -1
1 0 1 0 0 -1 -1
1 0 1 0 0 -1 -1
1 0 1 0 0 -1 -1
1 0 1 0 0 -1 -1
1 0 0 0 0 -1 -1
1 0 1 0 596 803 -1
1 0 1 0 0 -1 -1
1 0 1 0 0 -1 -1
1 0 1 0 0 -1 -1
1 0 1 0 0 -1 -1
1 0 1 0 0 -1 -1
1 1 1 0 0 -1 -1
1 0 1 0 0 -1 -1
1 0 1 0 0 -1 -1
1 0 1 0 0 -1 -1
1 0 1 0 0 -1 -1
1 0 0 0 0 -1 -1
1 0 1 0 243 970 -1
1 0 1 0 0 -1 -1
1 0 1 0 0 -1 -1
1 0 1 0 0 -1 -1
1 0 0 0 0 -1 -1
1 0 1 0 147 989 -1
1 0 1 0 0 -1 -1
1 0 1 0 0 -1 -1
1 0 0 0 0 -1 -1
1 0 1 0 147 989 -1
1 0 1 0 0 -1 -1
1 0 1 0 0 -1 -1
1 0 0 0 0 -1 -1
1 0 1 0 49 -999 -1
1 0 0 0 0 -1 -1
1 0 1 0 337 942 -1
1 1 1 0 0 -1 -1
1 0 1 0 0 -1 -1
1 0 1 0 0 -1 -1
1 0 0 0 0 -1 -1
1 0 0 0 0 -1 -1
1 0 1 0 243 970 -1
1 0 1 0 0 -1 -1
1 0 1 0 0 -1 -1
1 0 1 0 0 -1 -1
1 0 0 0 0 -1 -1
1 0 1 0 337 942 -1
1 0 1 0 0 -1 -1
1 0 1 0 0 -1 -1
1 0 1 0 0 -1 -1
1 0 0 0 0 -1 -1
1 0 1 0 49 999 -1
1 0 1 0 0 -1 -1
1 0 0 0 0 -1 -1
1 0 1 0 -1273 9919 -1
1 0 0 0 0 -1 -1
1 0 1 0 -1617 9868 -1
1 0 0 0 0 -1 -1
1 0 1 0 -1969 9804 -1
1 0 0 0 0 -1 -1
1 0 1 0 -2335 9724 -1
1 0 0 0 0 -1 -1
1 0 0 0 0 -1 -1
1 0 1 0 337 942 -1
1 0 0 0 0 -1 -1
1 0 1 0 741 -672 -1
1 0 1 0 0 -1 -1
1 0 1 0 0 -1 -1
1 0 1 0 0 -1 -1
1 0 1 0 0 -1 -1
1 0 1 0 0 -1 -1
1 0 0 0 0 -1 -1
1 0 0 0 0 -1 -1
1 0 1 0 -337 -942 -1
1 0 1 0 0 -1 -1
1 0 0 0 0 -1 -1
1 0 1 0 672 -741 -1
1 0 1 0 0 -1 -1
1 0 1 0 0 -1 -1
1 0 1 0 0 -1 -1
1 0 1 0 0 -1 -1
1 0 1 0 0 -1 -1
1 0 1 0 0 -1 -1
1 0 1 0 0 -1 -1
1 1 0 0 0 -1 -1
1 0 1 0 243 970 -1
1 0 1 0 0 -1 -1
1 0 0 0 0 -1 -1
1 0 1 0 337 942 -1
1 0 1 0 0 -1 -1
1 0 1 0 0 -1 -1
1 0 1 0 0 -1 -1
1 0 0 0 0 -1 -1
1 0 1 0 428 904 -1
1 0 1 0 0 -1 -1
1 0 1 0 0 -1 -1
1 0 1 0 0 -1 -1
1 0 1 0 0 -1 -1
1 0 1 0 0 -1 -1
1 1 0 0 0 -1 -1
1 0 1 0 -428 -904 -1
1 0 1 0 0 -1 -1
1 0 0 0 0 -1 -1
1 0 1 0 -803 -596 -1
1 0 0 0 0 -1 -1
1 0 1 0 -514 -858 -1
1 0 0 0 0 -1 -1
1 0 1 0 -5850 -8110 -1
1 0 0 0 0 -1 -1
1 0 1 0 -6387 -7695 -1
1 0 0 0 0 -1 -1
1 0 1 0 -6882 -7256 -1
1 0 0 0 0 -1 -1
1 0 0 0 0 -1 -1
1 0 1 0 858 514 -1
1 0 1 0 0 -1 -1
1 0 1 0 0 -1 -1
1 0 1 0 0 -1 -1
1 0 1 0 0 -1 -1
1 0 1 0 0 -1 -1
1 0 1 0 0 -1 -1
1 0 1 0 0 -1 -1
1 0 0 0 0 -1 -1
1 0 1 0 147 989 -1
1 0 1 0 0 -1 -1
1 0 0 0 0 -1 -1
1 0 1 0 -257 9997 -1
1 0 0 0 0 -1 -1
1 0 1 0 -573 9984 -1
1 0 0 0 0 -1 -1
1 0 1 0 -243 970 -1
-1 0 0 0 0 -1 -1
-1 0 1 0 -1747 9846 -1
-1 0 1 0 0 -1 -1
1 0 1 0 0 -1 -1
1 0 1 0 0 -1 -1
1 0 0 0 0 -1 -1
1 0 1 0 -243 970 -1
1 0 1 0 0 -1 -1
1 0 1 0 0 -1 -1
1 0 1 0 0 -1 -1
1 0 1 0 0 -1 -1
1 0 1 0 0 -1 -1
1 0 1 0 0 -1 -1
1 0 1 0 0 -1 -1
1 0 0 0 0 -1 -1
1 0 1 0 9192 -3937 -1
1 0 0 0 0 -1 -1
1 0 1 0 8738 -4863 -1
1 0 0 0 0 -1 -1
1 0 1 0 8225 -5688 -1
1 0 0 0 0 -1 -1
1 0 1 0 7667 -6421 -1
1 0 0 0 0 -1 -1
1 0 1 0 7072 -7070 -1
1 0 1 0 0 -1 -1
1 0 0 0 0 -1 -1
1 0 1 0 5671 -8236 -1
1 0 1 0 0 -1 -1
1 0 0 0 0 -1 -1
1 0 1 0 4085 -9128 -1
1 0 0 0 0 -1 -1
1 0 1 0 337 -942 -1
1 0 0 0 0 -1 -1
1 0 0 0 0 -1 -1
1 0 1 0 2738 -9618 -1
1 0 0 0 0 -1 -1
1 0 1 0 1967 -9805 -1
1 0 0 0 0 -1 -1
1 0 1 0 -853 9964 -1
1 0 0 0 0 -1 -1
1 0 0 0 0 -1 -1
1 0 1 0 -942 -337 -1
1 0 0 0 0 -1 -1
1 0 1 0 -741 -672 -1
1 0 1 0 0 -1 -1
1 0 0 0 0 -1 -1
1 0 1 0 672 -741 -1
1 0 1 0 0 -1 -1
1 0 1 0 0 -1 -1
1 0 1 0 0 -1 -1
1 0 1 0 0 -1 -1
1 0 0 0 0 -1 -1
1 0 1 0 -1567 9876 -1
1 0 0 0 0 -1 -1
1 0 1 0 -428 -904 -1
1 0 0 0 0 -1 -1
1 0 1 0 -49 -999 -1
1 0 1 0 0 -1 -1
1 0 1 0 0 -1 -1
1 0 0 0 0 -1 -1
1 0 1 0 514 858 -1
1 0 1 0 0 -1 -1
1 0 0 0 0 -1 -1
1 0 1 0 999 49 -1
1 0 1 0 -623 782 3
1 0 0 0 0 -1 3
1 0 1 0 -267 964 3
1 0 0 0 0 -1 3
1 0 0 0 829 560 3
0 0 0 0 829 560 3
1 0 0 0 897 -443 3
1 0 0 0 897 -443 3
1 1 0 0 897 -443 3
1 0 0 0 0 -1 3
1 0 1 0 -631 776 3
1 0 0 0 0 -1 3
1 0 0 0 -526 851 3
1 0 1 0 -860 -510 3
1 0 1 0 -860 -510 3
1 0 1 0 -860 -510 3
0 0 1 0 -860 -510 3
0 0 1 0 -860 -510 3
0 0 1 0 -860 -510 3
-1 0 1 0 -860 -510 3
-1 0 1 0 -860 -510 3
-1 0 1 0 -860 -510 3
-1 1 1 0 -860 -510 3
-1 0 0 0 -860 -511 3
-1 0 0 0 -791 -612 3
-1 0 1 0 -684 -729 3
0 0 1 0 -684 -729 3
0 0 1 0 -684 -729 3
0 0 0 0 -781 -624 3
0 0 1 0 477 -879 3
0 0 1 0 477 -879 3
0 0 1 0 477 -879 3
0 0 0 0 414 -910 3
-1 0 1 0 841 -541 3
-1 0 1 0 841 -541 3
-1 0 0 0 834 -552 3
-1 0 0 1 -199 -980 3
-1 0 1 0 897 -442 3
-1 1 0 0 1000 0 3
-1 1 1 0 469 -883 3
-1 0 1 0 469 -883 3
-1 0 1 0 469 -883 3
-1 0 1 0 410 -912 3
-1 1 0 0 406 -914 3
0 0 0 0 406 -914 3
0 0 0 0 1000 0 3
-1 1 1 0 750 -662 3
-1 0 1 0 750 -662 3
-1 1 1 0 750 -662 3
-1 0 0 0 746 -665 3
-1 0 0 0 -846 -533 3
-1 1 0 0 1000 0 3
-1 1 1 0 997 -73 3
1 0 0 0 1000 0 3
1 0 1 0 -364 -931 3
0 0 0 0 1000 0 3
0 0 0 0 1000 0 3
1 1 0 0 1000 0 3
1 0 1 0 995 -97 3
1 1 1 0 995 -97 3
1 0 1 0 995 -97 3
1 0 0 1 -972 -234 3
1 1 0 0 923 -386 3
1 0 0 0 -320 -947 3
1 0 1 0 195 981 3
1 0 1 0 195 981 3
1 0 1 0 195 981 3
1 0 0 0 195 981 3
1 0 1 0 0 1000 3
1 0 0 0 0 1000 3
1 0 1 0 556 831 3
1 0 0 0 556 831 3
1 0 1 0 -98 995 3
1 0 0 0 -98 995 3
1 0 1 0 773 -634 3
1 0 1 0 773 -634 3
1 0 1 0 773 -634 3
1 0 1 0 773 -634 3
1 0 1 0 773 -634 3
1 0 1 0 773 -634 3
1 0 1 0 773 -634 3
1 0 1 0 773 -634 3
1 0 1 0 773 -634 3
1 0 1 0 773 -634 3
1 0 1 0 773 -634 3
1 0 1 0 773 -634 3
1 0 0 0 773 -634 3
1 0 0 1 -924 383 3
1 0 1 0 -773 -634 3
1 0 0 0 -773 -634 3
1 0 1 0 383 -924 3
1 0 1 0 383 -924 3
1 0 1 0 383 -924 3
1 0 1 0 383 -924 3
1 0 1 0 383 -924 3
1 0 1 0 383 -924 3
1 0 0 0 383 -924 3
1 0 0 0 383 -924 3
1 0 1 0 -831 556 3
1 0 0 0 -831 556 3
1 0 1 0 195 981 3
1 0 1 0 195 981 3
1 0 0 0 195 981 3
1 0 1 0 195 -981 3
1 0 1 0 195 -981 3
1 0 1 0 195 -981 3
1 0 0 0 195 -981 3
1 0 1 0 882 471 3
1 0 0 0 882 471 3
1 0 1 0 -13 1000 3
1 0 0 0 -13 1000 3
1 0 1 0 707 -707 3
1 0 1 0 707 -707 3
1 0 1 1 -383 924 3
1 0 0 0 -383 924 3
1 0 1 0 -98 -995 3
1 1 1 0 -98 -995 3
1 0 1 0 -98 -995 3
1 0 1 0 -98 -995 3
1 0 0 0 -98 -995 3
1 0 1 0 -383 -924 3
1 0 1 0 -383 -924 3
1 0 1 0 -383 -924 3
1 0 0 0 -383 -924 3
1 0 0 0 -383 -924 3
1 0 1 0 -537 -843 3
1 0 1 0 -537 -843 3
1 0 0 0 -537 -843 3
1 0 1 0 -602 -799 3
1 0 1 0 -602 -799 3
1 0 0 0 -602 -799 3
1 0 1 0 556 -831 3
1 0 1 0 556 -831 3
1 0 1 0 556 -831 3
1 0 1 0 556 -831 3
1 0 0 0 556 -831 3
1 0 1 0 -773 -634 3
1 0 0 0 -773 -634 3
1 0 0 1 -556 -831 3
1 0 1 0 773 -634 3
1 0 0 0 773 -634 3
1 0 1 0 -773 634 3
1 0 0 0 -773 634 3
1 0 1 0 -995 -98 3
1 0 0 0 -995 -98 3
1 0 1 0 98 -995 3
1 0 0 0 98 -995 3
1 0 1 0 98 -995 3
1 0 0 0 98 -995 3
1 0 0 0 98 -995 3
1 0 1 0 634 -773 3
1 0 1 0 634 -773 3
1 0 1 0 634 -773 3
1 0 0 0 634 -773 3
1 0 1 0 471 -882 3
1 0 1 0 471 -882 3
1 0 1 0 471 -882 3
1 0 0 0 471 -882 3
1 0 1 0 290 -957 3
1 0 1 0 290 -957 3
1 0 1 0 290 -957 3
1 0 0 0 290 -957 3
1 0 1 0 0 -1000 3
1 0 1 1 831 -556 3
1 0 0 0 831 -556 3
1 0 1 0 -98 -995 3
1 0 0 0 -98 -995 3
1 0 1 0 -195 -981 3
1 0 0 0 -195 -981 3
1 0 1 0 -290 -957 3
1 0 0 0 -290 -957 3
1 0 1 0 831 -556 3
1 0 1 0 831 -556 3
1 0 1 0 831 -556 3
1 0 1 0 831 -556 3
1 0 0 0 831 -556 3
1 0 1 0 -773 -634 3
1 0 0 0 -773 -634 3
1 0 1 0 195 981 3
1 0 1 0 195 981 3
1 0 1 0 195 981 3
1 0 0 0 195 981 3
1 0 1 0 -957 -290 3
1 0 1 0 -957 -290 3
1 0 1 0 -957 -290 3
1 0 1 0 -957 -290 3
0 0 1 0 -957 -290 3
-1 0 0 0 -957 -290 3
0 0 1 0 -139 990 3
-1 0 1 0 -139 990 3
0 0 1 0 -139 990 3
0 0 1 0 -139 990 3
0 0 1 0 -139 990 3
-1 0 1 0 -139 990 3
-1 0 1 0 -139 990 3
-1 0 0 0 -139 990 3
-1 0 1 0 -924 383 3
-1 0 1 0 -924 383 3
-1 0 1 0 -924 383 3
-1 0 1 0 -924 383 3
-1 0 1 0 -924 383 3
-1 0 1 0 -924 383 3
-1 0 1 0 -924 383 3
-1 0 1 0 -924 383 3
-1 0 1 0 -924 383 3
-1 0 1 0 -924 383 3
-1 0 1 0 -924 383 3
-1 0 0 0 -924 383 3
-1 0 1 0 -556 -831 3
-1 0 1 1 924 383 3
-1 0 1 0 924 383 3
-1 0 0 0 924 383 3
-1 0 1 0 -831 -556 3
-1 0 1 0 -831 -556 3
-1 0 0 0 -831 -556 3
-1 0 1 0 -995 -98 3
-1 0 1 0 -995 -98 3
-1 0 0 0 -995 -98 3
-1 0 1 0 634 773 3
-1 0 0 0 634 773 3
-1 0 1 0 -882 471 3
-1 0 0 0 -882 471 3
-1 0 1 0 -383 -924 3
-1 0 1 0 -383 -924 3
-1 0 1 0 -383 -924 3
-1 0 1 0 -383 -924 3
-1 0 1 0 -383 -924 3
-1 0 0 0 -383 -924 3
-1 0 1 0 707 -707 3
-1 0 1 0 707 -707 3
-1 0 1 0 707 -707 3
-1 0 1 0 707 -707 3
-1 0 1 0 707 -707 3
-1 0 0 0 707 -707 3
-1 0 0 1 383 924 3
-1 0 1 0 -924 383 3
-1 0 0 0 -924 383 3
-1 0 1 0 556 -831 3
-1 0 0 0 556 -831 3
-1 0 1 0 -957 -290 3
-1 0 1 0 -957 -290 3
-1 0 1 0 -957 -290 3
-1 0 1 0 -957 -290 3
-1 0 1 0 -957 -290 3
-1 0 1 0 -957 -290 3
-1 0 1 0 -957 -290 3
-1 0 0 0 -957 -290 3
-1 0 1 0 -17 -1000 3
-1 0 0 0 -17 -1000 3
-1 0 1 0 -290 957 3
-1 1 1 0 -290 957 3
-1 0 1 0 -290 957 3
-1 0 1 0 -290 957 3
-1 0 1 0 -290 957 3
-1 0 0 0 -290 957 3
-1 0 1 0 882 471 3
-1 0 1 0 882 471 3
-1 0 1 0 882 471 3
-1 0 1 0 882 471 3
-1 0 1 0 882 471 3
-1 0 1 0 882 471 3
-1 0 1 0 882 471 3
-1 0 0 1 -994 -112 3
-1 0 1 0 924 -383 3
-1 0 0 0 924 -383 3
-1 0 1 0 290 -957 3
-1 0 0 0 290 -957 3
-1 0 1 0 -981 195 3
-1 0 0 0 -981 195 3
-1 0 1 0 0 1000 3
-1 0 0 0 0 1000 3
-1 0 1 0 995 -98 3
-1 0 1 0 995 -98 3
-1 0 0 0 995 -98 3
-1 0 1 0 981 -195 3
-1 0 0 0 981 -195 3
-1 0 1 0 -98 995 3
-1 0 0 0 -98 995 3
-1 0 1 0 -882 -471 3
-1 0 1 0 -882 -471 3
-1 0 0 0 -882 -471 3
-1 0 1 0 -957 -290 3
-1 0 0 0 -957 -290 3
-1 0 1 0 -981 -195 3
-1 0 1 0 -981 -195 3
-1 0 0 0 -981 -195 3
-1 0 1 0 -383 924 3
-1 0 1 1 0 -1000 3
-1 0 1 0 0 -1000 3
-1 0 1 0 0 -1000 3
-1 0 1 0 0 -1000 3
-1 0 0 0 0 -1000 3
-1 0 1 0 -290 -957 3
-1 0 1 0 -290 -957 3
-1 0 1 0 -290 -957 3
-1 0 0 0 -290 -957 3
-1 0 0 0 -290 -957 3
-1 0 1 0 -471 -882 3
-1 0 1 0 -471 -882 3
-1 0 1 0 -471 -882 3
-1 0 1 0 -471 -882 3
-1 0 1 0 -471 -882 3
-1 0 0 0 -471 -882 3
-1 0 1 0 831 -556 3
-1 0 1 0 831 -556 3
1 0 0 0 831 -556 3
-1 0 1 0 -981 -195 3
-1 0 1 0 -981 -195 3
-1 0 1 0 -981 -195 3
-1 0 0 0 -981 -195 3
-1 0 1 0 -195 981 3
-1 0 1 0 -195 981 3
1 0 1 0 -195 981 3
-1 0 1 1 -195 -981 3
1 0 1 0 -195 -981 3
-1 0 1 0 -195 -981 3
0 0 0 0 -195 -981 3
-1 0 1 0 634 773 3
0 0 0 0 634 773 3
1 0 1 0 276 961 3
0 0 1 0 276 961 3
1 0 1 0 276 961 3
0 0 1 0 276 961 3
1 0 1 0 276 961 3
1 0 0 0 276 961 3
-1 0 1 0 0 1000 3
-1 0 1 0 0 1000 3
-1 0 1 0 0 1000 3
-1 0 0 0 0 1000 3
-1 0 1 0 -707 -707 3
-1 0 1 0 -707 -707 3
-1 0 1 0 -707 -707 3
-1 0 0 0 -707 -707 3
-1 0 1 0 -556 -831 3
-1 0 0 0 -556 -831 3
-1 0 1 0 -831 -556 3
-1 0 1 0 -831 -556 3
-1 0 1 0 -831 -556 3
-1 0 1 0 -831 -556 3
-1 0 1 0 -831 -556 3
-1 0 1 0 -831 -556 3
-1 0 1 0 -831 -556 3
-1 0 1 0 -831 -556 3
-1 0 0 0 -831 -556 3
-1 0 1 0 98 -995 3
-1 0 1 1 924 383 3
-1 1 1 0 924 383 3
-1 0 1 0 924 383 3
-1 0 1 0 924 383 3
-1 0 1 0 924 383 3
-1 0 0 0 924 383 3
-1 0 1 0 -634 -773 3
-1 0 0 0 -634 -773 3
-1 0 1 0 530 -848 3
-1 0 0 0 530 -848 3
-1 0 1 0 570 -822 3
-1 0 0 0 570 -822 3
-1 0 1 0 649 -760 3
-1 0 0 0 649 -760 3
-1 0 1 0 646 -763 3
-1 0 1 0 646 -763 3
-1 0 0 0 646 -763 3
-1 0 1 0 383 -924 3
-1 0 1 0 383 -924 3
-1 0 1 0 383 -924 3
-1 0 1 0 383 -924 3
-1 0 0 0 383 -924 3
-1 0 1 0 725 -688 3
-1 0 0 0 725 -688 3
-1 0 1 0 -471 -882 3
-1 0 0 0 -471 -882 3
-1 0 1 0 -773 634 3
-1 0 1 1 1000 0 3
-1 0 1 0 1000 0 3
-1 0 1 0 1000 0 3
-1 0 1 0 1000 0 3
-1 0 1 0 1000 0 3
-1 0 0 0 1000 0 3
-1 0 1 0 -634 -773 3
-1 0 1 0 -634 -773 3
-1 0 0 0 -634 -773 3
-1 0 1 0 0 1000 3
-1 0 1 0 0 1000 3
-1 0 1 0 0 1000 3
-1 0 1 0 0 1000 3
-1 0 0 0 0 1000 3
-1 0 1 0 -383 924 3
-1 0 1 0 -383 924 3
-1 0 1 0 -383 924 3
-1 0 1 0 -383 924 3
-1 0 0 0 -383 924 3
-1 0 1 0 98 995 3
-1 0 1 0 98 995 3
-1 0 1 0 98 995 3
-1 0 1 0 98 995 3
-1 0 0 0 98 995 3
-1 0 0 0 98 995 3
-1 0 1 0 -995 -98 3
-1 0 1 0 -995 -98 3
-1 0 0 1 -913 -409 3
-1 0 1 0 471 -882 3
-1 0 1 0 471 -882 3
-1 0 1 0 471 -882 3
-1 0 1 0 471 -882 3
-1 0 0 0 471 -882 3
-1 0 1 0 -98 -995 3
-1 0 0 0 -98 -995 3
-1 0 1 0 -290 -957 3
-1 0 0 0 -290 -957 3
-1 0 1 0 -383 -924 3
-1 0 1 0 -383 -924 3
-1 0 0 0 -383 -924 3
-1 0 1 0 -995 98 3
-1 0 1 0 -995 98 3
-1 0 0 0 -995 98 3
-1 0 1 0 -634 773 3
-1 0 1 0 -634 773 3
-1 0 0 0 -634 773 3
-1 0 1 0 -471 882 3
-1 0 0 0 -471 882 3
-1 0 1 0 -882 -471 3
-1 0 1 0 -882 -471 3
-1 0 1 0 -882 -471 3
-1 0 0 0 -882 -471 3
-1 0 0 1 924 383 3
-1 0 1 0 174 -985 3
-1 0 0 0 174 -985 3
-1 0 1 0 165 -986 3
-1 0 0 0 165 -986 3
-1 0 1 0 208 -978 3
-1 0 0 0 208 -978 3
-1 0 1 0 -957 290 3
-1 0 0 0 -957 290 3
-1 0 1 0 924 383 3
-1 0 1 0 924 383 3
-1 0 1 0 924 383 3
-1 0 1 0 924 383 3
-1 0 0 0 924 383 3
-1 0 1 0 290 -957 3
-1 0 1 0 290 -957 3
-1 0 1 0 290 -957 3
-1 0 0 0 290 -957 3
-1 0 1 0 -995 98 3
-1 0 0 0 -995 98 3
-1 0 1 0 -290 -957 3
-1 0 0 0 -290 -957 3
-1 0 1 0 995 -98 3
-1 0 1 0 995 -98 3
-1 0 1 0 995 -98 3
-1 0 1 0 995 -98 3
-1 0 1 0 995 -98 3
-1 0 0 1 -950 -311 3
-1 1 1 0 -882 471 3
-1 0 1 0 -882 471 3
-1 0 1 0 -882 471 3
-1 0 1 0 -882 471 3
-1 0 1 0 -882 471 3
-1 0 0 0 -882 471 3
-1 0 1 0 981 195 3
-1 0 0 0 981 195 3
-1 0 1 0 831 -556 3
-1 0 1 0 831 -556 3
-1 0 1 0 831 -556 3
-1 0 0 0 831 -556 3
-1 0 1 0 -98 -995 3
-1 0 0 0 -98 -995 3
-1 0 1 0 -957 290 3
-1 0 1 0 -957 290 3
-1 0 1 0 -957 290 3
-1 0 1 0 -957 290 3
-1 0 0 0 -957 290 3
-1 0 1 0 -98 -995 3
-1 0 0 0 -98 -995 3
-1 0 1 0 -195 981 3
-1 0 1 0 -195 981 3
-1 0 0 0 -195 981 3
-1 0 1 0 78 997 3
-1 0 0 0 78 997 3
-1 0 1 0 -831 -556 3
0 0 1 1 -774 633 3
-1 0 1 0 -831 -556 3
0 0 0 0 -831 -556 3
0 0 1 0 -98 995 3
0 0 1 0 -98 995 3
1 0 1 0 -98 995 3
-1 0 1 0 -98 995 3
0 0 1 0 -98 995 3
-1 0 1 0 -98 995 3
-1 0 0 0 -98 995 3
-1 0 1 0 290 957 3
1 0 1 0 290 957 3
-1 0 1 0 290 957 3
0 0 1 0 290 957 3
1 0 1 0 290 957 3
1 0 1 0 290 957 3
-1 0 1 0 290 957 3
-1 0 1 0 290 957 3
1 0 1 0 290 957 3
1 0 0 0 290 957 3
0 0 1 0 -831 556 3
1 0 0 0 -831 556 3
-1 0 1 0 882 471 3
-1 0 1 0 882 471 3
-1 0 1 0 882 471 3
1 0 1 0 882 471 3
1 0 1 0 882 471 3
1 0 1 0 882 471 3
1 0 1 0 882 471 3
1 0 1 0 882 471 3
0 0 1 0 882 471 3
0 0 1 1 342 940 3
1 0 0 0 882 471 3
1 0 1 0 707 -707 3
1 1 0 0 707 -707 3
1 0 1 0 -471 -882 3
1 0 1 0 -471 -882 3
1 0 1 0 -471 -882 3
1 0 1 0 -471 -882 3
1 0 1 0 -471 -882 3
1 0 1 0 -471 -882 3
1 0 1 0 -471 -882 3
1 0 1 0 -471 -882 3
1 0 1 0 -471 -882 3
1 0 1 0 -471 -882 3
1 0 1 0 -471 -882 3
1 0 0 0 -471 -882 3
1 0 1 0 556 831 3
1 0 1 0 556 831 3
1 0 1 0 556 831 3
1 0 1 0 556 831 3
1 0 1 0 556 831 3
1 0 1 0 556 831 3
1 0 1 0 556 831 3
1 0 1 0 556 831 3
1 0 1 0 556 831 3
1 0 1 0 556 831 3
1 0 1 0 556 831 3
1 0 0 0 556 831 3
1 0 0 0 556 831 3
1 0 0 1 790 -613 3
1 0 1 0 882 471 3
1 0 1 0 882 471 3
1 0 1 0 882 471 3
1 0 0 0 882 471 3
1 0 1 0 -924 -383 3
1 0 1 0 -924 -383 3
1 0 1 0 -924 -383 3
1 0 1 0 -924 -383 3
1 0 1 0 -924 -383 3
1 0 0 0 -924 -383 3
1 0 1 0 383 924 3
1 0 1 0 383 924 3
1 0 1 0 383 924 3
1 0 1 0 383 924 3
1 0 1 0 383 924 3
1 0 0 0 383 924 3
1 0 1 0 98 995 3
1 0 1 0 98 995 3
1 0 1 0 98 995 3
1 0 0 0 98 995 3
1 0 1 0 -981 -195 3
1 0 0 0 -981 -195 3
1 0 1 0 267 -964 3
1 0 0 0 267 -964 3
1 0 1 0 204 -979 3
1 0 0 1 994 110 3
1 0 1 0 471 882 3
1 0 1 0 471 882 3
1 0 0 0 471 882 3
1 0 1 0 556 -831 3
1 0 1 0 556 -831 3
1 0 0 0 556 -831 3
1 0 1 0 -161 987 3
1 0 1 0 -161 987 3
0 0 0 0 -161 987 3
1 0 0 0 -161 987 3
1 0 1 0 773 -634 3
1 0 1 0 773 -634 3
1 0 1 0 773 -634 3
1 0 1 0 773 -634 3
1 0 1 0 773 -634 3
1 0 1 0 773 -634 3
1 0 1 0 773 -634 3
1 0 1 0 773 -634 3
1 0 1 0 773 -634 3
1 0 1 0 773 -634 3
1 0 1 0 773 -634 3
1 0 1 0 773 -634 3
1 0 1 0 773 -634 3
1 0 1 0 773 -634 3
1 0 0 1 991 -134 3
1 0 1 0 -924 383 3
1 0 0 0 -924 383 3
1 0 1 0 4 1000 3
1 0 1 0 4 1000 3
1 0 1 0 4 1000 3
1 0 1 0 4 1000 3
1 0 1 0 4 1000 3
-1 0 1 0 4 1000 3
1 0 0 0 4 1000 3
1 0 1 0 0 1000 3
1 0 1 0 0 1000 3
1 0 1 0 0 1000 3
1 0 1 0 0 1000 3
0 0 1 0 0 1000 3
0 0 1 0 0 1000 3
1 0 1 0 0 1000 3
1 0 0 0 0 1000 3
1 0 1 0 -290 957 3
1 0 1 0 -290 957 3
1 0 1 0 -290 957 3
1 0 1 0 -290 957 3
1 0 0 0 -290 957 3
1 0 1 0 471 -882 3
1 0 0 0 471 -882 3
1 0 1 0 383 -924 3
1 0 0 0 383 -924 3
1 0 1 0 -195 981 3
1 0 1 0 -195 981 3
1 0 1 0 -195 981 3
1 0 0 0 -195 981 3
1 0 1 0 882 -471 3
1 0 1 0 882 -471 3
1 0 0 0 882 -471 3
1 0 1 0 634 -773 3
1 0 0 1 541 841 3
1 0 1 0 773 -634 3
0 0 1 0 773 -634 3
0 0 0 0 773 -634 3
1 0 0 0 773 -634 3
1 0 1 0 831 -556 3
1 0 1 0 831 -556 3
1 0 1 0 831 -556 3
1 0 1 0 831 -556 3
0 0 1 0 831 -556 3
1 0 1 0 831 -556 3
1 0 1 0 831 -556 3
1 0 1 0 831 -556 3
-1 0 1 0 831 -556 3
1 0 1 0 831 -556 3
1 1 1 0 831 -556 3
1 0 1 0 831 -556 3
1 0 1 0 831 -556 3
1 0 1 0 831 -556 3
1 0 1 0 831 -556 3
1 0 1 0 831 -556 3
1 0 1 0 831 -556 3
0 0 1 0 831 -556 3
0 0 1 0 831 -556 3
-1 0 1 0 831 -556 3
1 0 0 0 831 -556 3
1 0 0 1 0 1000 3
0 0 0 0 0 1000 3
0 0 1 0 -976 -216 3
0 0 0 0 -976 -216 3
1 0 1 0 -981 -195 3
-1 0 0 0 -981 -195 3
-1 0 1 0 -995 -98 3
-1 0 0 0 -995 -98 3
0 0 1 0 831 -556 3
-1 0 0 0 831 -556 3
-1 0 1 0 98 995 3
1 0 1 0 98 995 3
1 0 1 0 98 995 3
-1 0 1 0 98 995 3
1 0 1 0 98 995 3
1 0 0 0 98 995 3
1 0 1 0 829 559 3
1 0 1 0 829 559 3
1 0 1 0 829 559 3
1 0 1 0 829 559 3
1 0 1 0 829 559 3
1 0 1 0 829 559 3
1 0 1 0 829 559 3
1 0 0 0 829 559 3
1 0 1 0 471 882 3
1 0 1 1 693 -721 3
1 0 1 0 471 882 3
1 0 1 0 471 882 3
1 0 1 0 471 882 3
1 0 1 0 471 882 3
1 0 1 0 471 882 3
1 0 1 0 471 882 3
1 0 0 0 471 882 3
1 0 1 0 98 995 3
1 0 0 0 98 995 3
1 0 1 0 -471 882 3
1 0 1 0 -471 882 3
1 0 0 0 -471 882 3
1 0 0 0 -471 882 3
1 0 1 0 471 882 3
1 0 0 0 471 882 3
1 0 1 0 995 -98 3
1 0 1 0 995 -98 3
1 0 1 0 995 -98 3
1 0 1 0 995 -98 3
1 0 1 0 995 -98 3
1 0 1 0 995 -98 3
1 0 1 0 995 -98 3
1 0 1 0 995 -98 3
1 0 1 0 995 -98 3
1 0 1 1 -195 -981 3
1 0 0 0 -195 -981 3
1 0 1 0 633 -774 3
1 0 0 0 633 -774 3
1 0 1 0 831 -556 3
1 0 1 0 831 -556 3
1 0 1 0 831 -556 3
1 0 0 0 831 -556 3
1 0 1 0 957 -290 3
1 0 1 0 957 -290 3
1 0 0 0 957 -290 3
1 0 1 0 1000 0 3
1 0 1 0 1000 0 3
1 0 1 0 1000 0 3
1 0 1 0 1000 0 3
1 0 1 0 1000 0 3
1 0 1 0 1000 0 3
1 0 1 0 1000 0 3
1 0 1 0 1000 0 3
1 0 1 0 1000 0 3
1 0 1 0 1000 0 3
1 0 0 0 1000 0 3
1 0 1 0 707 -707 3
1 0 1 0 707 -707 3
1 0 1 0 707 -707 3
1 0 1 0 707 -707 3
1 0 1 0 707 -707 3
1 0 0 0 707 -707 3
1 0 0 1 -195 -981 3
1 0 0 0 -195 -981 3
1 0 1 0 707 -707 3
1 0 1 0 707 -707 3
1 0 0 0 707 -707 3
1 0 1 0 383 -924 3
1 0 0 0 383 -924 3
1 0 1 0 -924 -383 3
1 0 0 0 -924 -383 3
1 0 1 0 454 -891 3
1 0 0 0 454 -891 3
1 0 1 0 399 -917 3
1 0 0 0 399 -917 3
1 0 1 0 371 -929 3
1 0 0 0 371 -929 3
1 0 1 0 383 924 3
1 0 1 0 383 924 3
1 1 1 0 383 924 3
1 0 1 0 383 924 3
1 0 0 0 383 924 3
1 0 1 0 634 773 3
1 0 1 0 634 773 3
1 0 1 0 634 773 3
1 0 0 0 634 773 -1
1 0 1 0 3665 9304 -1
1 0 1 0 3665 9304 -1
1 0 1 0 3665 9304 -1
1 0 1 0 3665 9304 -1
1 0 1 0 3665 9304 -1
1 0 1 1 9993 379 -1
1 0 0 0 3665 9304 -1
1 0 1 0 -3827 9239 -1
1 0 0 0 -3827 9239 -1
1 0 1 0 7071 7071 -1
1 0 0 0 7071 7071 -1
1 1 1 0 -3827 -9239 -1
1 0 0 0 -3827 -9239 -1
1 0 1 0 -3827 -9239 -1
1 0 1 0 -3827 -9239 -1
1 0 0 0 -3827 -9239 -1
1 0 1 0 -3633 -9317 -1
1 0 1 0 -3633 -9317 -1
1 0 1 0 -3633 -9317 -1
1 0 1 0 -3633 -9317 -1
1 0 0 0 -3633 -9317 -1
1 0 1 0 -3518 -9361 -1
1 0 1 0 -3518 -9361 -1
1 0 1 0 -3518 -9361 -1
1 0 1 0 -3518 -9361 -1
1 0 1 0 -3518 -9361 -1
1 0 0 0 -3518 -9361 -1
1 0 1 0 -9673 -2538 -1
1 0 0 0 -9673 -2538 -1
1 0 1 0 3827 9239 -1
1 0 0 0 3827 9239 -1
1 0 1 0 1426 9898 -1
1 0 0 0 1426 9898 -1
1 0 1 0 1288 9917 -1
1 0 0 0 1288 9917 -1
1 0 1 0 1305 9914 -1
1 0 1 0 1305 9914 -1
1 0 0 0 1305 9914 -1
1 0 1 0 593 9982 -1
1 0 0 0 593 9982 -1
1 0 1 0 0 -10000 -1
1 0 0 0 0 -10000 -1
1 0 1 0 593 9982 -1
1 0 1 0 593 9982 -1
1 0 0 0 593 9982 -1
1 0 0 0 593 9982 -1
1 0 1 0 7314 6820 -1
1 0 0 1 9196 -3928 -1
1 0 1 0 9219 -3875 -1
1 0 0 0 9219 -3875 -1
1 0 1 0 9239 3827 -1
1 0 0 0 9239 3827 -1
1 0 0 0 9239 3827 -1
1 0 1 0 -3827 -9239 -1
1 0 0 0 -3827 -9239 -1
1 0 1 0 1305 9914 -1
1 0 1 0 1305 9914 -1
1 0 0 0 1305 9914 -1
1 0 1 0 1564 9877 -1
1 0 1 0 1564 9877 -1
1 0 0 0 1564 9877 -1
1 0 1 0 -2096 9778 -1
1 0 0 0 -2096 9778 -1
1 0 0 0 -2096 9778 -1
1 0 1 0 -3827 9239 -1
1 0 0 0 -3827 9239 -1
1 0 1 0 7071 -7071 -1
1 0 0 0 7071 -7071 -1
1 0 1 0 9239 3827 -1
1 0 0 0 9239 3827 -1
1 0 1 0 9239 -3827 -1
1 0 1 0 290 -957 -1
1 0 1 1 7784 6278 -1
1 0 1 0 290 -957 -1
1 0 1 0 -195 -981 -1
1 1 1 0 -195 -981 -1
1 0 0 0 -195 -981 -1
1 0 1 0 3340 9426 -1
1 0 1 0 383 924 -1
1 0 0 0 383 924 -1
1 0 1 0 -9887 1501 -1
1 0 1 0 -9887 1501 -1
1 0 0 0 -9887 1501 -1
1 0 1 0 -9952 981 -1
1 0 0 0 -9952 981 -1
1 0 1 0 1501 9887 -1
1 0 1 0 1501 9887 -1
1 0 0 0 -831 556 -1
1 0 1 0 195 981 -1
1 0 0 0 195 981 -1
1 0 1 0 3827 9239 -1
1 0 0 0 195 981 -1
1 0 1 0 1884 -9821 -1
1 0 0 0 0 1000 -1
1 0 0 0 0 1000 -1
1 0 1 0 -523 9986 -1
1 0 0 0 -523 9986 -1
1 0 1 0 -1045 -9945 -1
1 0 0 0 -1045 -9945 -1
1 0 1 0 -523 -9986 -1
1 0 1 0 0 -10000 -1
1 0 0 0 0 -10000 3
1 0 1 0 980 9952 3
1 0 1 0 7071 -7071 3
-1 0 1 1 -4714 -8819 3
-1 0 0 0 -4714 -8819 3
1 0 1 0 980 9952 3
1 0 1 0 3305 9438 3
-1 0 0 0 3305 9438 3
0 0 1 0 -2903 9569 3
-1 0 1 0 3305 9438 3
0 0 1 0 3305 9438 3
0 0 1 0 3305 9438 3
0 0 0 0 3305 9438 3
0 0 1 0 -3453 9385 3
0 0 1 0 -3453 9385 3
0 0 1 0 -3453 9385 3
-1 0 1 0 -3453 9385 3
-1 0 1 0 -3453 9385 3
-1 0 1 0 -3453 9385 3
-1 0 1 0 -3453 9385 3
-1 0 0 0 -3453 9385 3
-1 0 1 0 -7730 6344 3
-1 0 1 0 -7559 6547 3
-1 0 1 0 -7559 6547 3
-1 0 0 0 -7559 6547 3
-1 0 1 0 -7559 6547 3
-1 0 0 0 -7559 6547 3
-1 0 1 0 -8819 -4714 3
-1 0 0 0 -9573 -2890 3
-1 0 1 0 -9537 -3007 3
-1 0 0 0 -9537 -3007 3
-1 0 1 0 -8988 -4384 3
-1 0 0 0 -8949 -4462 3
0 0 1 0 -9367 -3502 3
-1 0 1 1 1929 9812 3
-1 0 1 0 -9367 -3502 3
-1 0 1 0 -9367 -3502 3
-1 0 1 0 -9367 -3502 3
-1 0 0 0 -9171 -3987 3
-1 0 1 0 -2903 -9569 3
-1 0 1 0 -4714 -8819 3
-1 0 1 0 -9171 -3987 3
-1 1 0 0 -9171 -3987 3
-1 0 0 0 0 10000 3
-1 0 1 0 -6344 7730 3
-1 1 0 0 0 10000 3
-1 1 0 0 0 10000 3
-1 0 1 0 -610 9981 3
-1 0 0 0 0 10000 3
-1 0 1 0 -9569 2903 3
-1 0 0 0 0 10000 3
-1 0 1 0 -980 9952 3
-1 0 1 0 -980 9952 3
-1 0 0 0 0 -10000 3
-1 0 0 0 0 -10000 3
-1 0 1 0 10000 0 3
-1 0 0 0 10000 0 3
-1 0 1 0 -2903 9569 3
-1 0 1 0 0 10000 3
-1 0 1 0 0 10000 3
-1 0 1 0 0 10000 3
-1 0 0 1 9239 3827 3
-1 0 1 0 -175 9998 3
-1 0 0 0 9239 3827 3
-1 0 1 0 -4714 -8819 3
-1 0 1 0 -3827 -9239 3
-1 0 1 0 -3827 -9239 3
-1 0 0 0 -3827 -9239 3
-1 0 0 0 -3827 -9239 3
-1 0 1 0 2903 -9569 3
-1 0 0 0 -3827 -9239 3
-1 0 1 0 4714 -8819 3
-1 0 0 0 -2672 9636 3
-1 0 1 0 2903 9569 3
-1 0 0 0 -3827 9239 3
-1 0 1 0 -4714 -8819 3
-1 0 0 0 -4714 -8819 3
-1 0 1 0 -980 -9952 3
-1 0 0 0 9239 -3827 3
-1 0 1 0 -980 -9952 3
-1 0 1 0 -2903 -9569 3
-1 0 0 0 -3827 -9239 3
-1 0 1 0 980 -9952 3
-1 0 0 0 -3827 -9239 3
-1 0 0 0 -3827 -9239 3
-1 0 1 0 980 -9952 3
-1 0 0 1 5036 -8640 3
-1 0 1 0 980 -9952 3
-1 0 0 1 8036 -5952 3
-1 0 1 0 -1132 -9936 3
-1 0 0 0 0 -10000 3
-1 0 1 0 -785 -9969 3
-1 0 0 0 0 -10000 3
-1 0 1 0 -436 -9990 3
-1 0 0 0 0 -10000 3
-1 0 1 0 0 -10000 3
-1 0 0 0 0 -10000 3
-1 0 1 0 7730 -6344 3
-1 0 0 0 7730 -6344 3
-1 0 1 0 980 -9952 3
0 0 1 0 980 -9952 3
1 0 1 0 980 -9952 3
-1 0 0 0 -3305 -9438 3
-1 0 1 0 87 10000 3
-1 0 0 0 -3305 -9438 3
-1 0 0 0 -3305 -9438 3
-1 0 1 0 -9367 -3502 3
-1 0 0 0 -9367 -3502 3
-1 0 0 0 9239 -3827 3
-1 1 1 0 -9537 -3007 3
-1 1 1 0 -9537 -3007 3
-1 0 1 0 -9537 -3007 3
-1 0 0 0 -9537 -3007 3
-1 0 0 1 9239 -3827 3
-1 0 1 0 -2903 9569 3
-1 0 0 1 9596 -2815 3
-1 0 0 1 9596 -2815 3
-1 0 1 0 10000 0 3
-1 0 0 0 1564 9877 3
-1 0 1 0 3256 9455 3
-1 0 0 0 10000 0 3
-1 0 0 0 10000 0 3
-1 0 1 0 980 9952 3
-1 0 0 0 576 9983 3
-1 0 1 0 4714 8819 3
-1 0 0 0 -7071 -7071 3
-1 0 0 0 767 9971 3
-1 0 0 0 767 9971 3
-1 0 0 0 732 9973 3
-1 0 0 0 732 9973 3
-1 0 1 0 7705 -6374 3
-1 0 0 0 7705 -6374 3
-1 0 1 0 -9239 3827 3
-1 0 1 0 -9239 3827 3
-1 0 0 0 -9239 3827 3
-1 0 1 0 -2903 9569 3
-1 0 0 0 -2903 9569 3
-1 0 1 0 9952 980 3
-1 0 0 0 8028 -5962 3
-1 0 0 0 8028 -5962 3
-1 0 0 0 8028 -5962 3
-1 0 1 0 -3584 -9336 3
-1 0 0 0 -3827 -9239 3
-1 0 1 0 -2924 -9563 3
-1 0 0 0 -3827 -9239 3
-1 0 1 0 -1994 -9799 3
-1 0 0 0 -2317 -9728 3
-1 0 1 0 -1650 -9863 3
-1 0 1 0 -2164 -9763 3
-1 0 1 0 -1080 -9942 3
-1 0 0 0 -1080 -9942 3
-1 0 1 0 -2903 -9569 3
-1 0 1 1 -9819 1895 3
-1 0 0 0 -7071 7071 3
-1 0 1 0 87 10000 3
-1 0 1 0 87 10000 3
-1 0 0 0 87 10000 3
-1 0 0 0 -7071 7071 3
-1 0 1 0 0 10000 3
-1 0 0 0 0 10000 3
-1 0 0 0 0 10000 3
-1 0 1 0 3827 -9239 3
-1 0 1 0 3827 -9239 3
-1 0 0 0 3827 -9239 3
-1 0 1 0 -980 9952 3
-1 0 1 0 -2706 9627 3
-1 0 0 0 -2706 9627 3
-1 0 0 0 -2706 9627 3
-1 0 1 0 610 9981 3
-1 0 1 0 958 9954 3
-1 0 0 0 958 9954 3
0 0 0 0 958 9954 3
-1 0 1 0 980 -9952 3
1 1 1 0 980 -9952 3
-1 0 1 0 3827 -9239 3
0 0 1 0 3827 -9239 3
0 0 1 0 3827 -9239 3
0 0 1 0 3827 -9239 3
0 0 1 0 3827 -9239 3
0 0 1 0 3827 -9239 3
1 0 1 0 3827 -9239 3
1 0 0 0 3827 -9239 3
1 0 1 0 6691 -7431 3
1 0 1 0 6691 -7431 3
0 0 1 0 5850 -8111 3
1 0 1 1 -9964 843 3
-1 0 0 0 5850 -8111 3
-1 0 1 0 -6344 7730 3
0 0 0 0 -6344 7730 3
0 0 1 0 -8819 4714 3
1 0 1 0 -8377 5461 3
0 0 1 0 -8377 5461 3
1 0 1 0 -8377 5461 3
-1 0 1 0 -8377 5461 3
-1 0 1 0 -8377 5461 3
-1 0 1 0 -8377 5461 3
-1 0 1 0 -8377 5461 3
-1 0 1 0 -8377 5461 3
-1 0 1 0 -8377 5461 3
-1 0 1 0 -8377 5461 3
-1 0 1 0 -8377 5461 3
0 0 1 0 -8377 5461 3
-1 0 1 0 -8377 5461 3
-1 0 1 0 -8377 5461 3
-1 0 1 0 -8377 5461 3
-1 0 1 0 -8377 5461 3
-1 0 1 0 -8377 5461 3
0 0 1 0 -8377 5461 3
-1 0 1 0 -8377 5461 3
-1 0 1 0 -8377 5461 3
-1 0 0 0 -8377 5461 3
-1 0 1 0 -1357 9907 3
-1 0 1 0 -1357 9907 3
-1 0 1 0 -1357 9907 3
-1 0 1 0 -1357 9907 3
-1 0 1 0 -698 9976 3
-1 0 1 0 -698 9976 3
-1 0 1 0 -698 9976 3
1 0 1 0 -698 9976 3
0 0 1 0 -698 9976 3
-1 0 0 0 -698 9976 3
-1 0 1 0 4714 8819 3
-1 0 1 0 4714 8819 3
-1 0 0 1 9850 -1723 3
-1 0 0 1 9850 -1723 3
0 0 1 0 7730 6344 3
-1 0 0 0 3827 9239 3
-1 0 1 0 6344 7730 3
-1 0 0 0 7071 7071 3
-1 0 0 0 7071 7071 3
-1 0 0 0 7071 7071 3
-1 0 0 0 7071 7071 3
-1 0 1 0 -9569 -2903 3
-1 0 1 0 3827 -9239 3
-1 0 0 0 -9999 -140 3
-1 0 0 0 -9999 -140 3
-1 0 1 0 -8039 -5948 3
-1 0 0 0 -9239 -3827 3
-1 0 1 0 -7490 -6626 3
-1 0 0 0 -9239 -3827 3
-1 0 0 0 -9239 -3827 3
-1 0 0 0 -7278 -6858 3
-1 0 1 0 -8819 -4714 3
-1 0 1 0 -8819 -4714 3
-1 0 1 0 9239 -3827 3
-1 0 0 0 9239 -3827 3
-1 0 0 0 9239 -3827 3
-1 0 1 0 -8090 -5878 3
-1 0 1 0 -8090 -5878 3
-1 0 1 0 -8090 -5878 3
-1 0 1 0 -8090 -5878 3
-1 0 0 0 -7071 -7071 3
-1 0 1 0 -6344 -7730 3
-1 0 1 0 -6344 -7730 3
-1 0 1 0 -9239 -3827 3
-1 0 1 0 -9239 -3827 3
-1 0 1 0 -9239 -3827 3
-1 0 1 1 2738 9618 3
-1 0 1 0 -9239 -3827 3
-1 0 1 0 -5270 -8499 3
-1 0 1 0 -5270 -8499 3
-1 0 0 0 -6129 -7902 3
-1 0 1 0 980 -9952 3
-1 0 1 0 980 -9952 3
-1 0 0 0 -2396 -9709 3
-1 0 0 0 -2396 -9709 3
-1 0 0 0 10000 0 3
-1 0 1 0 3173 -9483 3
-1 0 0 0 -2396 -9709 3
-1 0 0 0 -2396 -9709 3
-1 0 0 0 -2396 -9709 3
-1 0 0 0 3665 -9304 3
-1 0 1 0 980 -9952 3
-1 0 1 0 980 -9952 3
-1 0 1 0 1045 -9945 3
-1 0 0 0 1045 -9945 3
-1 0 1 0 4067 -9135 3
-1 0 0 0 5299 -8480 3
-1 0 1 0 4695 -8829 3
-1 0 1 0 4695 -8829 3
-1 0 1 0 5077 -8615 3
-1 0 0 0 5521 -8338 3
-1 0 1 0 6947 -7193 3
-1 0 0 0 6691 -7431 3
-1 0 0 0 6691 -7431 3
-1 0 1 0 8152 -5792 3
-1 0 1 1 2903 9569 3
-1 0 0 0 -3827 -9239 3
0 0 0 0 -3827 -9239 3
-1 0 1 0 -8819 4714 3
-1 0 1 0 -8819 4714 3
-1 0 1 0 -3519 9360 3
-1 0 1 0 -3519 9360 3
-1 0 1 0 -3519 9360 3
-1 0 1 0 -7071 7071 3
-1 0 0 0 -5611 8278 3
-1 1 1 0 -1219 9925 3
-1 0 0 0 -2419 9703 3
-1 0 0 0 -2419 9703 3
-1 0 0 0 -2419 9703 3
-1 0 0 0 -9239 3827 3
-1 0 1 0 -7730 6344 3
-1 0 1 0 -7730 6344 3
-1 0 0 0 -7730 6344 3
-1 0 1 0 -698 9976 3
-1 0 0 0 -459 9989 3
-1 0 0 0 -459 9989 3
-1 0 0 0 -459 9989 3
-1 0 1 0 3311 -9436 3
-1 0 0 0 2840 -9588 3
-1 0 1 0 3665 -9304 3
-1 0 0 0 3827 -9239 3
-1 0 0 1 -8124 -5831 3
-1 0 1 0 4305 -9026 3
-1 0 1 0 4305 -9026 3
0 0 1 0 -8199 -5726 3
-1 0 1 0 -8199 -5726 3
0 0 0 0 913 -9958 3
-1 0 1 0 7314 -6820 3
-1 0 1 0 7314 -6820 3
-1 0 0 0 7071 -7071 3
-1 0 1 0 8387 -5446 3
-1 0 0 0 8339 -5519 3
-1 0 1 0 -8819 4714 3
0 0 1 0 -8819 4714 3
-1 0 0 0 8278 -5611 3
-1 0 0 0 8278 -5611 3
-1 0 1 0 -5633 8262 3
-1 0 1 0 -5664 8241 3
-1 0 0 0 -5502 8350 3
-1 0 1 0 -5743 8187 3
-1 0 1 0 -4714 8819 3
-1 0 1 0 -4714 8819 3
-1 0 1 0 3827 -9239 3
-1 0 1 0 3827 9239 3
-1 0 1 0 3827 9239 3
-1 0 0 0 -4772 8788 3
-1 0 0 0 -4772 8788 3
-1 0 1 1 7071 -7071 3
-1 0 0 1 8028 -5962 3
-1 0 0 1 8028 -5962 3
-1 0 1 0 -93 10000 3
-1 0 1 0 -65 10000 3
-1 0 1 0 -65 10000 3
-1 0 0 0 -65 10000 3
-1 0 0 0 -65 10000 3
-1 0 0 0 -65 10000 3
-1 0 1 0 2855 9584 3
-1 0 1 0 2903 9569 3
-1 0 0 0 -65 10000 3
-1 0 0 0 -65 10000 3
-1 0 0 0 -65 10000 3
-1 0 1 0 9239 3827 3
-1 0 0 0 9239 3827 3
-1 0 0 0 9239 3827 3
-1 0 0 0 2399 9708 3
-1 0 0 0 2399 9708 3
-1 0 1 0 3827 -9239 3
-1 0 0 0 3827 -9239 3
-1 0 1 0 4772 8788 3
-1 0 0 0 4772 8788 3
-1 0 0 0 4772 8788 3
-1 0 1 0 4305 -9026 3
-1 0 0 0 3827 -9239 3
-1 0 1 0 -8930 -4501 3
-1 0 0 0 523 -9986 3
-1 0 1 0 -7193 -6947 3
-1 0 0 0 -7071 -7071 3
-1 0 1 0 -6344 -7730 3
-1 0 0 0 -7431 -6691 3
-1 0 1 0 -6088 -7934 3
-1 0 0 0 -7431 -6691 3
-1 0 1 0 -9571 -2898 3
-1 0 1 0 -9569 -2903 3
-1 0 1 0 -8821 -4710 3
-1 0 1 0 -6293 -7771 3
-1 0 0 0 -4540 -8910 3
-1 0 0 0 -4540 -8910 3
-1 0 0 0 -4540 -8910 3
-1 0 0 0 0 -10000 3
-1 0 1 0 2399 9708 3
-1 0 1 0 0 10000 3
-1 0 0 0 0 10000 3
-1 0 0 0 0 10000 3
-1 0 1 0 -7071 7071 3
-1 0 1 0 -7071 7071 3
-1 0 0 0 -7071 -7071 3
1 0 1 0 4714 8819 3
-1 0 0 1 439 9990 3
0 0 1 0 5377 8431 3
1 0 1 0 3827 9239 3
1 0 1 0 3827 9239 3
0 0 1 0 3827 9239 3
1 0 1 0 3827 9239 3
1 0 1 0 3827 9239 3
1 0 1 0 3827 9239 3
1 0 0 0 3827 9239 3
0 0 1 0 9953 963 3
1 0 1 0 9952 980 3
1 0 1 0 9952 980 3
1 0 1 0 9952 980 3
1 0 1 0 9997 -255 3
1 0 1 0 9997 -255 3
1 0 0 0 10000 0 3
1 0 1 0 8819 -4714 3
1 0 1 0 8746 -4848 3
1 0 1 0 8526 -5225 3
1 0 1 0 8660 -5000 3
1 0 0 0 8281 -5606 3
1 0 1 0 6344 -7730 3
1 0 0 0 8281 -5606 3
1 0 1 0 5278 -8494 3
1 0 1 0 5299 -8480 3
1 0 0 0 6227 -7825 3
1 0 1 0 5900 -8074 3
1 0 1 0 5885 -8085 3
1 0 1 0 5900 -8074 3
1 0 1 1 9783 2073 3
1 0 1 0 5562 -8311 3
1 0 1 0 5562 -8311 3
1 0 0 0 5562 -8311 3
1 0 0 0 5562 -8311 3
1 0 0 0 5562 -8311 3
1 1 1 0 5562 -8311 3
1 0 0 0 5562 -8311 3
1 0 1 0 2903 9569 3
1 0 1 0 2903 9569 3
1 0 0 0 -980 -9952 3
1 0 1 0 924 9957 3
1 0 1 0 980 9952 3
1 0 0 0 -980 -9952 3
1 0 0 0 -980 -9952 3
1 0 0 0 -980 -9952 3
1 0 0 0 -980 -9952 3
1 0 0 0 0 -1000 3
1 1 1 0 -3648 -9311 3
1 0 0 0 2903 -9569 3
1 0 1 0 -4714 -8819 3
1 0 0 0 -773 -634 3
1 0 1 0 -4462 -8949 3
1 0 0 0 -773 -634 3
1 0 1 0 -6344 -7730 3
1 0 0 0 -407 -914 3
1 0 1 0 -6344 -7730 3
1 0 0 0 -466 -885 3
1 0 0 0 -466 -885 3
1 0 0 0 -466 -885 3
1 0 0 0 -466 -885 3
1 0 1 0 5827 8127 3
1 0 1 0 3411 9400 3
1 0 1 0 3411 9400 3
-1 0 1 1 -3827 -9239 3
1 0 1 1 -8078 -5894 3
1 0 0 0 0 -1000 3
1 0 1 0 -5521 8338 3
1 0 0 0 0 -1000 3
1 0 0 0 0 -1000 3
1 0 0 0 0 -1000 3
1 0 0 0 0 -1000 3
1 0 0 0 0 -1000 3
1 0 0 0 0 -1000 3
1 0 1 0 -6344 7730 3
1 0 0 0 0 -1000 3
1 0 1 0 -980 9952 3
1 0 0 0 -995 98 3
1 0 1 0 4147 -9100 3
1 0 0 0 383 -924 3
1 0 1 0 6349 -7726 3
1 0 1 0 6344 -7730 3
1 0 0 0 471 882 3
1 0 0 0 471 882 3
1 0 1 0 6345 -7730 3
1 0 1 0 6344 -7730 3
1 0 1 0 6340 -7734 3
1 0 1 0 6344 -7730 3
1 0 1 0 7730 -6344 3
1 1 0 0 9099 4147 3
1 0 0 1 -7071 7071 3
1 0 0 1 -7975 6033 3
1 0 0 1 -8063 5916 3
1 0 1 0 2883 9575 3
1 0 1 0 2836 9590 3
1 0 1 0 2903 9569 3
1 0 0 0 -995 -98 3
1 0 0 0 -995 -98 3
1 0 0 0 -995 -98 3
1 0 0 0 -995 -98 3
1 0 1 0 6766 7363 3
1 0 1 0 6872 7265 3
1 0 1 0 6872 7265 3
1 0 1 0 4714 8819 3
1 0 0 0 383 924 3
1 0 1 0 535 9986 3
1 0 0 0 -882 471 3
1 0 0 0 -882 471 3
-1 1 1 0 -6727 7399 3
-1 0 0 0 -6674 7447 3
1 0 1 0 349 9994 3
1 0 0 0 -882 471 3
1 0 0 0 -882 471 3
1 0 0 0 -882 471 3
-1 0 0 0 -8819 4714 3
-1 0 1 0 -2859 -9583 3
-1 1 1 1 9040 4275 3
-1 0 1 0 -2859 -9583 3
-1 0 1 0 -2859 -9583 3
-1 0 1 0 -2859 -9583 3
1 0 1 0 4714 8819 3
1 0 0 0 4714 8819 3
-1 0 1 0 -8166 -5772 3
0 0 0 0 -8166 -5772 3
1 0 1 0 -9100 -4147 3
1 0 0 0 4714 8819 3
1 0 1 0 2903 9569 3
1 1 1 0 3827 9239 3
1 1 0 0 773 634 3
1 0 1 0 -1104 9939 3
-1 0 0 0 -1200 9928 3
1 0 0 0 773 634 3
0 0 1 0 -2224 9750 3
-1 0 1 0 -2250 9744 3
0 0 1 0 -2334 9724 3
-1 0 1 0 -2250 9744 3
-1 0 1 0 -2250 9744 3
-1 0 1 0 -2250 9744 3
-1 0 1 0 -2250 9744 3
-1 0 1 0 -2250 9744 3
-1 0 0 0 -2250 9744 3
1 0 1 0 -969 9953 3
1 0 1 0 -969 9953 3
1 0 1 0 -969 9953 3
1 0 1 0 -969 9953 3
1 0 1 0 -980 9952 3
1 0 0 0 859 -511 3
1 0 1 0 9063 -4226 3
1 0 1 0 9063 -4226 3
1 0 0 0 817 -577 3
1 0 1 0 7809 -6247 3
1 0 0 0 785 -619 3
1 0 1 0 6278 -7784 3
1 0 1 1 -9808 -1951 3
1 0 0 0 785 -619 3
1 0 1 0 3665 -9304 3
1 0 0 0 -981 195 3
1 0 0 0 -981 195 3
1 0 0 0 -981 195 3
1 0 0 0 -981 195 3
1 0 0 0 -981 195 3
1 0 0 0 -981 195 3
1 0 1 0 6332 -7740 3
1 0 1 0 6332 -7740 3
1 0 1 0 6332 -7740 3
1 0 1 0 6332 -7740 3
1 0 1 0 6337 -7736 3
1 0 0 0 634 -773 3
1 0 0 0 634 -773 3
1 0 0 0 634 -773 3
1 0 0 0 634 -773 3
1 0 0 0 634 -773 3
1 0 0 0 634 -773 3
1 0 1 0 4602 -8878 3
1 0 1 0 4602 -8878 3
1 0 1 0 4602 -8878 3
1 0 1 0 4602 -8878 3
1 0 1 0 556 -831 3
1 0 0 0 556 -831 3
1 0 0 0 556 -831 3
1 0 0 0 556 -831 3
1 0 0 0 556 -831 3
1 0 0 1 -8819 4714 3
1 0 0 1 -8819 4714 3
1 0 0 1 -9719 2355 3
1 0 0 1 -9719 2355 3
1 0 0 1 -9719 2355 3
1 0 0 1 -8819 4714 3
1 0 0 0 290 -957 3
1 0 0 0 -9833 1822 3
1 0 1 0 3867 -9222 3
1 0 1 0 3867 -9222 3
1 0 1 0 1985 -9801 3
1 0 0 0 195 -981 3
1 0 0 0 195 -981 3
1 0 0 0 195 -981 3
1 0 0 0 195 -981 3
1 0 0 0 195 -981 3
1 0 0 0 195 -981 3
1 0 0 0 195 -981 3
1 0 1 0 951 -9955 3
1 0 1 0 951 -9955 3
1 0 0 0 98 -995 3
1 0 0 0 98 -995 3
1 0 0 0 98 -995 3
1 0 0 0 98 -995 3
1 1 1 0 -980 -9952 3
1 0 1 1 -7071 7071 3
1 0 1 1 -7071 7071 3
1 0 0 1 -7883 6153 3
1 0 1 0 2836 9590 3
1 0 1 0 2836 9590 3
1 0 1 0 2883 9575 3
1 0 0 0 -1153 -9933 3
1 0 0 0 -1153 -9933 3
1 0 0 0 -1153 -9933 3
1 0 0 0 -1153 -9933 3
1 0 0 0 -1153 -9933 3
1 0 0 0 -1153 -9933 3
1 0 1 0 -2893 -9572 3
1 0 1 0 -2893 -9572 3
1 0 0 0 -471 -882 3
1 0 0 0 -471 -882 3
1 0 0 0 -471 -882 3
1 0 0 0 -471 -882 3
1 0 0 0 -471 -882 3
1 0 0 0 -471 -882 3
1 0 1 0 2828 9592 3
1 0 1 0 2828 9592 3
1 0 0 0 1000 0 3
1 0 0 0 1000 0 3
1 0 0 0 1000 0 3
1 0 0 0 1000 0 3
1 0 0 0 1000 0 3
1 0 1 0 1000 0 3
1 0 0 0 1000 0 3
1 0 1 0 9888 1495 3
1 0 0 1 9928 1202 3
1 0 0 1 9928 1202 3
1 0 1 0 -262 9997 3
1 0 0 0 773 -634 3
1 0 1 0 -4388 8986 3
1 0 0 0 -4067 9135 3
1 0 0 0 -4067 9135 3
1 0 1 0 2863 9581 3
1 0 1 0 2863 9581 3
1 0 1 0 2863 9581 3
1 0 1 0 2863 9581 3
1 0 1 0 2861 9582 3
1 0 1 0 2861 9582 3
1 0 0 0 556 831 3
1 0 0 0 556 831 3
1 0 0 0 556 831 3
1 0 0 0 556 831 3
1 0 0 0 4673 8841 3
1 0 1 0 2851 9585 3
1 0 1 0 2851 9585 3
1 0 1 0 2851 9585 3
1 0 1 0 2857 9583 3
1 0 1 0 2857 9583 3
1 0 1 0 2857 9583 3
1 0 1 0 2857 9583 3
1 0 0 1 9881 -1540 3
1 0 1 0 972 9953 3
1 0 1 0 972 9953 3
1 0 1 0 980 9952 3
1 0 0 0 290 957 3
1 0 1 0 980 9952 3
1 0 1 0 -980 9952 3
1 0 1 0 -980 9952 3
1 0 0 0 0 1000 3
1 0 1 0 -4926 8703 3
1 0 0 0 0 1000 3
1 0 1 0 -2888 9574 3
1 0 1 0 -2888 9574 3
1 0 0 0 -195 981 3
1 0 1 0 4540 -8910 3
1 0 0 0 -195 981 3
1 0 0 0 -195 981 3
1 0 1 0 2974 -9548 3
1 0 1 0 2974 -9548 3
-1 0 1 0 383 -924 3
-1 0 1 0 383 -924 3
1 1 1 0 383 -924 3
0 0 1 0 383 -924 3
-1 0 1 0 383 -924 3
0 0 1 0 383 -924 3
0 0 1 0 383 -924 3
0 0 1 0 383 -924 3
-1 0 1 0 383 -924 3
-1 0 1 0 383 -924 3
-1 0 1 0 383 -924 3
-1 0 1 0 383 -924 3
-1 0 1 1 9392 3433 3
0 0 1 0 383 -924 3
-1 0 1 0 383 -924 3
-1 0 1 0 383 -924 3
-1 0 0 0 383 -924 3
0 0 1 0 9954 -958 3
1 0 0 0 995 -96 3
1 0 0 0 995 -96 3
0 0 0 0 995 -96 3
0 0 1 0 9848 1736 3
1 0 0 0 9781 2079 3
1 0 0 0 9781 2079 3
0 0 1 0 7730 6344 3
1 0 0 0 8241 5664 3
0 0 1 0 7771 6293 3
1 0 1 0 882 471 3
1 0 0 0 882 471 3
1 0 1 0 4462 8949 3
1 0 0 0 4305 9026 3
1 0 0 0 4305 9026 3
1 0 1 0 4728 8812 3
1 0 1 0 4728 8812 3
1 0 1 0 4728 8812 3
1 0 1 0 4728 8812 3
1 1 1 0 882 471 3
1 1 1 0 882 471 3
1 1 1 0 882 471 3
1 1 1 0 882 471 3
1 1 1 0 882 471 3
1 1 1 0 882 471 3
1 0 1 1 -3280 -9447 3
1 0 1 1 -5499 -8352 3
1 0 0 0 -5499 -8352 3
1 0 0 0 -5499 -8352 3
1 0 0 0 926 -379 3
1 0 0 0 926 -379 3
1 0 0 0 926 -379 3
1 0 1 0 3917 -9201 3
1 0 0 0 -924 383 3
1 0 0 0 -924 383 3
1 0 0 0 -924 383 3
1 0 0 0 -924 383 3
1 0 1 0 4714 -8819 3
1 0 1 0 4714 -8819 3
1 0 0 0 4714 -8819 3
1 0 0 0 707 -707 3
1 0 0 0 707 -707 3
1 0 0 0 707 -707 3
0 0 0 0 -9569 2903 3
1 0 1 0 8819 4714 3
1 0 1 0 8819 4714 3
1 0 0 0 -290 957 3
-1 0 1 0 -2903 9569 3
0 0 1 0 -2968 9549 3
0 0 0 0 -2968 9549 3
-1 0 1 0 -9613 2756 3
0 0 1 0 -9613 2756 3
1 0 1 0 -9613 2756 3
-1 0 1 0 -957 290 3
-1 0 1 0 -957 290 3
-1 0 1 0 -957 290 3
-1 0 1 0 -957 290 3
-1 0 1 0 -957 290 3
0 0 1 0 -957 290 3
-1 0 1 0 -957 290 3
-1 0 1 0 -957 290 3
-1 0 1 1 597 -9982 3
-1 0 0 0 597 -9982 3
-1 0 1 0 -4734 -8808 3
-1 0 0 0 -4734 -8808 3
-1 0 1 0 831 -556 3
-1 0 0 0 831 -556 3
-1 0 1 0 634 773 3
1 0 1 0 634 773 3
-1 0 1 0 634 773 3
1 0 1 0 634 773 3
1 0 1 0 634 773 3
1 0 1 0 634 773 3
0 0 1 0 634 773 3
1 0 1 0 634 773 3
1 0 1 0 634 773 3
1 0 1 0 634 773 3
0 0 1 0 634 773 3
1 0 1 0 634 773 3
1 0 1 0 634 773 3
1 0 1 0 634 773 3
1 0 1 0 634 773 3
1 0 1 0 634 773 3
1 0 1 0 634 773 3
1 0 1 0 634 773 3
1 0 1 0 634 773 3
1 0 0 0 634 773 3
1 0 1 0 -195 981 3
1 0 0 0 -195 981 3
1 0 1 0 957 290 3
1 0 1 0 957 290 3
1 0 0 0 957 290 3
0 0 1 0 -271 962 3
0 0 1 0 -271 962 3
-1 0 0 0 -271 962 3
-1 0 1 0 -773 634 3
-1 0 0 0 -773 634 3
-1 0 1 0 -882 -471 3
-1 0 1 1 924 -383 3
-1 0 0 0 924 -383 3
-1 0 1 0 -556 -831 3
-1 0 0 0 -556 -831 3
-1 0 1 0 -595 -804 3
-1 1 0 0 -595 -804 3
-1 0 1 0 290 -957 3
-1 0 0 0 290 -957 3
-1 0 1 0 -126 992 3
-1 0 0 0 -126 992 3
-1 0 1 0 -383 924 3
-1 0 0 0 -383 924 3
-1 0 1 0 -195 981 3
-1 0 1 0 -195 981 3
0 0 0 0 -195 981 3
-1 0 1 0 195 981 3
-1 0 0 0 195 981 3
-1 0 0 0 195 981 3
-1 0 1 0 165 986 3
-1 0 1 0 165 986 3
-1 0 0 0 165 986 3
-1 0 1 0 707 707 3
-1 0 0 0 707 707 3
0 0 1 0 995 98 3
1 0 1 0 995 98 3
1 0 1 0 995 98 3
1 0 1 0 995 98 3
1 0 1 1 707 -707 3
1 0 1 0 707 -707 3
1 0 1 0 707 -707 3
1 0 1 0 707 -707 3
1 0 1 0 707 -707 3
1 0 1 0 707 -707 3
0 1 1 0 707 -707 3
-1 0 1 0 707 -707 3
