-1 0 1 0 -234 -972 -1
1 0 1 0 -234 -972 -1
0 0 1 0 -234 -972 -1
0 0 1 0 -234 -972 -1
0 0 1 0 -234 -972 -1
0 0 1 0 -234 -972 -1
-1 0 0 0 -98 -995 -1
-1 0 1 0 924 -381 -1
-1 0 1 0 924 -381 -1
-1 0 1 0 924 -381 -1
0 0 1 0 924 -381 -1
0 0 1 0 924 -381 -1
1 0 1 0 924 -381 -1
0 0 1 0 924 -381 -1
0 0 1 0 924 -381 -1
1 0 1 0 924 -381 -1
0 0 1 0 924 -381 -1
-1 0 1 0 924 -381 -1
1 0 1 0 924 -381 -1
1 0 0 0 924 -383 -1
1 0 1 0 752 659 -1
1 0 1 0 752 659 -1
1 0 1 0 752 659 -1
1 0 0 0 752 659 -1
1 0 0 0 773 634 -1
1 0 1 0 707 707 -1
1 0 1 0 707 707 -1
1 0 1 0 707 707 -1
1 0 1 0 -981 -195 -1
1 0 0 0 -981 -195 -1
1 0 1 0 383 924 -1
1 0 1 0 383 924 -1
1 0 0 0 383 924 -1
1 0 1 0 -981 195 -1
1 0 1 0 -981 195 -1
1 0 1 0 -981 195 -1
1 0 0 0 -981 195 -1
1 0 0 0 -981 195 -1
1 0 1 0 786 -618 -1
1 0 1 0 786 -618 -1
1 0 1 0 786 -618 -1
1 0 1 0 786 -618 -1
1 0 1 0 786 -618 -1
1 0 0 0 773 -634 -1
1 0 1 0 779 -627 -1
1 0 1 0 779 -627 -1
1 0 1 0 779 -627 -1
1 0 1 0 779 -627 -1
1 0 1 0 779 -627 -1
1 0 0 0 773 -634 -1
1 0 1 0 787 -616 -1
1 0 1 0 787 -616 -1
1 0 1 0 787 -616 -1
1 0 1 0 787 -616 -1
1 0 1 0 787 -616 -1
1 0 1 0 787 -616 -1
1 0 1 0 787 -616 -1
1 0 0 0 773 -634 -1
1 0 1 0 580 -815 -1
1 0 1 0 580 -815 -1
1 0 1 0 580 -815 -1
1 0 1 0 580 -815 -1
1 0 1 0 580 -815 -1
1 0 1 0 580 -815 -1
1 1 0 0 634 -773 -1
1 0 0 0 634 -773 -1
1 0 0 0 634 -773 -1
1 0 1 0 139 990 -1
1 0 0 0 139 990 -1
1 1 1 0 122 993 -1
1 0 0 0 122 993 -1
1 0 1 0 118 993 -1
1 0 0 0 118 993 -1
1 0 1 0 92 996 -1
1 0 0 0 92 996 -1
1 0 1 0 383 924 -1
1 0 1 0 383 924 -1
1 0 1 0 383 924 -1
1 0 0 0 383 924 -1
1 0 1 0 924 -383 -1
1 0 1 0 924 -383 -1
1 0 0 0 924 -383 -1
1 0 1 0 -290 -957 -1
1 0 1 0 -290 -957 -1
1 0 0 0 -290 -957 -1
1 0 1 0 957 -290 -1
1 0 1 0 957 -290 -1
1 0 1 0 957 -290 -1
1 0 1 0 957 -290 -1
1 0 1 0 957 -290 -1
1 0 1 0 957 -290 -1
1 0 1 0 957 -290 -1
1 0 1 0 957 -290 -1
1 0 0 0 957 -290 -1
1 0 1 0 773 -634 -1
1 0 1 0 773 -634 -1
1 0 1 0 773 -634 -1
1 0 1 0 773 -634 -1
1 0 1 0 773 -634 -1
1 0 1 0 773 -634 -1
1 0 1 0 773 -634 -1
1 0 0 0 773 -634 -1
1 0 1 0 634 -773 -1
1 0 0 0 634 -773 -1
1 0 1 0 882 471 -1
1 0 0 0 882 471 -1
1 0 1 0 957 -290 -1
1 0 1 0 957 -290 -1
1 0 1 0 957 -290 -1
1 0 1 0 957 -290 -1
1 0 1 0 957 -290 -1
1 0 1 0 957 -290 -1
1 0 1 0 957 -290 -1
1 0 1 0 957 -290 -1
1 0 1 0 957 -290 -1
1 0 1 0 957 -290 -1
1 0 1 0 957 -290 -1
1 0 1 0 957 -290 -1
1 0 1 0 957 -290 -1
1 0 1 0 957 -290 -1
1 0 1 0 957 -290 -1
1 0 1 0 957 -290 -1
1 0 0 0 957 -290 -1
1 0 1 0 195 981 -1
1 1 0 0 195 981 -1
1 0 1 0 126 992 -1
1 0 0 0 126 992 -1
1 0 1 0 195 981 -1
1 0 1 0 195 981 -1
1 0 1 0 195 981 -1
1 0 0 0 195 981 -1
1 0 1 0 831 556 -1
1 0 1 0 831 556 -1
1 0 0 0 831 556 -1
1 0 1 0 195 981 -1
1 0 1 0 195 981 -1
1 0 1 0 195 981 -1
1 0 0 0 195 981 -1
1 0 1 0 195 981 -1
1 0 1 0 195 981 -1
1 0 1 0 195 981 -1
1 0 0 0 195 981 -1
1 0 0 0 195 981 -1
1 1 1 0 290 957 -1
1 0 1 0 290 957 -1
1 0 1 0 290 957 -1
1 0 0 0 290 957 -1
1 0 0 0 290 957 -1
1 0 1 0 -290 957 -1
1 0 1 0 -290 957 -1
1 0 1 0 -290 957 -1
1 0 1 0 -290 957 -1
1 0 1 0 -290 957 -1
1 0 1 0 -290 957 -1
1 0 0 0 -290 957 -1
1 0 1 0 995 98 -1
1 0 1 0 995 98 -1
1 0 1 0 995 98 -1
1 0 0 0 995 98 -1
1 0 1 0 -773 634 -1
1 0 1 0 -773 634 -1
1 0 1 0 -773 634 -1
1 0 0 0 -773 634 -1
1 0 1 0 195 -981 -1
1 0 1 0 195 -981 -1
1 0 1 0 195 -981 -1
1 0 0 0 195 -981 -1
1 0 1 0 471 882 -1
1 0 0 0 471 882 -1
1 0 1 0 882 471 -1
1 0 1 0 882 471 -1
1 0 1 0 882 471 -1
1 0 1 0 882 471 -1
1 0 1 0 882 471 -1
1 0 1 0 882 471 -1
1 0 0 0 882 471 -1
1 0 1 0 195 -981 -1
1 0 1 0 195 -981 -1
1 0 0 0 195 -981 -1
1 0 0 0 195 -981 -1
1 0 1 0 924 -383 -1
1 0 1 0 924 -383 -1
1 0 0 0 924 -383 -1
1 0 1 0 471 -882 -1
1 0 1 0 471 -882 -1
1 0 0 0 471 -882 -1
1 0 1 0 882 -471 -1
1 0 1 0 882 -471 -1
1 0 1 0 882 -471 -1
1 0 0 0 882 -471 -1
1 0 1 0 383 924 -1
1 0 1 0 383 924 -1
1 0 1 0 383 924 -1
1 0 1 0 383 924 -1
1 0 1 0 383 924 -1
1 0 1 0 383 924 -1
1 0 0 0 383 924 -1
1 0 1 0 -924 383 -1
1 0 1 0 -924 383 -1
1 0 0 0 -924 383 -1
1 0 1 0 -98 -995 -1
1 0 1 0 -98 -995 -1
1 0 0 0 -98 -995 -1
1 0 1 0 634 -773 -1
1 0 1 0 634 -773 -1
1 0 1 0 634 -773 -1
1 0 1 0 634 -773 -1
1 0 1 0 634 -773 -1
1 0 1 0 634 -773 -1
1 0 1 0 634 -773 -1
1 0 0 0 634 -773 -1
1 0 0 0 634 -773 -1
1 0 0 0 634 -773 -1
1 0 1 0 182 -983 -1
1 0 0 0 182 -983 -1
1 0 1 0 118 -993 -1
1 0 0 0 118 -993 -1
1 0 0 0 118 -993 -1
1 0 1 0 74 -997 -1
1 0 0 0 74 -997 -1
1 0 1 0 -195 -981 -1
1 0 1 0 -195 -981 -1
1 0 0 0 -195 -981 -1
1 1 1 0 100 995 -1
1 0 0 0 100 995 -1
1 0 1 0 290 957 -1
1 0 1 0 290 957 -1
1 0 0 0 290 957 -1
1 0 1 0 290 -957 -1
1 0 0 0 290 -957 -1
1 0 1 0 383 924 -1
1 0 1 0 383 924 -1
1 0 1 0 383 924 -1
1 0 1 0 383 924 -1
1 0 1 0 383 924 -1
1 0 0 0 383 924 -1
1 0 0 0 383 924 -1
1 0 1 0 -98 995 -1
1 0 0 0 -98 995 -1
1 0 1 0 383 -924 -1
1 0 1 0 383 -924 -1
1 0 1 0 383 -924 -1
1 0 1 0 383 -924 -1
1 0 0 0 383 -924 -1
1 0 1 0 831 -556 -1
1 0 1 0 831 -556 -1
1 0 0 0 831 -556 -1
1 0 1 0 924 -383 -1
1 0 0 0 924 -383 -1
1 0 1 0 882 471 -1
1 0 1 0 882 471 -1
1 0 1 0 882 471 -1
1 0 1 0 882 471 -1
1 0 0 0 882 471 -1
1 0 1 0 135 -991 -1
1 0 0 0 135 -991 -1
1 0 1 0 471 -882 -1
1 0 1 0 471 -882 -1
1 0 1 0 471 -882 -1
1 0 1 0 471 -882 -1
1 0 0 0 471 -882 -1
1 0 0 0 471 -882 -1
1 1 1 0 981 195 -1
1 0 1 0 981 195 -1
1 0 0 0 981 195 -1
1 0 1 0 96 995 -1
1 0 0 0 96 995 -1
1 0 0 0 96 995 -1
1 0 1 0 634 773 -1
1 0 1 0 634 773 -1
1 0 1 0 634 773 -1
1 0 1 0 634 773 -1
1 0 1 0 634 773 -1
1 0 0 0 634 773 -1
1 0 1 0 707 -707 -1
1 0 0 0 707 -707 -1
1 0 1 0 556 831 -1
1 0 1 0 556 831 -1
1 0 1 0 556 831 -1
1 0 1 0 556 831 -1
1 0 1 0 556 831 -1
1 0 1 0 556 831 -1
1 0 1 0 556 831 -1
1 0 1 0 556 831 -1
1 0 0 0 556 831 -1
1 0 1 0 471 -882 -1
1 0 0 0 471 -882 -1
1 0 1 0 707 -707 -1
1 0 1 0 707 -707 -1
1 0 1 0 707 -707 -1
1 0 1 0 707 -707 -1
1 0 1 0 707 -707 -1
1 0 1 0 707 -707 -1
1 0 1 0 707 -707 -1
1 0 1 0 707 -707 -1
1 0 0 0 707 -707 -1
1 0 1 0 383 -924 -1
1 0 1 0 383 -924 -1
1 0 1 0 383 -924 -1
1 0 1 0 383 -924 -1
1 0 0 0 383 -924 -1
1 0 1 0 -471 882 -1
1 0 0 0 -471 882 -1
1 0 1 0 195 -981 -1
1 0 0 0 195 -981 -1
