-1 0 1 0 -234 -972 -1
1 0 1 0 -234 -972 -1
0 0 1 0 -234 -972 -1
0 0 1 0 -234 -972 -1
0 0 1 0 -234 -972 -1
0 0 1 0 -234 -972 -1
-1 0 0 0 -98 -995 -1
-1 0 1 0 924 -381 -1
-1 0 1 0 924 -381 -1
-1 0 1 0 924 -381 -1
0 0 1 0 924 -381 -1
0 0 1 0 924 -381 -1
1 0 1 0 924 -381 -1
0 0 1 0 924 -381 -1
0 0 1 0 924 -381 -1
1 0 1 0 924 -381 -1
0 0 1 0 924 -381 -1
-1 0 1 0 924 -381 -1
1 0 1 0 924 -381 -1
1 0 0 0 924 -383 -1
1 0 1 0 752 659 -1
1 0 1 0 752 659 -1
1 0 1 0 752 659 -1
1 0 0 0 752 659 -1
1 0 0 0 773 634 -1
1 0 1 0 707 707 -1
1 0 1 0 707 707 -1
1 0 1 0 707 707 -1
1 0 1 0 -981 -195 -1
1 0 0 0 -981 -195 -1
1 0 1 0 383 924 -1
1 0 1 0 383 924 -1
1 0 0 0 383 924 -1
1 0 1 0 -981 195 -1
1 0 1 0 -981 195 -1
1 0 1 0 -981 195 -1
1 0 0 0 -981 195 -1
1 0 0 0 -981 195 -1
1 0 1 0 786 -618 -1
1 0 1 0 786 -618 -1
1 0 1 0 786 -618 -1
1 0 1 0 786 -618 -1
1 0 1 0 786 -618 -1
1 0 0 0 773 -634 -1
1 0 1 0 779 -627 -1
1 0 1 0 779 -627 -1
1 0 1 0 779 -627 -1
1 0 1 0 779 -627 -1
1 0 1 0 779 -627 -1
1 0 0 0 773 -634 -1
1 0 1 0 787 -616 -1
1 0 1 0 787 -616 -1
1 0 1 0 787 -616 -1
1 0 1 0 787 -616 -1
1 0 1 0 787 -616 -1
1 0 1 0 787 -616 -1
1 0 1 0 787 -616 -1
1 0 0 0 773 -634 -1
1 0 1 0 580 -815 -1
1 0 1 0 580 -815 -1
1 0 1 0 580 -815 -1
1 0 1 0 580 -815 -1
1 0 1 0 580 -815 -1
1 0 1 0 580 -815 -1
1 1 0 0 634 -773 -1
1 0 0 0 634 -773 -1
1 0 0 0 634 -773 -1
1 0 1 0 139 990 -1
1 0 0 0 0 -1 -1
1 0 1 0 1170 9931 -1
1 0 0 0 0 -1 -1
1 1 1 0 1414 9899 -1
1 0 0 0 0 -1 -1
1 0 1 0 1170 9931 -1
1 0 0 0 0 -1 -1
1 0 1 0 243 970 -1
1 0 1 0 0 -1 -1
1 0 0 0 0 -1 -1
1 0 1 0 -904 -428 -1
1 0 1 0 0 -1 -1
1 0 0 0 0 -1 -1
1 0 1 0 337 942 -1
1 0 1 0 0 -1 -1
1 0 1 0 0 -1 -1
1 0 1 0 0 -1 -1
1 0 1 0 0 -1 -1
1 0 1 0 0 -1 -1
1 0 0 0 0 -1 -1
1 0 1 0 -904 428 -1
1 0 1 0 0 -1 -1
1 0 1 0 0 -1 -1
1 0 1 0 0 -1 -1
1 0 0 0 0 -1 -1
1 0 1 0 243 970 -1
1 0 1 0 0 -1 -1
1 0 1 0 0 -1 -1
1 0 0 0 0 -1 -1
1 0 1 0 999 49 -1
1 0 0 0 0 -1 -1
1 0 1 0 803 596 -1
1 0 1 0 0 -1 -1
1 0 1 0 0 -1 -1
1 0 1 0 0 -1 -1
1 0 1 0 0 -1 -1
1 0 0 0 0 -1 -1
1 0 1 0 904 -428 -1
1 0 1 0 0 -1 -1
1 0 1 0 0 -1 -1
1 0 1 0 0 -1 -1
1 0 1 0 0 -1 -1
1 0 0 0 0 -1 -1
1 0 0 0 0 -1 -1
1 0 1 0 803 -596 -1
1 0 1 0 0 -1 -1
1 0 1 0 0 -1 -1
1 0 1 0 0 -1 -1
1 0 1 0 0 -1 -1
1 0 1 0 0 -1 -1
1 0 1 0 0 -1 -1
1 0 1 0 0 -1 -1
1 0 1 0 0 -1 -1
1 0 1 0 0 -1 -1
1 0 1 0 0 -1 -1
1 0 0 0 0 -1 -1
1 1 1 0 49 999 -1
1 0 0 0 0 -1 -1
1 0 1 0 243 970 -1
1 0 1 0 0 -1 -1
1 0 0 0 0 -1 -1
1 0 1 0 514 858 -1
1 0 1 0 0 -1 -1
1 0 1 0 0 -1 -1
1 0 1 0 0 -1 -1
1 0 1 0 0 -1 -1
1 0 0 0 0 -1 -1
1 0 0 0 0 -1 -1
1 0 1 0 -904 428 -1
1 0 1 0 0 -1 -1
1 0 1 0 0 -1 -1
1 0 0 0 0 -1 -1
1 0 1 0 514 858 -1
1 0 1 0 0 -1 -1
1 0 1 0 0 -1 -1
1 0 1 0 0 -1 -1
1 0 1 0 0 -1 -1
1 1 1 0 0 -1 -1
1 0 0 0 0 -1 -1
1 0 1 0 915 9958 -1
1 0 0 0 0 -1 -1
1 0 0 0 0 -1 -1
1 0 1 0 -672 -741 -1
1 0 0 0 0 -1 -1
1 0 1 0 -741 -672 -1
1 0 0 0 0 -1 -1
1 0 1 0 -942 337 -1
1 0 1 0 0 -1 -1
1 0 0 0 0 -1 -1
1 0 1 0 672 -741 -1
1 0 1 0 0 -1 -1
1 0 1 0 0 -1 -1
1 0 1 0 0 -1 -1
1 0 1 0 0 -1 -1
1 0 0 0 0 -1 -1
1 0 1 0 337 -942 -1
1 0 1 0 0 -1 -1
1 0 1 0 0 -1 -1
1 0 1 0 0 -1 -1
1 0 0 0 0 -1 -1
1 0 0 0 0 -1 -1
1 0 1 0 147 -989 -1
1 0 1 0 0 -1 -1
1 0 1 0 0 -1 -1
1 0 0 0 0 -1 -1
1 0 1 0 127 9999 -1
1 0 0 0 0 -1 -1
1 0 1 0 -596 -803 -1
1 0 0 0 0 -1 -1
1 0 1 0 -514 -858 -1
1 0 0 0 0 -1 -1
1 0 1 0 -311 9995 -1
1 0 0 0 0 -1 -1
1 0 1 0 -567 9984 -1
1 0 0 0 0 -1 -1
1 0 1 0 596 -803 -1
1 0 1 0 0 -1 -1
1 0 1 0 0 -1 -1
1 0 0 0 0 -1 -1
1 0 1 0 428 904 -1
1 0 1 0 0 -1 -1
1 0 1 0 0 -1 -1
1 0 1 0 0 -1 -1
1 0 0 0 0 -1 -1
1 0 1 0 6242 7813 -1
1 0 1 0 0 -1 -1
1 0 0 0 0 -1 -1
1 0 1 0 -514 -858 -1
1 0 0 0 0 -1 -1
1 0 1 0 596 -803 -1
1 0 1 0 0 -1 -1
1 0 1 0 0 -1 -1
1 0 1 0 0 -1 -1
1 0 1 0 0 -1 -1
1 0 1 0 0 -1 -1
1 0 1 0 0 -1 -1
1 0 0 0 0 -1 -1
1 0 1 0 -49 -999 -1
1 0 0 0 0 -1 -1
1 0 1 0 428 -904 -1
1 0 1 0 0 -1 -1
1 0 1 0 0 -1 -1
1 0 1 0 0 -1 -1
1 0 1 0 0 -1 -1
1 0 1 0 0 -1 -1
1 0 0 0 0 -1 -1
1 0 1 0 -158 9999 -1
1 0 0 0 0 -1 -1
1 0 1 0 514 -858 -1
1 0 0 0 0 -1 -1
1 0 1 0 337 -942 -1
1 0 1 0 0 -1 -1
1 0 1 0 0 -1 -1
1 0 1 0 0 -1 -1
1 0 1 0 0 -1 -1
1 0 0 0 0 -1 -1
1 0 0 0 0 -1 -1
1 0 1 0 -428 -904 -1
1 0 1 0 0 -1 -1
1 0 1 0 0 -1 -1
1 0 0 0 0 -1 -1
1 0 1 0 989 147 -1
1 0 1 0 0 -1 -1
1 0 1 0 0 -1 -1
1 0 1 0 0 -1 -1
1 0 1 0 0 -1 -1
1 0 1 0 0 -1 -1
1 0 0 0 0 -1 -1
1 0 1 0 -672 -741 -1
1 0 0 0 0 -1 -1
1 0 1 0 147 989 -1
1 0 0 0 0 -1 -1
1 0 1 0 596 -803 -1
1 0 1 0 0 -1 -1
1 0 1 0 0 -1 -1
1 0 1 0 0 -1 -1
1 0 1 0 0 -1 -1
1 0 1 0 0 -1 -1
1 0 0 0 0 -1 -1
1 0 0 0 0 -1 -1
1 0 1 0 514 -858 -1
1 0 1 0 0 -1 -1
1 0 1 0 0 -1 -1
1 0 1 0 0 -1 -1
1 0 1 0 0 -1 -1
1 0 1 0 0 -1 -1
1 0 1 0 0 -1 -1
1 1 1 0 0 -1 -1
1 0 1 0 0 -1 -1
1 0 1 0 0 -1 -1
1 0 1 0 0 -1 -1
1 0 1 0 0 -1 -1
1 0 0 0 0 -1 -1
1 0 0 0 0 -1 -1
1 0 1 0 -989 -147 -1
1 0 0 0 0 -1 -1
1 0 1 0 -904 428 -1
1 0 1 0 0 -1 -1
1 0 0 0 0 -1 -1
1 0 1 0 699 9976 -1
1 0 0 0 0 -1 -1
1 0 0 0 0 -1 -1
1 0 1 0 49 999 -1
1 0 0 0 0 -1 -1
1 0 1 0 596 803 -1
1 0 1 0 0 -1 -1
1 0 1 0 0 -1 -1
1 0 1 0 0 -1 -1
1 0 1 0 0 -1 -1
1 0 0 0 0 -1 -1
1 0 1 0 243 970 -1
1 0 1 0 0 -1 -1
1 0 1 0 0 -1 -1
1 0 0 0 0 -1 -1
1 0 1 0 514 -858 -1
1 0 1 0 0 -1 -1
1 0 0 0 0 -1 -1
1 1 1 0 -904 -428 -1
1 0 0 0 0 -1 -1
1 0 1 0 428 904 -1
1 0 1 0 0 -1 -1
1 0 1 0 0 -1 -1
1 0 1 0 0 -1 -1
1 0 1 0 0 -1 -1
1 0 0 0 0 -1 -1
1 0 0 0 0 -1 -1
1 0 1 0 3512 9363 -1
1 0 1 0 0 -1 -1
1 0 1 0 0 -1 -1
1 0 0 0 0 -1 -1
1 0 1 0 337 942 -1
1 0 1 0 0 -1 -1
1 0 1 0 0 -1 -1
1 0 0 0 0 -1 -1
1 0 1 0 999 49 -1
1 0 0 0 0 -1 -1
1 0 1 0 989 147 -1
1 0 1 0 0 -1 -1
1 0 1 0 0 -1 -1
1 0 1 0 0 -1 -1
1 0 1 0 0 -1 -1
1 0 1 0 0 -1 -1
1 0 0 0 0 -1 -1
1 0 1 0 970 -243 -1
1 0 1 0 0 -1 -1
1 0 0 0 0 -1 -1
1 0 1 0 -428 -904 -1
1 0 0 0 0 -1 -1
1 0 1 0 -942 337 -1
1 0 1 0 0 -1 -1
1 0 0 0 0 -1 -1
1 0 1 0 -970 -243 -1
1 0 0 0 0 -1 -1
1 0 1 0 741 -672 -1
1 0 1 0 0 -1 -1
1 0 1 0 0 -1 -1
1 0 1 0 0 -1 -1
1 0 0 0 0 -1 -1
1 0 1 0 970 243 -1
1 0 1 0 0 -1 -1
1 0 1 0 0 -1 -1
1 0 0 0 0 -1 -1
1 0 1 0 -1379 9904 -1
1 0 0 0 0 -1 -1
1 0 1 0 -741 -672 -1
1 0 1 0 0 -1 -1
1 0 0 0 0 -1 -1
1 0 1 0 49 -999 -1
1 0 0 0 0 -1 -1
1 0 1 0 596 -803 -1
1 0 1 0 0 -1 -1
1 0 1 0 0 -1 -1
1 0 1 0 0 -1 -1
1 0 1 0 0 -1 -1
1 0 1 0 0 -1 -1
1 0 1 0 0 -1 -1
1 0 1 0 0 -1 -1
1 1 1 0 0 -1 -1
1 0 1 0 0 -1 -1
-1 0 1 0 0 -1 -1
1 0 1 0 0 -1 -1
1 0 1 0 0 -1 -1
1 0 1 0 0 -1 -1
1 0 1 0 0 -1 -1
1 0 1 0 0 -1 -1
1 0 1 0 0 -1 -1
1 0 1 0 0 -1 -1
1 0 0 0 0 -1 -1
1 0 1 0 -7723 -6353 -1
1 0 1 0 0 -1 -1
1 0 0 0 0 -1 -1
1 0 1 0 6487 7610 -1
1 0 1 0 0 -1 -1
1 0 1 0 0 -1 -1
1 0 1 0 0 -1 -1
0 0 1 0 0 -1 -1
1 0 1 0 0 -1 -1
1 0 1 0 0 -1 -1
1 0 1 0 0 -1 -1
1 0 1 0 0 -1 -1
1 0 1 0 0 -1 -1
1 0 1 0 0 -1 -1
1 0 1 0 0 -1 -1
1 0 1 0 0 -1 -1
1 0 1 0 0 -1 -1
1 0 1 0 0 -1 -1
1 0 1 0 0 -1 -1
1 0 1 0 0 -1 -1
1 0 1 0 0 -1 -1
-1 0 1 0 0 -1 -1
1 0 1 0 0 -1 -1
1 0 1 0 0 -1 -1
1 0 1 0 0 -1 -1
1 0 1 0 0 -1 -1
1 0 1 0 0 -1 -1
1 0 1 0 0 -1 -1
0 0 1 0 0 -1 -1
-1 0 1 0 0 -1 -1
0 0 1 0 0 -1 -1
1 0 1 0 0 -1 -1
1 0 1 0 0 -1 -1
1 0 1 0 0 -1 -1
0 0 1 0 0 -1 -1
1 0 0 0 0 -1 -1
1 0 1 0 -8491 5282 -1
1 0 1 0 0 -1 -1
1 0 0 0 0 -1 -1
1 0 1 0 -8791 4766 -1
1 0 1 0 0 -1 -1
1 0 0 0 0 -1 -1
1 0 1 0 -9024 4309 -1
1 0 1 0 0 -1 -1
1 0 0 0 0 -1 -1
1 0 1 0 -9171 3987 -1
1 0 1 0 0 -1 -1
1 0 0 0 0 -1 -1
1 0 0 0 0 -1 -1
1 0 1 0 -9310 3650 -1
0 0 1 0 0 -1 -1
-1 0 1 0 0 -1 -1
-1 0 1 0 0 -1 -1
-1 0 0 0 0 -1 -1
-1 0 1 0 -9477 -3190 -1
-1 0 0 0 0 -1 -1
-1 0 1 0 -9165 -4001 -1
-1 0 0 0 0 -1 -1
-1 0 1 0 -8804 -4742 -1
-1 0 0 0 0 -1 -1
-1 0 1 0 -8405 -5418 -1
-1 0 0 0 0 -1 -1
-1 0 1 0 5116 8592 -1
-1 0 0 0 0 -1 -1
0 0 1 0 -942 -337 -1
-1 0 1 0 0 -1 -1
-1 0 0 0 0 -1 -1
-1 0 1 0 -8090 -5878 -1
-1 0 1 0 0 -1 -1
-1 0 0 0 0 -1 -1
-1 0 1 0 -7160 -6981 -1
-1 0 0 0 0 -1 -1
-1 0 1 0 -672 -741 -1
-1 0 1 0 0 -1 -1
-1 0 0 0 0 -1 -1
-1 0 1 0 -5587 -8294 -1
-1 0 1 0 0 -1 -1
-1 0 0 0 0 -1 -1
-1 0 1 0 -4384 -8988 -1
-1 0 1 0 0 -1 -1
-1 0 0 0 0 -1 -1
-1 0 1 0 -3100 -9507 -1
-1 0 0 0 0 -1 -1
-1 0 1 0 -428 -904 -1
-1 0 1 0 0 -1 -1
-1 1 0 0 0 -1 -1
-1 0 1 0 -942 337 -1
-1 0 0 0 0 -1 -1
-1 0 1 0 -514 858 -1
-1 0 1 0 0 -1 -1
-1 0 0 0 0 -1 -1
-1 0 0 0 0 -1 -1
-1 0 1 0 -596 803 -1
-1 0 1 0 0 -1 -1
-1 0 1 0 0 -1 -1
-1 0 1 0 0 -1 -1
-1 0 1 0 0 -1 -1
-1 0 1 0 0 -1 -1
-1 1 0 0 0 -1 -1
-1 0 0 0 0 -1 -1
-1 0 1 0 -904 428 -1
-1 0 0 0 0 -1 -1
-1 0 1 0 904 428 -1
-1 0 1 0 0 -1 -1
-1 0 0 0 0 -1 -1
-1 0 1 0 -705 9975 -1
-1 0 0 0 0 -1 -1
-1 0 0 0 0 -1 -1
-1 0 1 0 -337 942 -1
-1 1 1 0 0 -1 -1
-1 0 0 0 0 -1 -1
-1 0 0 0 0 -1 -1
-1 0 1 0 -905 9959 -1
-1 0 0 0 0 -1 -1
-1 0 0 0 0 -1 -1
-1 0 1 0 -243 970 -1
-1 0 1 0 0 -1 -1
-1 0 1 0 0 -1 -1
-1 1 0 0 0 -1 -1
-1 0 1 0 -337 942 -1
-1 0 1 0 0 -1 -1
-1 0 1 0 0 -1 -1
-1 0 1 0 0 -1 -1
-1 0 0 0 0 -1 -1
-1 0 1 0 -337 942 -1
-1 0 1 0 0 -1 -1
-1 0 1 0 0 -1 -1
-1 0 0 0 0 -1 -1
-1 0 1 0 -514 858 -1
-1 0 1 0 0 -1 -1
-1 0 1 0 0 -1 -1
-1 0 1 0 0 -1 -1
-1 0 1 0 0 -1 -1
-1 0 0 0 0 -1 -1
-1 0 1 0 672 741 -1
-1 0 0 0 0 -1 -1
-1 0 1 0 -904 -428 -1
-1 0 0 0 0 -1 -1
-1 0 1 0 -999 49 -1
-1 0 1 0 0 -1 -1
-1 0 1 0 0 -1 -1
-1 0 1 0 0 -1 -1
-1 0 1 0 0 -1 -1
-1 0 1 0 0 -1 -1
-1 0 0 0 0 -1 -1
-1 0 1 0 989 147 -1
-1 0 1 0 0 -1 -1
-1 0 0 0 0 -1 -1
-1 0 1 0 243 970 -1
-1 0 1 0 0 -1 -1
-1 0 1 0 0 -1 -1
-1 0 1 0 0 -1 -1
-1 0 0 0 0 -1 -1
-1 0 1 0 -672 -741 -1
-1 0 0 0 0 -1 -1
-1 0 1 0 -243 970 -1
-1 0 0 0 0 -1 -1
-1 0 1 0 -243 -970 -1
-1 0 0 0 0 -1 -1
-1 0 1 0 -1815 -9834 -1
-1 0 0 0 0 -1 -1
-1 0 1 0 -803 -596 -1
-1 0 1 0 0 -1 -1
-1 0 1 0 0 -1 -1
-1 0 1 0 0 -1 -1
-1 0 1 0 0 -1 -1
-1 0 1 0 0 -1 -1
-1 0 1 0 0 -1 -1
-1 0 1 0 0 -1 -1
-1 0 0 0 0 -1 -1
-1 0 1 0 999 49 -1
-1 0 0 0 0 -1 -1
-1 0 1 0 904 428 -1
-1 0 1 0 0 -1 -1
-1 0 0 0 0 -1 -1
-1 0 1 0 -596 -803 -1
-1 0 1 0 0 -1 -1
-1 0 1 0 0 -1 -1
-1 0 1 0 0 -1 -1
-1 0 0 0 0 -1 -1
-1 0 1 0 -2210 -9753 -1
-1 0 0 0 0 -1 -1
-1 0 1 0 -596 -803 -1
-1 0 1 0 0 -1 -1
-1 0 1 0 0 -1 -1
-1 0 0 0 0 -1 -1
-1 0 1 0 -970 -243 -1
-1 0 1 0 0 -1 -1
-1 0 0 0 0 -1 -1
-1 0 1 0 -337 -942 -1
-1 0 1 0 0 -1 -1
-1 0 0 0 0 -1 -1
-1 0 1 0 -428 -904 -1
-1 0 1 0 0 -1 -1
-1 0 1 0 0 -1 -1
-1 0 0 0 0 -1 -1
-1 0 1 0 -337 -942 -1
-1 0 1 0 0 -1 -1
-1 1 1 0 -596 803 -1
-1 0 1 0 0 -1 -1
-1 1 0 0 0 -1 -1
-1 0 1 0 -942 337 -1
-1 0 1 0 0 -1 -1
-1 0 1 0 0 -1 -1
-1 0 0 0 0 -1 -1
-1 0 1 0 -755 9971 -1
-1 0 0 0 0 -1 -1
-1 0 1 0 -601 9982 -1
-1 0 0 0 0 -1 -1
-1 0 1 0 -49 999 -1
-1 0 0 0 0 -1 -1
-1 0 1 0 -298 9996 -1
-1 0 0 0 0 -1 -1
-1 0 1 0 -148 9999 -1
-1 0 0 0 0 -1 -1
-1 0 1 0 1 10000 -1
-1 0 0 0 0 -1 -1
-1 0 0 0 0 -1 -1
-1 0 1 0 243 -970 -1
-1 0 1 0 0 -1 -1
-1 0 0 0 0 -1 -1
-1 0 1 0 363 9993 -1
-1 0 1 0 0 -1 -1
-1 0 0 0 0 -1 -1
-1 0 0 0 0 -1 -1
-1 0 1 0 750 9972 -1
-1 0 0 0 0 -1 -1
-1 0 1 0 947 9955 -1
-1 0 0 0 0 -1 -1
-1 0 0 0 0 -1 -1
-1 0 1 0 337 -942 -1
-1 0 1 0 0 -1 -1
-1 1 1 0 0 -1 -1
-1 1 1 0 0 -1 -1
-1 0 1 0 0 -1 -1
-1 0 1 0 0 -1 -1
-1 0 1 0 0 -1 -1
-1 0 0 0 0 -1 -1
-1 0 1 0 6873 -7263 -1
-1 0 1 0 0 -1 -1
-1 0 0 0 0 -1 -1
-1 0 1 0 7624 -6471 -1
-1 0 0 0 0 -1 -1
-1 0 1 0 7944 -6074 -1
-1 0 1 0 0 -1 -1
-1 0 0 0 0 -1 -1
-1 0 0 0 0 -1 -1
-1 0 1 0 49 -999 -1
-1 0 1 0 0 -1 -1
-1 0 1 0 0 -1 -1
-1 0 0 0 0 -1 -1
-1 0 1 0 -2901 9570 -1
-1 0 0 0 0 -1 -1
-1 0 1 0 -2583 9661 -1
-1 0 0 0 0 -1 -1
-1 0 1 0 -2285 9735 -1
-1 0 0 0 0 -1 -1
-1 0 1 0 -2003 9797 -1
-1 0 0 0 0 -1 -1
-1 0 1 0 -1735 9848 -1
-1 0 0 0 0 -1 -1
-1 0 1 0 -1479 9890 -1
-1 0 0 0 0 -1 -1
-1 0 1 0 -1232 9924 -1
-1 0 0 0 0 -1 -1
-1 0 1 0 -243 970 -1
-1 0 1 0 0 -1 -1
-1 0 0 0 0 -1 -1
-1 0 1 0 -147 989 -1
-1 0 1 0 0 -1 -1
-1 0 0 0 0 -1 -1
-1 0 0 0 0 -1 -1
-1 0 1 0 -338 9994 -1
-1 0 0 0 0 -1 -1
-1 0 0 0 0 -1 -1
-1 0 1 0 -337 942 -1
-1 0 1 0 0 -1 -1
-1 0 1 0 0 -1 -1
-1 0 0 0 0 -1 -1
-1 0 1 0 327 9995 -1
-1 0 0 0 0 -1 -1
-1 0 1 0 618 9981 -1
-1 0 0 0 0 -1 -1
-1 0 1 0 928 9957 -1
-1 0 0 0 0 -1 -1
-1 0 1 0 1223 9925 -1
-1 0 0 0 0 -1 -1
-1 0 1 0 -989 -147 -1
-1 0 0 0 0 -1 -1
-1 0 1 0 243 970 -1
-1 0 1 0 0 -1 -1
-1 0 1 0 0 -1 -1
-1 0 0 0 0 -1 -1
-1 0 1 0 596 -803 -1
-1 0 0 0 0 -1 -1
-1 0 1 0 -672 -741 -1
-1 0 1 0 0 -1 -1
-1 0 0 0 0 -1 -1
-1 0 1 0 -337 942 -1
-1 0 0 0 0 -1 -1
-1 0 1 0 -596 -803 -1
-1 0 1 0 0 -1 -1
-1 0 0 0 0 -1 -1
-1 0 1 0 -672 -741 -1
-1 0 1 0 0 -1 -1
-1 0 1 0 0 -1 -1
-1 0 0 0 0 -1 -1
-1 0 1 0 -596 -803 -1
-1 0 1 0 0 -1 -1
-1 0 1 0 0 -1 -1
-1 0 1 0 0 -1 -1
-1 0 0 0 0 -1 -1
-1 0 1 0 -243 -970 -1
-1 0 1 0 0 -1 -1
-1 0 0 0 0 -1 -1
-1 1 1 0 -337 942 -1
-1 0 1 0 0 -1 -1
-1 0 1 0 0 -1 -1
-1 0 0 0 0 -1 -1
-1 0 1 0 -428 904 -1
-1 0 1 0 0 -1 -1
-1 1 1 0 0 -1 -1
-1 0 1 0 0 -1 -1
-1 0 0 0 0 -1 -1
-1 0 1 0 -514 858 -1
-1 0 1 0 0 -1 -1
-1 0 1 0 0 -1 -1
-1 0 1 0 0 -1 -1
-1 0 1 0 0 -1 -1
-1 0 1 0 0 -1 -1
-1 0 1 0 0 -1 -1
-1 0 0 0 0 -1 -1
-1 0 1 0 -243 970 -1
-1 0 1 0 0 -1 -1
-1 0 1 0 0 -1 -1
-1 0 0 0 0 -1 -1
-1 0 0 0 0 -1 -1
-1 0 1 0 1015 -9948 -1
-1 0 0 0 0 -1 -1
-1 0 0 0 0 -1 -1
-1 0 1 0 942 337 -1
-1 0 1 0 0 -1 -1
-1 0 1 0 0 -1 -1
-1 0 0 0 0 -1 -1
-1 0 1 0 -514 858 -1
-1 0 0 0 0 -1 -1
-1 0 1 0 -596 -803 -1
-1 0 1 0 0 -1 -1
-1 0 0 0 0 -1 -1
-1 0 1 0 425 9991 -1
-1 0 0 0 0 -1 -1
-1 0 1 0 147 989 -1
-1 0 0 0 0 -1 -1
-1 0 0 0 0 -1 -1
-1 0 1 0 982 9952 -1
-1 0 1 0 0 -1 -1
-1 0 0 0 0 -1 -1
-1 0 1 0 -49 999 -1
-1 0 1 0 0 -1 -1
-1 0 1 0 0 -1 -1
-1 0 1 0 0 -1 -1
-1 0 1 0 0 -1 -1
-1 0 0 0 0 -1 -1
-1 0 1 0 -596 -803 -1
-1 0 1 0 0 -1 -1
-1 0 0 0 0 -1 -1
-1 0 1 0 -4072 -9134 -1
-1 0 0 0 0 -1 -1
-1 0 1 0 -3467 -9380 -1
-1 0 0 0 0 -1 -1
-1 0 1 0 -2857 -9583 -1
-1 0 0 0 0 -1 -1
-1 0 1 0 -2240 -9746 -1
-1 0 0 0 0 -1 -1
-1 0 1 0 -1620 -9868 -1
-1 0 0 0 0 -1 -1
-1 0 0 0 0 -1 -1
-1 0 1 0 -337 -942 -1
-1 0 1 0 0 -1 -1
-1 0 1 0 0 -1 -1
-1 0 0 0 0 -1 -1
-1 0 1 0 -337 -942 -1
-1 0 1 0 0 -1 -1
-1 0 1 0 0 -1 -1
-1 0 0 0 0 -1 -1
-1 0 1 0 -999 -49 -1
-1 0 1 0 0 -1 -1
-1 0 0 0 0 -1 -1
-1 0 1 0 49 999 -1
-1 0 0 0 0 -1 -1
-1 0 1 0 942 337 -1
-1 0 0 0 0 -1 -1
-1 0 1 0 696 9976 -1
-1 0 0 0 0 -1 -1
-1 0 1 0 939 9956 -1
-1 0 0 0 0 -1 -1
-1 0 1 0 -337 942 -1
-1 0 0 0 0 -1 -1
-1 0 1 0 514 858 -1
-1 0 0 0 0 -1 -1
-1 0 1 0 -49 999 -1
-1 0 1 0 0 -1 -1
-1 0 1 0 0 -1 -1
-1 0 1 0 0 -1 -1
-1 0 1 0 0 -1 -1
1 0 0 0 0 -1 -1
0 0 1 0 147 989 -1
-1 0 1 0 0 -1 -1
-1 0 1 0 0 -1 -1
-1 0 1 0 0 -1 -1
0 0 1 0 0 -1 -1
1 0 1 0 0 -1 -1
1 0 1 0 0 -1 -1
1 0 1 0 0 -1 -1
1 0 1 0 0 -1 -1
1 0 1 0 0 -1 -1
1 0 1 0 0 -1 -1
1 0 1 0 0 -1 -1
1 0 1 0 0 -1 -1
1 0 1 0 0 -1 -1
1 0 1 0 0 -1 -1
1 0 1 0 0 -1 -1
1 0 1 0 0 -1 -1
1 0 1 0 0 -1 -1
1 0 0 0 0 -1 -1
1 0 1 0 596 -803 -1
1 0 1 0 0 -1 -1
1 0 1 0 0 -1 -1
1 0 0 0 0 -1 -1
1 0 1 0 337 942 -1
1 0 1 0 0 -1 -1
1 0 1 0 0 -1 -1
1 0 1 0 0 -1 -1
1 0 0 0 0 -1 -1
1 0 1 0 243 970 -1
1 0 1 0 0 -1 -1
1 0 1 0 0 -1 -1
1 0 1 0 0 -1 -1
1 0 0 0 0 -1 -1
1 0 1 0 989 -147 -1
1 0 0 0 0 -1 -1
1 0 1 0 -1693 9856 -1
1 0 0 0 0 -1 -1
1 0 1 0 514 -858 -1
1 0 1 0 0 -1 -1
1 0 1 0 0 -1 -1
1 0 1 0 0 -1 -1
1 0 1 0 0 -1 -1
1 1 0 0 0 -1 -1
1 0 1 0 337 942 -1
1 0 1 0 0 -1 -1
1 0 1 0 0 -1 -1
1 1 0 0 0 -1 -1
1 0 1 0 -672 741 -1
1 0 0 0 0 -1 -1
1 0 1 0 428 904 -1
1 0 1 0 0 -1 -1
1 0 1 0 0 -1 -1
1 0 1 0 0 -1 -1
1 0 1 0 0 -1 -1
1 0 0 0 0 -1 -1
1 0 1 0 -514 -858 -1
1 1 1 0 0 -1 -1
1 0 0 0 0 -1 -1
1 0 1 0 -6614 -7500 -1
1 0 0 0 0 -1 -1
1 0 1 0 514 858 -1
1 0 1 0 0 -1 -1
1 0 1 0 0 -1 -1
1 0 1 0 0 -1 -1
1 0 1 0 0 -1 -1
1 0 1 0 0 -1 -1
1 0 1 0 0 -1 -1
1 0 0 0 0 -1 -1
1 0 1 0 49 999 -1
1 0 0 0 0 -1 -1
1 0 1 0 1115 9938 -1
1 0 0 0 0 -1 -1
1 0 1 0 243 970 -1
1 0 1 0 0 -1 -1
1 0 1 0 0 -1 -1
1 0 1 0 0 -1 -1
1 0 0 0 0 -1 -1
1 0 1 0 147 989 -1
1 0 0 0 0 -1 -1
1 0 1 0 243 970 -1
1 1 1 0 0 -1 -1
1 0 0 0 0 -1 -1
1 0 1 0 337 942 -1
1 0 1 0 0 -1 -1
1 0 1 0 0 -1 -1
1 0 0 0 0 -1 -1
1 0 1 0 337 942 -1
1 0 1 0 0 -1 -1
1 0 1 0 0 -1 -1
1 0 1 0 0 -1 -1
1 0 1 0 0 -1 -1
1 0 0 0 0 -1 -1
1 0 1 0 243 970 -1
1 0 1 0 0 -1 -1
1 0 1 0 0 -1 -1
1 0 1 0 0 -1 -1
1 0 0 0 0 -1 -1
1 0 0 0 0 -1 -1
1 0 1 0 596 803 -1
1 0 0 0 0 -1 -1
1 0 1 0 741 672 -1
1 0 1 0 0 -1 -1
1 0 1 0 0 -1 -1
1 0 0 0 0 -1 -1
1 0 1 0 741 672 -1
1 0 1 0 0 -1 -1
1 0 1 0 0 -1 -1
1 0 0 0 0 -1 -1
1 0 1 0 -1189 9929 -1
1 0 0 0 0 -1 -1
1 0 1 0 -337 -942 -1
1 0 0 0 0 -1 -1
1 0 1 0 904 -428 -1
1 0 1 0 0 -1 -1
1 0 0 0 0 -1 -1
1 0 1 0 -1938 9810 -1
1 0 0 0 0 -1 -1
1 0 1 0 989 -147 -1
1 0 0 0 0 -1 -1
1 0 1 0 741 -672 -1
1 0 1 0 0 -1 -1
1 0 1 0 0 -1 -1
1 0 1 0 0 -1 -1
1 0 0 0 0 -1 -1
1 0 0 0 0 -1 -1
1 0 1 0 741 -672 -1
1 0 1 0 0 -1 -1
1 0 1 0 0 -1 -1
1 0 1 0 0 -1 -1
1 0 1 0 0 -1 -1
1 0 1 0 0 -1 -1
1 0 1 0 0 -1 -1
1 0 1 0 0 -1 -1
1 0 1 0 0 -1 -1
1 1 0 0 0 -1 -1
1 0 1 0 904 428 -1
1 0 0 0 0 -1 -1
1 0 1 0 1186 9929 -1
1 0 0 0 0 -1 -1
1 0 1 0 72 997 -1
1 0 0 0 0 -1 -1
1 0 0 0 0 -1 -1
1 0 1 0 -999 -49 -1
1 0 0 0 0 -1 -1
1 0 1 0 276 961 -1
1 0 1 0 0 -1 -1
1 0 1 0 0 -1 -1
1 0 1 0 0 -1 -1
1 0 0 0 0 -1 -1
1 0 1 0 298 -955 -1
1 0 0 0 0 -1 -1
1 1 1 0 -243 -970 -1
1 0 0 0 0 -1 -1
1 0 1 0 858 514 -1
1 1 0 0 0 -1 -1
1 0 1 0 -999 49 -1
1 0 0 0 0 -1 -1
1 0 1 0 -428 -904 -1
1 0 0 0 0 -1 -1
1 0 0 0 0 -1 -1
1 0 1 0 -489 -873 -1
1 0 0 0 0 -1 -1
1 0 1 0 -542 -840 -1
1 0 0 0 0 -1 -1
1 0 1 0 -6098 -7925 -1
1 0 0 0 0 -1 -1
1 0 1 0 -147 -989 -1
1 0 1 0 0 -1 -1
1 0 1 0 0 -1 -1
1 0 0 0 0 -1 -1
1 0 1 0 -858 514 -1
1 0 0 0 0 -1 -1
1 0 1 0 672 741 -1
1 0 0 0 0 -1 -1
1 0 1 0 741 672 -1
1 0 1 0 0 -1 -1
1 0 1 0 0 -1 -1
0 0 1 0 0 -1 -1
1 0 1 0 0 -1 -1
1 0 0 0 0 -1 -1
1 0 0 0 0 -1 -1
1 0 1 0 -43 999 -1
1 0 0 0 0 -1 -1
1 0 1 0 -329 944 -1
1 0 1 0 0 -1 -1
1 0 0 0 0 -1 -1
-1 0 1 0 -120 993 -1
0 0 1 0 0 -1 -1
1 0 1 0 0 -1 -1
1 0 1 0 0 -1 -1
1 0 0 0 0 -1 -1
1 0 1 0 -243 970 -1
1 0 1 0 0 -1 -1
1 0 1 0 0 -1 -1
1 0 1 0 0 -1 -1
1 0 1 0 0 -1 -1
1 0 1 0 0 -1 -1
1 0 1 0 0 -1 -1
1 0 1 0 0 -1 -1
1 0 0 0 0 -1 -1
1 0 1 0 9165 -4001 -1
1 0 0 0 0 -1 -1
1 0 1 0 8700 -4931 -1
1 0 0 0 0 -1 -1
1 0 1 0 8176 -5758 -1
1 0 0 0 0 -1 -1
1 0 1 0 7606 -6492 -1
1 0 0 0 0 -1 -1
1 0 1 0 7001 -7141 -1
1 0 0 0 0 -1 -1
1 0 1 0 6367 -7711 -1
1 0 0 0 0 -1 -1
1 0 1 0 5709 -8210 -1
1 0 0 0 0 -1 -1
1 0 1 0 514 -858 -1
1 0 0 0 0 -1 -1
1 0 1 0 428 -904 -1
1 0 0 0 0 -1 -1
1 0 1 0 351 -937 -1
1 0 1 0 0 -1 -1
1 0 0 0 0 -1 -1
1 0 1 0 514 -858 -1
1 0 1 0 0 -1 -1
1 0 1 0 0 -1 -1
1 0 1 0 0 -1 -1
1 0 0 0 0 -1 -1
1 0 1 0 -73 997 -1
1 0 0 0 0 -1 -1
1 0 0 0 0 -1 -1
1 0 1 0 -999 49 -1
1 0 0 0 0 -1 -1
1 0 1 0 -1195 9928 -1
1 0 0 0 0 -1 -1
1 0 1 0 243 970 -1
1 0 0 0 0 -1 -1
1 0 1 0 -858 -514 -1
1 0 0 0 -858 -514 -1
1 0 1 0 9808 -1951 -1
1 0 0 0 0 -1 -1
1 0 1 0 -1951 -9808 -1
1 0 0 0 -1951 -9808 -1
1 0 1 0 -312 -9995 -1
1 0 1 0 0 -1 -1
1 0 1 0 0 -1 -1
1 0 0 0 0 -1 -1
1 0 1 0 3827 9239 -1
0 0 1 0 3827 9239 -1
1 0 0 0 0 -1 -1
1 0 1 0 9239 3827 -1
1 0 1 0 9239 3827 -1
1 0 0 0 0 -1 3
1 0 1 0 -7730 6344 3
1 0 0 0 -7730 6344 3
1 0 0 0 -7730 6344 3
1 0 0 0 -7730 6344 3
1 0 0 0 897 -443 3
1 0 0 0 897 -443 3
1 0 0 0 897 -443 3
1 0 0 0 897 -443 3
1 0 1 0 -7730 6344 3
1 0 0 0 -7730 6344 3
1 0 0 0 -7730 6344 3
1 0 1 0 -8572 -5150 3
1 0 1 0 -8572 -5150 3
1 0 1 0 -8572 -5150 3
1 0 1 0 -8572 -5150 3
0 0 1 0 -860 -510 3
0 0 1 0 -860 -510 3
-1 0 1 0 -860 -510 3
-1 0 1 0 -860 -510 3
-1 0 1 0 -860 -510 3
-1 1 1 0 -860 -510 3
-1 0 0 0 -860 -511 3
-1 0 0 0 -791 -612 3
-1 0 1 0 -684 -729 3
0 0 1 0 -684 -729 3
0 0 1 0 -684 -729 3
0 0 0 0 -781 -624 3
0 0 1 0 477 -879 3
0 0 1 0 477 -879 3
0 0 1 0 477 -879 3
0 0 0 0 414 -910 3
-1 0 1 0 841 -541 3
-1 0 1 0 841 -541 3
-1 0 0 0 834 -552 3
-1 0 0 1 -199 -980 3
-1 0 1 0 897 -442 3
-1 1 0 0 1000 0 3
-1 1 1 0 469 -883 3
-1 0 1 0 469 -883 3
-1 0 1 0 469 -883 3
-1 0 1 0 410 -912 3
-1 1 0 0 406 -914 3
0 0 0 0 406 -914 3
0 0 0 0 1000 0 3
-1 1 1 0 750 -662 3
-1 0 1 0 750 -662 3
-1 1 1 0 750 -662 3
-1 0 0 0 746 -665 3
-1 0 0 0 -846 -533 3
-1 1 0 0 1000 0 3
-1 1 1 0 997 -73 3
1 0 0 0 1000 0 3
1 0 1 0 -364 -931 3
0 0 0 0 1000 0 3
0 0 0 0 1000 0 3
1 1 0 0 1000 0 3
1 0 1 0 995 -97 3
1 1 1 0 995 -97 3
1 0 1 0 995 -97 3
1 0 0 1 -972 -234 3
1 1 0 0 923 -386 3
1 0 0 0 -320 -947 3
1 1 1 0 1565 9877 3
1 1 1 0 1999 9798 3
1 1 1 0 1999 9798 3
1 1 0 0 195 981 3
1 1 1 0 344 9994 3
1 1 0 0 0 1000 3
1 0 1 0 4234 9059 3
1 0 1 0 0 1000 3
1 0 1 0 -980 9952 3
1 0 0 0 -98 995 3
1 0 0 0 -98 995 3
1 0 0 0 -98 995 3
1 0 1 0 -10000 -67 3
1 0 0 0 -98 995 3
1 0 0 0 -98 995 3
1 0 0 0 6657 -7463 3
1 0 0 0 773 -634 3
1 0 1 0 3716 -9284 3
1 0 1 0 3751 -9270 3
1 0 1 0 2873 -9578 3
1 0 1 0 2873 -9578 3
1 0 1 0 2903 -9569 3
1 0 0 1 -8749 4842 3
1 0 1 0 6450 -7642 3
1 0 1 0 -9361 3517 3
1 0 1 0 -9361 3517 3
1 0 1 0 -8819 4714 3
1 0 1 0 -9190 3942 3
1 0 1 0 2903 -9569 3
1 0 1 0 1630 -9866 3
1 0 1 0 1630 -9866 3
1 0 1 0 1630 -9866 3
1 0 0 0 383 -924 3
1 0 0 0 383 -924 3
1 0 1 0 4783 -8782 3
1 0 1 0 383 -924 3
1 0 1 0 383 -924 3
1 0 0 0 383 -924 3
1 0 0 0 -831 556 3
1 0 0 0 -831 556 3
1 0 0 0 -831 556 3
1 0 0 0 195 981 3
1 0 0 0 195 981 3
1 0 0 0 195 981 3
1 0 0 0 195 -981 3
1 0 0 0 195 -981 3
1 0 0 0 882 471 3
1 0 1 0 -2524 -9676 3
1 0 1 1 -3964 9181 3
1 0 0 0 -383 924 3
1 0 1 0 -849 -9964 3
1 0 1 0 -987 -9951 3
1 1 1 0 -98 -995 3
1 1 1 0 -98 -995 3
1 1 1 0 -98 -995 3
1 1 0 0 -98 -995 3
1 1 1 0 -2993 -9542 3
1 0 1 0 -2879 -9577 3
1 0 1 0 -2879 -9577 3
1 0 0 0 -383 -924 3
1 0 1 0 -5709 -8210 3
1 0 0 0 -383 -924 3
1 0 0 0 -537 -843 3
1 1 1 0 -5988 -8009 3
1 1 0 0 -537 -843 3
1 1 0 0 -602 -799 3
1 1 1 0 -6447 -7644 3
1 1 0 0 -602 -799 3
1 1 1 0 6945 7195 3
1 1 1 0 1736 9848 3
1 1 0 0 -602 -799 3
1 1 1 0 1560 9878 3
1 0 1 0 -438 9990 3
1 0 1 1 -6345 -7730 3
1 1 0 0 -7071 -7071 3
1 1 0 0 -7071 -7071 3
1 1 0 0 -1478 9890 3
1 1 0 0 -7071 -7071 3
1 1 1 0 7108 -7034 3
1 1 1 0 2840 -9588 3
1 1 0 0 -773 634 3
1 1 1 0 2484 -9687 3
1 1 0 0 98 -995 3
1 0 0 0 98 -995 3
1 0 1 0 1915 -9815 3
1 0 0 0 98 -995 3
1 1 1 0 4917 -8708 3
1 1 1 0 3508 -9365 3
1 0 1 0 4714 -8819 3
1 1 1 0 2849 -9586 3
1 1 0 0 4714 -8819 3
1 0 1 0 3058 -9521 3
1 0 1 0 4711 -8821 3
1 0 1 0 8101 -5863 3
1 0 0 0 8101 -5863 3
1 0 0 0 8101 -5863 3
1 0 0 0 -4714 -8819 3
1 0 0 0 1305 -9914 3
1 1 0 0 1305 -9914 3
1 1 0 0 6056 -7958 3
1 1 0 0 831 -556 3
1 1 0 0 -8910 -4540 3
1 1 0 0 610 -9981 3
1 1 0 0 610 -9981 3
1 1 1 0 173 -9999 3
1 0 0 0 785 -9969 3
-1 0 0 0 785 -9969 3
1 0 1 0 -14 -10000 3
1 0 0 0 785 -9969 3
1 1 0 0 2903 9569 3
1 0 1 0 1495 9888 3
1 1 1 0 980 9952 3
1 1 0 0 785 -9969 3
1 0 0 0 785 -9969 3
-1 0 0 0 785 -9969 3
1 0 0 0 -872 9962 3
1 0 1 0 -1389 9903 3
1 0 1 1 8542 5199 3
1 1 1 0 8585 5128 3
1 1 0 0 -2949 9555 3
1 1 1 0 -73 10000 3
0 0 1 0 -3954 9185 3
-1 0 1 0 -3954 9185 3
0 0 1 0 -4714 8819 3
-1 0 1 0 -4714 8819 3
0 0 1 0 -985 9951 3
0 0 1 0 -985 9951 3
0 1 0 0 -985 9951 3
-1 1 1 0 -8550 5186 3
-1 1 1 0 -8281 5606 3
-1 0 1 0 -7920 6105 3
-1 1 1 0 -7951 6065 3
-1 1 1 0 -7920 6105 3
-1 0 1 0 -7986 6018 3
-1 0 1 0 -7986 6018 3
-1 0 1 0 -924 383 3
-1 0 1 0 5654 8248 3
0 0 1 0 -924 383 3
-1 1 1 0 -924 383 3
-1 0 1 0 -924 383 3
-1 0 1 0 -924 383 3
-1 0 0 0 8535 5212 3
-1 0 0 1 9844 1761 3
-1 0 1 0 -1849 -9828 3
-1 0 0 0 9569 2903 3
-1 0 1 0 -3078 -9515 3
-1 0 1 0 -2588 -9659 3
-1 0 0 0 -3827 -9239 3
-1 0 1 0 -3465 -9380 3
-1 0 1 0 -4226 -9063 3
-1 0 1 0 -4226 -9063 3
-1 0 0 0 -995 -98 3
-1 0 1 0 -3084 -9513 3
-1 0 1 0 -2903 -9569 3
-1 0 1 0 -2903 -9569 3
-1 0 1 0 -610 9981 3
-1 0 0 0 1563 -9877 3
-1 0 1 0 1152 -9933 3
-1 0 0 0 1563 -9877 3
-1 0 1 0 -43 10000 3
-1 0 0 0 262 -9997 3
-1 0 1 0 148 9999 3
-1 0 0 0 9681 -2507 3
-1 0 0 0 9681 -2507 3
-1 0 0 0 -2903 -9569 3
-1 0 1 0 -2638 -9646 3
-1 0 1 0 -4323 -9017 3
-1 0 1 1 4993 8664 3
-1 0 1 0 5138 8579 3
-1 0 0 0 -2891 -9573 3
-1 0 0 0 -9196 -3928 3
-1 0 1 0 -1189 -9929 3
-1 0 1 0 -980 -9952 3
-1 0 0 0 -924 383 3
-1 0 1 0 1439 -9896 3
-1 0 0 0 -924 383 3
-1 0 1 0 -1894 -9819 3
-1 0 1 0 1908 -9816 3
-1 0 0 0 7730 6344 3
-1 0 0 0 1908 -9816 3
-1 0 0 0 -6344 -7730 3
-1 0 0 0 -6344 -7730 3
-1 0 0 0 -6344 -7730 3
-1 0 0 0 -4714 -8819 3
-1 0 0 0 -290 957 3
-1 0 0 0 -3420 9397 3
-1 0 0 0 -3338 9426 3
-1 0 0 0 -3338 9426 3
-1 0 0 0 -3338 9426 3
-1 0 0 0 -3338 9426 3
-1 0 0 0 -2504 9681 3
-1 0 1 0 -2903 9569 3
-1 0 1 0 6344 7730 3
-1 0 0 1 9239 3827 3
-1 0 0 1 9555 2951 3
-1 0 1 0 -3090 9511 3
-1 0 1 0 -3090 9511 3
-1 0 1 0 -3090 9511 3
-1 0 0 1 9799 1992 3
-1 0 0 0 9234 3837 3
-1 0 1 0 -8819 -4714 3
-1 0 0 0 -6374 7705 3
-1 0 1 0 0 -10000 3
-1 0 0 0 -6374 7705 3
-1 0 0 0 0 10000 3
-1 0 1 0 6344 7730 3
-1 0 0 0 -210 9998 3
-1 0 1 0 -2903 9569 3
-1 0 1 0 9569 -2903 3
-1 0 1 0 9569 -2903 3
-1 0 0 0 -175 -9998 3
-1 0 1 0 -6344 -7730 3
-1 0 1 0 6344 7730 3
-1 0 1 0 6344 7730 3
-1 0 0 0 -980 9952 3
-1 0 1 0 -6344 7730 3
-1 0 1 0 -980 -9952 3
-1 0 0 0 -9952 980 3
-1 0 1 0 -872 -9962 3
-1 0 0 0 -9952 980 3
-1 0 0 0 7730 -6344 3
-1 0 1 0 4714 8819 3
-1 0 0 0 7730 -6344 3
-1 0 1 0 -698 -9976 3
-1 0 0 0 -698 -9976 3
-1 0 1 0 2903 -9569 3
-1 0 0 0 -1219 -9925 3
-1 0 1 0 7730 6344 3
-1 0 0 0 6069 -7947 3
1 0 0 0 6069 -7947 3
0 0 1 0 6344 -7730 3
-1 0 0 0 -980 -9952 3
1 0 1 0 -980 9952 3
-1 0 1 1 -6347 -7727 3
-1 0 1 0 -980 9952 3
1 0 0 0 -980 9952 3
1 0 1 0 0 10000 3
1 0 1 0 0 10000 3
1 0 1 0 0 10000 3
0 0 0 0 0 10000 3
1 0 1 0 2693 9630 3
-1 0 1 0 2609 9654 3
0 0 1 0 2609 9654 3
1 0 1 0 2609 9654 3
1 0 1 0 2609 9654 3
0 0 0 0 276 961 3
-1 0 1 0 5948 8039 3
-1 0 0 0 6018 7986 3
-1 0 0 0 6018 7986 3
-1 0 1 0 -8397 -5431 3
-1 0 1 0 -8397 -5431 3
-1 0 1 0 -8290 -5592 3
-1 0 0 0 -707 -707 3
-1 0 1 0 -7195 -6945 3
-1 0 1 0 -7195 -6945 3
-1 0 1 0 -7276 -6860 3
-1 0 0 0 -707 -707 3
-1 0 1 0 -7755 -6314 3
-1 0 1 0 -7755 -6314 3
-1 0 1 0 -7755 -6314 3
-1 0 1 1 -9614 2752 3
-1 0 1 1 -9614 2752 3
-1 0 1 1 -9614 2752 3
-1 0 1 0 -9611 2763 3
-1 0 1 0 -9526 3041 3
-1 0 1 0 -831 -556 3
-1 0 0 0 -831 -556 3
-1 1 1 0 980 -9952 3
-1 1 1 0 980 -9952 3
-1 0 0 0 980 -9952 3
-1 0 1 0 3090 -9511 3
-1 0 1 0 3090 -9511 3
-1 0 1 0 3090 -9511 3
-1 0 0 0 3090 -9511 3
-1 0 1 0 6018 -7986 3
-1 0 0 0 530 -848 3
-1 0 1 0 6361 -7716 3
-1 0 0 0 570 -822 3
-1 0 1 0 6664 -7456 3
-1 0 0 0 570 -822 3
-1 0 0 0 570 -822 3
-1 0 0 0 570 -822 3
-1 0 0 0 5075 -8616 3
-1 0 0 0 3420 -9397 3
-1 0 1 0 -211 -9998 3
-1 0 1 0 -211 -9998 3
-1 0 1 0 2903 -9569 3
-1 0 0 1 -4726 -8813 3
-1 0 0 1 -4726 -8813 3
-1 0 1 0 7193 -6947 3
-1 0 0 0 7071 -7071 3
-1 0 0 0 7730 -6344 3
-1 0 0 0 -980 -9952 3
-1 0 0 0 -980 -9952 3
-1 0 0 0 -4462 8949 3
-1 0 0 0 7730 -6344 3
-1 0 0 0 9569 2903 3
-1 0 1 0 -3614 9324 3
-1 0 1 0 -4922 8705 3
-1 0 1 0 -4922 8705 3
-1 0 0 0 -3173 9483 3
-1 0 0 0 -6344 -7730 3
-1 0 0 0 -2903 9569 3
-1 0 0 0 -2903 9569 3
-1 1 0 0 7730 -6344 3
-1 1 0 0 -980 9952 3
-1 1 0 0 0 1000 3
-1 1 1 0 -3463 9381 3
-1 0 1 0 -2741 9617 3
-1 1 1 0 -2741 9617 3
-1 1 1 0 -2741 9617 3
-1 1 0 0 -2741 9617 3
-1 1 1 0 99 10000 3
-1 1 0 0 -349 9994 3
-1 1 0 0 -383 924 3
-1 1 1 0 -163 9999 3
-1 0 0 1 -9030 -4297 3
-1 0 0 0 980 9952 3
-1 0 0 0 -5868 -8097 3
-1 0 1 0 9793 -2024 3
-1 0 1 0 -9262 -3770 3
-1 1 0 0 9916 -1291 3
-1 1 0 0 523 9986 3
-1 1 0 0 471 -882 3
-1 0 0 0 471 -882 3
-1 1 0 0 7730 6344 3
-1 0 0 0 -98 -995 3
-1 1 0 0 -3338 -9426 3
-1 1 0 0 -98 -995 3
-1 0 1 0 2603 -9655 3
-1 0 0 0 -1822 -9833 3
-1 0 1 0 -2285 -9735 3
-1 0 0 0 -1650 -9863 3
-1 0 1 0 -1918 -9814 3
-1 1 0 0 -1305 -9914 3
-1 0 1 0 -5966 -8025 3
-1 0 1 0 6756 -7373 3
-1 0 0 0 -634 773 3
-1 0 0 0 980 -9952 3
-1 1 0 0 980 -9952 3
-1 0 1 0 -7730 6344 3
-1 0 1 1 -5076 -8616 3
-1 0 1 0 -4714 8819 3
-1 0 0 0 -4714 8819 3
-1 0 0 0 -4714 8819 3
-1 1 1 0 2903 9569 3
-1 0 0 0 -2903 9569 3
-1 0 1 0 -4714 8819 3
-1 1 1 0 -5169 8561 3
-1 0 1 0 9952 -980 3
-1 0 0 0 9952 -980 3
-1 0 1 0 -349 9994 3
-1 0 0 0 9952 -980 3
-1 0 1 0 -980 9952 3
-1 1 0 0 924 383 3
-1 0 1 0 -175 9998 3
-1 1 0 0 924 383 3
-1 0 0 0 924 383 3
-1 0 1 0 -87 10000 3
-1 1 0 0 924 383 3
-1 0 1 0 -6344 7730 3
-1 1 0 0 523 9986 3
-1 0 1 0 175 9998 3
-1 0 0 0 -9561 -2931 3
-1 1 0 0 6626 -7490 3
-1 0 1 0 -7730 6344 3
-1 0 0 1 7066 7076 3
-1 0 0 1 9034 4287 3
-1 0 0 0 9034 4287 3
-1 0 1 0 -6344 7730 3
-1 1 0 0 -950 -311 3
-1 0 1 0 -980 9952 3
-1 1 0 0 -882 471 3
-1 0 1 0 -4714 8819 3
-1 1 1 0 -5988 -8009 3
-1 0 0 0 -5988 -8009 3
-1 0 1 0 -349 -9994 3
-1 0 0 0 -882 471 3
-1 0 1 0 2903 9569 3
-1 0 0 0 6344 -7730 3
-1 0 0 0 831 -556 3
-1 0 1 0 -6344 -7730 3
-1 1 0 0 -1994 9799 3
-1 0 1 0 -8819 4714 3
1 0 0 0 -8819 4714 3
-1 0 0 0 -9952 -980 3
-1 0 1 0 8315 5556 3
1 0 0 0 8315 5556 3
-1 0 0 0 8315 5556 3
-1 0 1 0 3827 9239 3
-1 0 1 0 3461 9382 3
1 0 0 1 -7862 6179 3
1 0 1 0 -5176 8556 3
-1 0 1 0 -3551 9348 3
-1 0 1 0 -3551 9348 3
-1 0 1 0 -3551 9348 3
1 0 1 0 -3551 9348 3
0 0 1 0 -3551 9348 3
0 0 1 0 -3551 9348 3
1 0 1 0 -3551 9348 3
0 0 0 0 -3551 9348 3
0 0 1 0 2987 9543 3
0 0 1 0 2903 9569 3
1 0 1 0 290 957 3
0 0 1 0 290 957 3
0 0 1 0 290 957 3
1 0 1 0 290 957 3
0 0 1 0 290 957 3
0 0 1 0 290 957 3
1 0 1 0 9569 2903 3
-1 0 0 0 290 957 3
0 0 0 0 290 957 3
-1 0 0 0 290 957 3
-1 0 0 0 8883 4593 3
1 0 0 0 8819 4714 3
1 0 0 0 9714 2374 3
1 0 1 0 9994 336 3
1 0 1 0 882 471 3
1 0 1 0 882 471 3
1 0 1 0 882 471 3
1 0 1 0 882 471 3
1 0 1 1 4380 8990 3
1 0 1 0 3417 9398 3
1 0 1 0 882 471 3
1 0 0 0 7071 -7071 3
1 1 1 0 -3945 -9189 3
1 1 1 0 -4700 -8827 3
1 0 1 0 -471 -882 3
1 1 1 0 -471 -882 3
1 1 1 0 -471 -882 3
1 0 1 0 -471 -882 3
1 1 1 0 -471 -882 3
1 0 1 0 -471 -882 3
1 0 1 0 -471 -882 3
1 0 1 0 -471 -882 3
1 0 0 0 -471 -882 3
1 1 0 0 -471 -882 3
1 1 1 0 6436 7654 3
1 0 1 0 5150 8572 3
1 0 1 0 5150 8572 3
1 0 1 0 556 831 3
1 0 1 0 556 831 3
1 1 1 0 556 831 3
1 0 1 0 556 831 3
1 1 1 0 2334 9724 3
1 1 1 0 2334 9724 3
1 0 0 0 556 831 3
1 0 1 0 1983 9801 3
1 0 0 0 556 831 3
1 0 1 0 1723 9851 3
1 0 0 0 882 471 3
1 1 0 1 7181 -6959 3
1 0 0 0 3090 9511 3
1 1 0 0 4714 8819 3
1 1 0 0 4714 8819 3
1 1 0 0 2419 9703 3
1 1 1 0 2393 9709 3
1 0 1 0 -924 -383 3
1 0 1 0 -924 -383 3
1 0 1 0 -924 -383 3
1 0 0 0 8819 -4714 3
1 0 0 0 383 924 3
1 1 0 0 -6344 7730 3
1 1 0 0 383 924 3
1 1 0 0 980 9952 3
1 1 0 0 980 9952 3
1 1 0 0 980 9952 3
1 1 0 0 -6344 -7730 3
1 1 0 0 -6344 -7730 3
1 1 0 0 -6344 -7730 3
1 1 0 0 -980 9952 3
1 0 0 0 -980 9952 3
1 0 0 0 -980 9952 3
1 1 0 0 -980 9952 3
-1 1 0 0 -8819 -4714 3
1 1 0 0 4508 8926 3
1 1 0 0 556 -831 3
1 1 0 0 -8819 4714 3
0 1 0 0 -8819 4714 3
1 1 0 0 -161 987 3
1 1 0 0 8419 -5397 3
1 1 0 0 7625 -6470 3
1 0 0 0 773 -634 3
0 1 1 0 6559 -7549 3
1 0 1 0 773 -634 3
0 1 1 0 773 -634 3
1 0 1 0 773 -634 3
1 0 1 0 773 -634 3
1 0 1 0 773 -634 3
1 0 1 0 773 -634 3
1 0 1 0 773 -634 3
1 0 1 0 773 -634 3
1 0 1 0 773 -634 3
1 1 0 0 773 -634 3
1 1 0 1 9851 -1718 3
1 1 0 0 991 -134 3
1 0 0 0 -924 383 3
1 0 1 0 4812 8766 3
1 0 1 0 1951 9808 3
1 0 1 0 -1415 9899 3
1 0 0 0 4 1000 3
1 1 0 0 4 1000 3
-1 0 1 0 -6512 7589 3
1 0 1 0 -6344 7730 3
1 1 0 0 -6344 7730 3
1 0 1 0 94 10000 3
1 1 1 0 0 10000 3
1 1 1 0 0 10000 3
0 0 1 0 0 10000 3
1 0 1 0 0 1000 3
0 1 1 0 0 1000 3
1 0 1 0 0 1000 3
0 1 0 0 0 1000 3
1 0 1 0 -2522 9677 3
1 0 1 0 -290 957 3
1 1 1 0 -290 957 3
1 0 1 0 -290 957 3
1 1 0 0 -290 957 3
1 0 0 0 -1309 9914 3
1 0 1 0 8168 5769 3
1 1 0 0 383 -924 3
1 1 0 0 383 -924 3
1 1 0 0 -195 981 3
1 1 0 0 8743 4855 3
1 1 1 0 9567 2911 3
1 1 1 0 -195 981 3
1 1 1 0 882 -471 3
1 1 1 0 882 -471 3
1 0 0 0 882 -471 3
1 1 1 0 6815 -7318 3
1 1 0 0 541 841 3
1 1 1 0 7849 -6196 3
0 1 1 1 9941 -1087 3
0 0 0 0 773 -634 3
1 0 1 0 9293 -3693 -1
1 0 1 0 9245 -3811 -1
0 0 1 0 9245 -3811 -1
1 0 1 0 831 -556 -1
1 0 1 0 831 -556 -1
1 0 1 0 831 -556 -1
1 0 1 0 831 -556 -1
1 0 1 0 831 -556 -1
1 0 1 0 831 -556 -1
1 0 1 0 831 -556 -1
1 0 1 0 831 -556 -1
1 0 1 0 831 -556 -1
1 1 1 0 831 -556 -1
1 1 1 0 831 -556 -1
-1 1 1 0 831 -556 -1
1 1 1 0 831 -556 -1
1 1 1 0 831 -556 -1
1 1 1 0 831 -556 -1
-1 1 1 0 831 -556 -1
-1 1 1 0 831 -556 -1
1 1 1 0 831 -556 -1
1 1 1 0 831 -556 -1
1 1 1 0 831 -556 -1
1 1 1 1 2809 9597 -1
1 1 0 0 8393 -5436 -1
1 1 0 0 0 1000 -1
1 1 1 0 8073 -5902 -1
1 1 1 0 7876 -6161 -1
1 0 1 0 9239 -3827 -1
1 0 1 0 9936 1131 -1
1 0 1 0 9882 1530 -1
1 0 1 0 9882 1530 -1
1 0 1 0 98 995 -1
1 0 0 0 98 995 -1
1 0 0 0 98 995 -1
1 0 0 0 8465 5323 -1
1 0 1 0 6224 7827 -1
1 0 0 0 98 995 -1
1 0 1 0 5600 8285 -1
1 0 1 0 4732 8809 -1
1 0 0 0 4818 8763 -1
1 0 1 0 4706 8823 -1
1 0 1 0 4630 8864 -1
1 0 0 0 4163 9092 -1
1 0 1 0 5039 8637 -1
1 0 1 0 3990 9169 -1
1 0 1 0 471 882 -1
1 1 1 0 471 882 3
1 0 1 1 -2671 -9637 3
1 1 1 0 471 882 3
1 0 1 0 1118 9937 3
1 0 1 0 -2873 -9578 3
1 1 1 0 -2873 -9578 3
1 1 0 0 -2873 -9578 3
1 1 0 0 8041 5945 3
1 1 1 0 -905 9959 3
1 1 0 0 8041 5945 3
1 1 1 0 -1179 9930 3
1 1 0 0 -837 9965 3
1 1 1 0 340 9994 3
1 1 1 0 -195 -981 3
1 0 0 0 -4714 8819 3
1 0 0 0 633 -774 3
1 0 1 0 -980 9952 3
1 0 1 0 -980 9952 3
1 1 0 0 633 -774 3
1 0 1 0 -2903 -9569 3
1 0 0 0 -314 9995 3
1 0 1 0 9569 2903 3
1 1 0 0 -2284 9736 3
1 0 1 0 4714 -8819 3
1 0 0 0 4714 -8819 3
1 0 1 0 9952 980 3
1 1 0 0 1000 0 3
0 0 0 0 1000 0 3
1 0 0 1 2894 -9572 3
1 0 0 1 -1576 -9875 3
1 1 1 0 9453 -3262 3
1 1 1 0 8653 -5012 3
1 1 1 0 8653 -5012 3
1 1 1 0 8668 -4986 3
1 1 0 0 707 -707 3
1 1 1 0 8004 -5995 3
1 1 1 0 8014 -5981 3
1 1 1 0 8004 -5995 3
1 0 1 0 8315 -5556 3
1 1 1 0 707 -707 3
1 0 1 0 707 -707 3
1 1 0 0 707 -707 3
1 0 1 0 4067 -9135 3
1 0 0 0 383 -924 3
1 0 1 0 2903 -9569 3
1 0 0 0 383 -924 3
1 0 1 0 2756 -9613 3
1 0 0 0 4540 -8910 3
1 0 1 0 2504 -9681 3
1 1 0 0 454 -891 3
1 0 1 0 2208 -9753 3
1 1 0 0 399 -917 3
1 0 1 0 1908 -9816 3
1 1 0 0 399 -917 3
1 0 1 0 1314 -9913 3
1 1 0 0 1874 -9823 3
1 1 0 0 1874 -9823 3
1 0 1 0 980 -9952 3
1 1 1 0 995 -9950 3
1 1 0 0 349 -9994 3
1 0 1 0 -175 -9998 3
1 0 0 0 383 924 3
1 0 1 0 -785 -9969 3
1 1 0 0 -523 -9986 3
1 1 0 0 -523 -9986 3
1 1 0 0 6344 7730 3
1 1 1 0 9762 -2169 3
1 0 1 1 10000 75 3
1 0 1 0 6344 7730 3
1 0 1 0 6344 7730 3
1 0 1 0 6344 7730 3
1 0 1 0 6344 7730 3
1 0 1 0 6344 7730 3
1 0 0 0 6344 7730 3
1 1 1 0 -3269 -9450 3
1 1 0 0 -3269 -9450 3
1 0 1 0 -3746 -9272 3
1 1 1 0 -3799 -9250 3
1 1 0 0 -3693 -9293 3
1 0 1 0 -2747 -9615 3
1 0 1 0 -2672 -9636 3
1 0 1 0 -2635 -9646 3
1 1 1 0 -2635 -9646 3
1 0 0 0 -2635 -9646 3
1 0 1 0 -3531 -9356 3
1 0 1 0 -3467 -9380 3
1 0 1 0 -3538 -9353 3
1 1 1 0 -3538 -9353 3
1 1 0 0 -3538 -9353 3
1 1 0 0 -3538 -9353 3
1 1 0 0 -3538 -9353 3
1 1 0 0 5815 8136 3
1 1 0 0 -980 9952 3
1 0 1 0 1650 9863 3
1 1 0 0 -980 9952 3
1 1 0 0 -6947 -7193 3
1 1 1 0 7581 -6522 3
1 1 0 0 -9673 -2538 3
1 0 1 0 1392 9903 3
1 1 0 0 1564 9877 3
1 1 0 0 1564 9877 3
1 1 1 0 1258 9921 3
1 1 0 0 1288 9917 3
1 0 1 0 1045 9945 3
1 1 0 0 1288 9917 3
1 0 1 0 958 9954 3
1 1 1 0 880 9961 3
1 1 0 0 1305 9914 3
1 1 0 0 1305 9914 3
1 1 0 0 4714 8819 3
1 1 0 1 8840 -4674 3
1 0 1 0 2495 9684 3
1 0 1 0 2489 9685 3
1 1 0 0 2903 9569 3
1 1 0 0 2903 9569 3
1 1 0 0 2903 9569 3
1 1 0 0 9588 2840 3
1 1 0 0 980 9952 3
1 1 0 0 980 9952 3
1 1 0 0 6344 -7730 3
1 0 0 0 9588 2840 3
1 0 0 0 9588 2840 3
1 0 0 0 -7730 6344 3
1 0 1 0 -980 9952 3
1 1 0 0 1305 9914 3
1 0 0 0 -9569 2903 3
1 1 0 0 -9569 2903 3
1 1 0 0 2903 9569 3
1 1 0 0 -980 -9952 3
1 1 0 0 6344 7730 3
1 0 0 0 9569 -2903 3
1 1 1 0 6459 -7634 3
1 1 1 0 -1624 9867 3
1 0 0 0 -1582 9874 3
1 0 1 0 980 9952 3
1 1 1 0 8814 -4724 3
1 1 1 0 8814 -4724 3
1 1 0 1 -8957 4447 3
1 1 0 0 4714 -8819 3
1 0 1 0 0 -10000 3
1 0 1 0 0 -10000 3
1 0 0 0 0 -10000 3
1 0 1 0 -6344 7730 3
1 0 1 0 4714 -8819 3
1 0 1 0 4714 -8819 3
1 0 1 0 4714 -8819 3
1 0 1 0 4714 -8819 3
1 0 1 0 9892 1463 3
1 0 1 0 9892 1463 3
1 0 1 0 9892 1463 3
1 0 1 0 -8819 -4714 3
1 0 1 0 -7730 6344 3
1 0 0 0 980 -9952 3
1 0 1 0 -2903 -9569 3
1 0 1 0 391 9992 3
1 0 0 0 0 10000 3
1 0 1 0 9569 2903 3
1 0 0 0 0 10000 3
1 0 1 0 4714 8819 3
1 0 0 0 0 10000 3
1 0 1 0 -980 -9952 3
1 0 1 0 -9440 -3301 3
1 0 1 0 1822 -9833 3
1 0 0 0 1822 -9833 3
1 0 0 1 9049 -4256 3
1 0 0 0 9049 -4256 3
-1 0 1 0 -8819 -4714 3
0 0 0 0 -8819 -4714 3
1 0 1 0 -1377 9905 3
1 0 1 0 1936 9811 3
1 0 1 0 1936 9811 3
1 0 0 0 1802 9836 3
-1 0 1 0 -1951 9808 3
1 0 0 0 -1951 9808 3
1 0 1 0 -6344 7730 3
-1 0 1 0 -6649 7469 3
-1 0 1 0 -6649 7469 3
0 0 1 0 -6649 7469 3
-1 0 1 0 -6649 7469 3
-1 0 1 0 -6649 7469 3
-1 0 1 0 -6649 7469 3
0 0 0 0 -6649 7469 3
-1 0 1 0 -9636 2674 3
-1 0 1 0 -9655 2606 3
-1 0 0 0 -9655 2606 3
-1 0 1 0 -9687 2483 3
-1 0 1 0 -9633 2685 3
-1 0 1 0 -9304 3665 3
-1 0 0 0 -9239 3827 3
-1 0 1 0 -9729 -2311 3
-1 0 1 0 -9725 -2328 3
-1 0 1 0 -9703 -2419 3
-1 0 1 1 8740 4860 3
-1 0 1 0 8717 4900 3
-1 0 0 0 -8746 -4848 3
-1 0 1 0 -5880 -8089 3
-1 0 0 0 -6428 -7660 3
-1 0 1 0 -5268 -8500 3
-1 0 0 0 -9367 -3502 3
-1 0 1 0 -4854 -8743 3
-1 0 0 0 -5446 -8387 3
-1 0 1 0 -3329 -9430 3
-1 0 0 0 -7071 -7071 3
-1 0 0 0 -3073 9516 3
-1 1 1 0 -1058 9944 3
-1 0 0 0 -4714 -8819 3
-1 0 1 0 -872 9962 3
-1 0 1 0 -877 9961 3
-1 1 0 0 0 10000 3
-1 1 1 0 -528 9986 3
-1 0 0 0 -872 9962 3
-1 0 1 0 1053 9944 3
-1 0 0 0 0 10000 3
-1 1 0 0 0 10000 3
-1 1 0 0 0 10000 3
-1 0 0 0 504 -9987 3
-1 0 0 0 0 10000 3
-1 0 0 0 -4273 9041 3
-1 0 0 0 -5246 8514 3
-1 0 0 0 9952 -980 3
-1 0 0 0 -980 9952 3
-1 0 0 0 1180 9930 3
-1 0 0 1 9236 3835 3
-1 0 0 0 9239 3827 3
-1 0 0 0 9746 2239 3
-1 0 0 0 -2903 -9569 3
-1 0 0 0 9239 3827 3
-1 0 1 0 671 -9977 3
-1 0 0 0 9239 3827 3
-1 0 0 0 9239 3827 3
-1 0 0 0 1908 -9816 3
-1 0 0 0 9239 3827 3
-1 0 1 0 -4475 8943 3
-1 0 1 0 -2903 9569 3
-1 0 1 0 9952 -980 3
-1 0 1 0 9952 -980 3
-1 0 0 0 980 9952 3
-1 0 0 0 980 9952 3
-1 0 0 0 980 9952 3
-1 0 1 0 -2974 -9547 3
-1 0 1 0 -2903 -9569 3
-1 0 0 0 -3827 9239 3
-1 0 1 0 -4455 -8953 3
-1 0 1 0 1478 -9890 3
-1 0 0 0 -3827 9239 3
-1 0 0 0 -3827 9239 3
-1 0 1 0 -5293 -8484 3
-1 0 1 1 4341 -9009 3
-1 0 0 0 -3827 -9239 3
-1 0 0 0 4683 -8835 3
-1 0 1 0 -1383 -9904 3
-1 0 0 0 5036 -8640 3
-1 0 1 0 -940 -9956 3
-1 0 0 0 5036 -8640 3
-1 0 1 0 -590 -9983 3
-1 0 0 0 5036 -8640 3
-1 0 1 0 -2398 -9708 3
-1 0 1 0 -1736 -9848 3
-1 0 0 0 -1736 -9848 3
-1 0 1 0 -2136 -9769 3
-1 0 1 0 8819 -4714 3
-1 0 1 0 8819 -4714 3
-1 0 0 0 0 -10000 3
-1 0 1 0 9137 -4064 3
-1 0 1 0 0 -10000 3
-1 1 0 0 -2300 -9732 3
-1 0 0 0 -4714 8819 3
-1 0 0 0 8819 4714 3
-1 0 0 0 4714 -8819 3
-1 1 0 0 -8949 -4462 3
-1 1 0 0 -4714 8819 3
-1 0 1 0 -2758 9612 3
-1 0 1 1 9023 -4312 3
-1 0 0 0 8819 4714 3
-1 1 1 0 507 9987 3
-1 0 0 0 8819 -4714 3
-1 0 1 0 660 9978 3
-1 1 0 0 -980 9952 3
-1 1 1 0 -4902 8716 3
-1 0 1 0 791 9969 3
-1 1 1 0 949 9955 3
-1 1 0 0 1564 9877 3
-1 1 0 0 -3454 9385 3
-1 0 1 0 -1555 9878 3
-1 0 1 0 -980 9952 3
-1 1 0 0 -980 9952 3
-1 0 0 0 -980 9952 3
-1 0 0 0 980 9952 3
-1 1 0 0 980 9952 3
-1 1 0 0 3746 9272 3
-1 1 1 0 2797 9601 3
-1 1 0 0 2903 9569 3
-1 0 0 0 1616 9869 3
-1 0 0 0 1616 9869 3
-1 0 1 0 -5830 -8125 3
-1 1 1 0 -3090 -9511 3
-1 1 0 0 7705 -6374 3
-1 0 1 0 -2827 -9592 3
-1 0 0 0 7705 -6374 3
-1 1 0 0 -3827 -9239 3
-1 0 1 0 -2746 -9616 3
-1 1 1 0 -2756 -9613 3
-1 1 0 0 -3827 -9239 3
-1 0 1 0 -1741 -9847 3
-1 0 1 0 -1951 -9808 3
-1 0 0 0 -1951 -9808 3
-1 0 0 0 -1899 -9818 3
-1 0 0 0 -1951 -9808 3
-1 1 1 0 923 -9957 3
-1 0 1 0 -3665 -9304 3
-1 0 0 0 -9727 2319 3
-1 0 0 1 9279 3727 3
-1 0 1 0 -3433 9392 3
-1 0 1 0 0 10000 3
-1 0 0 0 0 10000 3
-1 0 0 0 0 10000 3
-1 0 0 0 0 10000 3
-1 0 0 0 4714 -8819 3
-1 0 0 0 -2800 -9600 3
-1 0 0 0 -9569 2903 3
-1 0 0 0 -2800 -9600 3
-1 0 0 0 -2939 9558 3
-1 0 0 0 6344 7730 3
0 0 0 0 6344 7730 3
0 0 1 0 -1277 -9918 3
1 0 1 0 -980 -9952 3
0 0 0 0 -2976 9547 3
0 0 0 0 -1182 -9930 3
0 1 1 0 959 -9954 3
0 0 1 0 980 -9952 3
0 0 1 0 980 -9952 3
0 0 1 0 980 -9952 3
0 0 1 0 980 -9952 3
1 0 1 0 980 -9952 3
0 0 1 0 980 -9952 3
1 0 1 0 980 -9952 3
0 0 0 0 980 -9952 3
1 1 1 0 7185 -6955 3
0 0 1 0 7133 -7009 3
0 0 1 0 7133 -7009 3
1 0 0 1 -9776 2104 3
-1 1 1 0 -4751 8800 3
-1 1 1 0 -4714 8819 3
1 1 0 0 -4714 8819 3
0 1 1 0 -8819 4714 3
1 1 1 0 -8819 4714 3
0 0 1 0 -8819 4714 3
0 0 1 0 -8819 4714 3
-1 1 1 0 -6820 7314 3
-1 1 1 0 -6820 7314 3
0 0 1 0 -6820 7314 3
-1 1 1 0 -6820 7314 3
-1 1 1 0 -6820 7314 3
-1 0 1 0 -8111 5850 3
-1 0 1 0 -8111 5850 3
-1 1 1 0 -8111 5850 3
-1 1 1 0 -8111 5850 3
-1 0 1 0 -8111 5850 3
-1 1 1 0 -8111 5850 3
-1 0 1 0 -8111 5850 3
-1 1 1 0 -8111 5850 3
-1 1 1 0 -8111 5850 3
-1 1 1 0 -8111 5850 3
-1 1 1 0 -8111 5850 3
-1 1 1 0 -8111 5850 3
-1 1 1 0 -8111 5850 3
-1 0 1 0 -3960 9183 3
-1 0 1 0 -3960 9183 3
-1 1 1 0 -4058 9140 3
-1 0 1 0 -3799 9250 3
0 1 1 0 -1357 9907 3
0 1 1 0 -1357 9907 3
0 0 1 0 -1357 9907 3
1 1 1 0 -1357 9907 3
1 1 1 0 -1357 9907 3
0 1 0 0 -1357 9907 3
-1 0 1 0 950 9955 3
-1 0 1 1 9501 -3120 3
-1 0 0 0 -1357 9907 3
-1 1 0 0 9666 -2564 3
-1 0 0 0 8590 -5121 3
-1 0 0 0 -1357 9907 3
-1 0 0 0 9246 -3809 3
-1 1 0 0 -8968 4424 3
-1 1 0 0 -9569 2903 3
-1 1 0 0 -9837 1796 3
-1 1 0 0 -9837 1796 3
-1 1 0 0 -9837 1796 3
-1 0 1 0 -8601 -5102 3
-1 0 0 0 -9239 -3827 3
-1 0 1 0 -8151 -5793 3
-1 0 0 0 -8480 -5299 3
-1 1 1 0 -7754 -6314 3
-1 0 0 0 -8039 -5948 3
-1 0 1 0 -6830 -7304 3
-1 1 0 0 -8039 -5948 3
-1 1 1 0 -8320 -5547 3
-1 1 1 0 -8693 -4944 3
-1 1 1 0 -8745 -4851 3
-1 1 0 0 -9026 -4305 3
-1 1 1 0 -7252 -6886 3
-1 1 1 0 -6344 -7730 3
-1 1 1 0 -7071 -7071 3
-1 1 0 0 -8090 -5878 3
-1 1 1 0 -6309 -7758 3
-1 1 1 0 -6554 -7553 3
-1 0 0 1 -8064 5914 3
-1 0 1 0 -4987 -8668 3
-1 0 1 0 -5226 -8526 3
-1 0 1 0 -5226 -8526 3
-1 0 1 0 -5233 -8522 3
-1 0 1 0 -4759 -8795 3
-1 0 1 0 -4759 -8795 3
-1 1 1 0 -4759 -8795 3
-1 1 1 0 -4759 -8795 3
-1 1 0 0 -4714 -8819 3
-1 1 1 0 1502 -9887 3
-1 1 1 0 1736 -9848 3
-1 1 1 0 1294 -9916 3
-1 1 0 0 1499 -9887 3
-1 1 1 0 4456 -8952 3
-1 0 0 0 4540 -8910 3
-1 0 0 0 4540 -8910 3
-1 0 0 0 -9569 -2903 3
-1 0 1 0 -10000 -30 3
-1 1 1 0 -2903 -9569 3
-1 1 0 0 0 10000 3
-1 1 0 0 -2892 -9573 3
-1 1 0 0 0 10000 3
-1 1 1 0 4384 -8988 3
-1 1 0 0 -9506 -3103 3
-1 0 1 0 4556 -8902 3
-1 0 0 0 5150 -8572 3
-1 0 1 0 4618 -8870 3
-1 0 1 0 5428 -8398 3
-1 0 1 0 6361 -7716 3
-1 0 1 1 1960 9806 3
-1 0 1 0 6478 -7618 3
-1 0 0 0 2987 9543 3
-1 0 0 0 2987 9543 3
-1 0 1 0 904 9959 3
-1 0 0 0 2987 9543 3
-1 0 1 0 -8000 6000 3
-1 0 1 0 -5517 8340 3
-1 0 1 0 -2588 9659 3
-1 1 0 0 -8819 4715 3
-1 1 0 0 -8819 4715 3
-1 1 0 0 -8819 4715 3
-1 1 0 0 -5645 8255 3
-1 1 0 0 -8819 4715 3
-1 1 1 0 -654 9979 3
-1 1 0 0 -2504 9681 3
-1 1 1 0 411 9992 3
-1 0 0 0 -8819 4715 3
-1 0 0 0 -396 -9992 3
-1 0 1 0 1066 -9943 3
-1 1 1 0 1189 -9929 3
-1 1 0 0 0 -10000 3
-1 0 1 0 3388 -9409 3
-1 0 1 0 4462 -8949 3
-1 0 1 0 4462 -8949 3
-1 0 0 1 -8072 -5903 3
-1 0 1 0 5709 -8210 3
-1 0 0 0 -8115 -5843 3
1 0 1 0 5664 -8241 3
1 1 0 0 5948 -8039 3
-1 0 1 0 7359 -6771 3
-1 0 0 0 5225 -8526 3
-1 0 1 0 7814 -6240 3
-1 0 0 0 7316 -6817 3
-1 1 1 0 -5344 8453 3
-1 0 1 0 -2504 9681 3
-1 0 0 0 -2504 9681 3
-1 0 1 0 -3727 9279 3
-1 0 0 0 -1951 9808 3
-1 0 1 0 -3257 9455 3
-1 0 0 0 -980 9952 3
-1 1 1 0 -4408 8976 3
-1 0 1 0 -3827 9239 3
-1 0 0 0 -3827 9239 3
-1 1 1 0 -4362 8998 3
-1 1 1 0 -3458 9383 3
-1 1 1 0 -3443 9389 3
-1 1 1 0 -3443 9389 3
-1 1 1 0 -3443 9389 3
-1 1 1 0 -980 9952 3
-1 0 1 0 -980 9952 3
-1 0 1 1 5072 -8618 3
-1 0 1 0 4854 -8743 3
-1 0 1 0 5556 -8315 3
-1 1 0 0 5556 -8315 3
-1 1 1 0 1442 9896 3
-1 0 1 0 1575 9875 3
-1 1 1 0 -2903 9569 3
-1 1 0 0 -872 9962 3
-1 1 0 0 -872 9962 3
-1 0 0 0 -872 9962 3
-1 0 0 0 3827 9239 3
-1 0 0 0 -980 9952 3
-1 0 0 0 6272 -7789 3
-1 0 0 0 -980 9952 3
-1 0 1 0 5215 -8532 3
-1 0 0 0 -980 9952 3
-1 0 1 0 2903 9569 3
-1 0 1 0 2903 9569 3
-1 0 0 0 2903 9569 3
-1 1 0 0 2903 9569 3
-1 1 0 0 2903 9569 3
-1 0 1 0 -7490 -6626 3
-1 0 0 0 -7490 -6626 3
-1 0 1 0 -7133 -7009 3
-1 0 0 0 -6344 -7730 3
-1 0 1 0 -6691 -7431 3
-1 0 0 0 3338 -9426 3
-1 0 1 0 -6344 -7730 3
-1 0 0 0 -6225 -7826 3
-1 0 1 0 -7730 -6344 3
-1 0 1 0 -5736 -8192 3
-1 0 0 0 -5736 -8192 3
-1 0 1 0 -6884 -7254 3
-1 1 0 0 -7730 -6344 3
-1 0 1 0 -4714 -8819 3
-1 0 1 0 -6561 -7547 3
-1 0 0 0 -6561 -7547 3
-1 0 1 0 5299 8480 3
-1 1 0 0 -9571 -2898 3
-1 0 0 0 38 10000 3
1 0 1 0 2903 9569 3
0 0 1 1 440 9990 3
0 0 0 0 4714 8819 3
1 0 1 0 8241 5664 3
1 0 1 0 8315 5556 3
1 0 1 0 8315 5556 3
1 0 1 0 9234 3839 3
1 0 1 0 9234 3839 3
1 0 0 0 9234 3839 3
1 0 0 0 9234 3839 3
1 0 1 0 9925 1219 3
1 0 1 0 9552 2961 3
1 0 1 0 9552 2961 3
1 0 1 0 9552 2961 3
1 0 1 0 9552 2961 3
1 0 1 0 9552 2961 3
1 0 0 0 9552 2961 3
1 0 1 0 8788 -4772 3
1 0 1 0 8765 -4815 3
1 0 1 0 8765 -4815 3
1 0 0 0 8765 -4815 3
1 0 1 0 7254 -6884 3
1 0 0 0 8765 -4815 3
1 0 1 0 7071 -7071 3
1 0 1 0 7071 -7071 3
1 0 1 0 6996 -7146 3
1 0 0 0 6227 -7825 3
1 0 1 0 5834 -8122 3
1 0 1 0 5834 -8122 3
1 0 1 0 5834 -8122 3
1 0 1 0 5834 -8122 3
1 0 1 1 9627 2706 3
1 0 0 0 9530 3031 3
1 0 1 0 3125 9499 3
1 0 1 0 5189 8548 3
1 1 1 0 2903 9569 3
1 1 0 0 5909 -8067 3
1 1 1 0 2903 9569 3
1 1 0 0 5909 -8067 3
1 1 0 0 5909 -8067 3
1 1 0 0 3338 9426 3
1 1 0 0 3338 9426 3
1 1 0 0 2903 9569 3
1 0 1 0 3502 9367 3
1 0 1 0 3502 9367 3
1 0 1 0 3502 9367 3
1 0 0 0 -2903 -9569 3
1 0 0 0 -3827 -9239 3
1 0 0 0 -3827 -9239 3
1 0 0 0 -3827 -9239 3
1 1 1 0 -3426 -9395 3
1 0 0 0 3173 9483 3
1 1 1 0 -3967 -9179 3
1 1 0 0 -3827 -9239 3
1 0 1 0 -4236 -9059 3
1 0 0 0 -4714 -8819 3
1 0 1 0 -4695 -8829 3
1 1 0 0 -407 -914 3
1 0 1 0 -5225 -8526 3
1 0 0 0 -466 -885 3
1 0 0 0 -466 -885 3
1 0 1 0 980 9952 3
1 0 1 1 -1951 -9808 3
1 1 1 0 1393 9903 3
1 0 0 0 1393 9903 3
1 0 1 0 -980 9952 3
1 0 1 0 -8078 -5894 3
1 0 1 0 -8078 -5894 3
1 1 0 0 -4714 8819 3
1 1 0 0 0 -1000 3
1 1 0 0 9993 -374 3
1 1 1 0 -8951 4459 3
1 1 1 0 0 -1000 3
1 0 0 0 9438 -3305 3
1 0 0 0 9438 -3305 3
1 0 0 0 0 -1000 3
1 0 1 0 4100 -9121 3
1 0 0 0 4067 -9135 3
1 0 1 0 3746 -9272 3
1 0 0 0 6761 -7369 3
1 1 0 0 6349 -7726 3
1 0 1 0 6609 -7505 3
1 0 1 0 6609 -7505 3
1 0 1 0 6609 -7505 3
1 1 1 0 5372 -8434 3
1 1 0 0 5372 -8434 3
1 1 1 0 5372 -8434 3
1 1 0 1 -7466 6653 3
1 0 1 0 3090 9511 3
1 0 1 0 3090 9511 3
1 0 0 0 3090 9511 3
1 0 0 0 3090 9511 3
1 0 0 0 3090 9511 3
1 0 1 0 4714 -8819 3
1 0 1 0 4714 -8819 3
1 0 1 0 4714 -8819 3
1 0 1 0 4714 -8819 3
1 0 1 0 4714 -8819 3
1 0 1 0 9995 -331 3
1 0 0 0 -995 -98 3
1 0 1 0 9995 -331 3
1 1 0 0 9995 -331 3
1 1 1 0 574 9984 3
1 0 0 0 -995 -98 3
1 0 1 0 -6344 -7730 3
1 1 1 0 -9569 -2903 3
1 0 0 0 -9569 -2903 3
1 0 1 0 980 -9952 3
1 0 0 0 980 -9952 3
0 0 1 0 1251 -9921 3
0 0 1 0 1251 -9921 3
-1 0 1 0 980 -9952 3
-1 1 1 1 9256 3786 3
-1 0 1 0 -2936 -9559 3
-1 0 1 0 -2936 -9559 3
1 0 1 0 -2936 -9559 3
0 0 1 0 -2936 -9559 3
-1 0 0 0 -2936 -9559 3
-1 0 1 0 -7826 -6225 3
0 0 0 0 -7826 -6225 3
1 0 1 0 -9063 -4226 3
1 0 0 0 -9063 -4226 3
1 0 1 0 3907 9205 3
1 1 0 0 3907 9205 3
0 0 1 0 1650 9863 3
1 0 0 0 773 634 3
1 0 0 0 980 9952 3
0 0 0 0 980 9952 3
0 0 1 0 -2243 9745 3
-1 1 1 0 -2250 9744 3
-1 0 1 0 -2250 9744 3
-1 0 1 0 -2250 9744 3
-1 1 1 0 -2250 9744 3
-1 1 1 0 -2250 9744 3
-1 1 1 0 -2250 9744 3
0 1 1 0 -2250 9744 3
-1 1 0 0 -2250 9744 3
0 1 1 0 80 10000 3
1 1 1 0 -969 9953 3
0 1 1 0 -969 9953 3
1 1 1 0 -969 9953 3
1 0 0 0 -969 9953 3
1 0 1 0 9966 -828 3
1 0 1 0 9063 -4226 3
1 1 1 0 9063 -4226 3
1 1 0 0 817 -577 3
1 1 1 0 7973 -6036 3
1 0 0 0 785 -619 3
1 0 1 0 6293 -7771 3
1 1 1 1 -9856 -1693 3
1 1 0 0 785 -619 3
1 0 1 0 3665 -9304 3
1 0 0 0 -981 195 3
1 0 0 0 -981 195 3
1 0 0 0 -981 195 3
1 0 0 0 -981 195 3
1 0 0 0 -981 195 3
1 0 0 0 -981 195 3
1 0 1 0 6321 -7749 3
1 0 1 0 6332 -7740 3
1 0 1 0 6332 -7740 3
1 0 1 0 6332 -7740 3
1 0 1 0 6332 -7740 3
1 0 0 0 634 -773 3
1 0 0 0 634 -773 3
1 0 1 0 634 -773 3
1 0 1 0 634 -773 3
1 0 1 0 634 -773 3
1 0 1 0 4714 -8819 3
1 0 1 0 4602 -8878 3
1 0 0 0 4602 -8878 3
1 0 1 0 4714 -8819 3
1 0 1 0 4226 -9063 3
1 0 1 0 4602 -8878 3
1 0 1 0 4602 -8878 3
1 0 0 0 556 -831 3
1 0 1 0 2685 -9633 3
1 0 1 0 2668 -9638 3
1 0 1 1 -9269 3754 3
1 0 0 0 6344 -7730 3
1 0 0 0 6344 -7730 3
1 0 1 0 804 9968 3
1 0 0 0 -8819 4714 3
1 0 0 0 -8819 4714 3
1 0 0 0 -2903 9569 3
1 0 0 0 -9719 2355 3
1 0 0 0 2250 -9744 3
1 0 0 0 3867 -9222 3
1 0 0 0 3867 -9222 3
1 0 0 0 3867 -9222 3
1 0 0 0 1908 -9816 3
1 0 0 0 3867 -9222 3
1 0 0 0 195 -981 3
1 0 0 0 195 -981 3
1 0 0 0 195 -981 3
1 0 0 0 -980 -9952 3
1 0 0 0 195 -981 3
1 0 1 0 5158 -8567 3
1 0 1 0 5141 -8577 3
1 0 1 0 5141 -8577 3
1 0 1 0 98 -995 3
1 0 1 0 98 -995 3
1 1 1 0 -2756 9613 3
1 1 0 1 -7444 6677 3
1 1 0 1 -8086 5883 3
1 1 1 0 9493 3143 3
1 1 0 0 4714 8819 3
1 0 1 0 9435 3314 3
1 0 0 0 2883 9575 3
1 0 0 0 2883 9575 3
1 0 0 0 -1153 -9933 3
1 0 1 0 9485 3167 3
1 0 0 0 -349 -9994 3
1 0 1 0 7730 -6344 3
1 0 1 0 7730 -6344 3
1 0 1 0 7730 -6344 3
1 0 1 0 7730 -6344 3
1 0 1 0 7730 -6344 3
1 0 1 0 -8819 -4714 3
1 0 1 0 -8819 -4714 3
1 0 1 0 -8819 -4714 3
1 0 1 0 -2893 -9572 3
1 0 1 0 -262 -9997 3
1 0 1 0 -262 -9997 3
1 0 0 0 1000 0 3
1 0 1 0 3007 9537 3
1 0 1 0 980 9952 3
1 0 0 0 980 9952 3
1 0 1 0 4714 8819 3
1 0 0 0 1000 0 3
1 1 1 0 9569 2903 3
1 0 0 0 262 9997 3
1 0 1 0 1736 9848 3
1 0 0 0 -980 9952 3
1 0 1 0 4714 -8819 3
1 0 0 0 -980 9952 3
1 0 0 0 -3827 9239 3
1 1 0 0 7730 6344 3
1 1 0 0 -4714 8819 3
1 1 0 1 6090 -7932 3
1 1 1 0 7227 6912 3
1 0 1 0 -980 9952 3
1 0 1 0 -980 9952 3
1 1 1 0 -6344 7730 3
1 1 1 0 2863 9581 3
1 1 1 0 1478 9890 3
1 1 1 0 1849 9828 3
1 0 1 0 1849 9828 3
1 0 0 0 1849 9828 3
1 0 1 0 -24 10000 3
1 0 1 0 3437 9391 3
1 1 1 0 3437 9391 3
1 1 1 0 3437 9391 3
1 1 1 0 2861 9582 3
1 0 0 0 2861 9582 3
1 0 0 0 2861 9582 3
1 1 1 0 1122 9937 3
1 0 1 0 2903 9569 3
1 0 0 0 2903 9569 3
1 1 1 0 -2143 9768 3
1 1 0 0 -935 9956 3
1 0 0 0 -935 9956 3
1 1 1 0 -4550 8905 3
1 1 0 0 -935 9956 3
1 1 0 0 2903 -9569 3
1 0 1 0 -4171 9089 3
1 1 0 0 -2903 9569 3
1 1 0 0 0 1000 3
1 0 0 0 0 1000 3
1 1 0 0 -2903 -9569 3
1 0 0 0 -195 981 3
1 0 1 0 -8451 5347 3
1 1 0 0 -195 981 3
1 1 1 0 3654 -9309 3
1 1 1 0 3715 -9284 3
1 1 1 0 3715 -9284 3
-1 1 1 0 383 -924 3
-1 1 1 0 383 -924 3
0 1 1 0 383 -924 3
0 1 1 0 383 -924 3
1 1 1 0 383 -924 3
-1 0 1 0 383 -924 3
-1 0 1 0 383 -924 3
-1 0 1 0 383 -924 3
-1 0 0 0 383 -924 3
-1 0 1 0 -7599 -6500 3
-1 0 1 0 -7631 -6462 3
-1 0 1 1 9776 2106 3
-1 0 1 0 -7771 -6293 3
-1 0 1 0 -7771 -6293 3
0 0 0 0 -7730 -6344 3
0 0 0 0 -7730 -6344 3
0 0 0 0 980 9952 3
0 0 0 0 4714 -8819 3
1 0 0 0 980 9952 3
1 0 1 0 8437 -5367 3
1 0 1 0 9997 -227 3
1 0 1 0 9994 349 3
1 0 1 0 9994 349 3
1 0 0 0 6494 7604 3
1 0 1 0 6738 7389 3
1 0 1 0 6602 7511 3
1 0 1 0 5592 8290 3
1 0 0 0 5590 8292 3
1 0 1 0 5300 8480 3
1 0 1 0 5327 8463 3
1 0 1 0 4695 8829 3
1 0 1 0 4714 8819 3
1 1 1 0 4728 8812 3
1 0 1 0 4728 8812 3
1 0 1 0 4728 8812 3
1 1 1 0 4728 8812 3
1 0 1 1 -4610 -8874 3
1 1 1 0 -7354 -6776 3
1 0 1 0 4728 8812 3
1 1 1 0 4728 8812 3
1 1 0 0 4728 8812 3
1 1 0 0 4728 8812 3
1 1 1 0 -2369 9715 3
1 1 1 0 -2903 9569 3
1 1 1 0 -2903 9569 3
1 0 0 0 -980 9952 3
1 0 0 0 -980 9952 3
1 0 0 0 -980 9952 3
0 0 1 0 9013 -4332 3
1 1 1 0 8560 -5169 3
1 1 1 0 8560 -5169 3
1 1 1 0 8560 -5169 3
0 1 1 0 8560 -5169 3
0 0 1 0 8560 -5169 3
1 0 0 0 4714 -8819 3
1 1 0 0 -924 383 3
1 1 1 0 -9288 3707 3
1 0 1 0 -8370 5472 3
1 1 1 0 -7730 6344 3
-1 1 0 0 -7730 6344 3
-1 0 1 0 -9429 3331 3
-1 0 1 0 -9469 3216 3
-1 0 1 0 -9613 2756 3
-1 1 1 0 -957 290 3
-1 1 1 0 -957 290 3
-1 1 1 0 -957 290 3
-1 1 1 0 -957 290 3
-1 1 1 0 -957 290 3
-1 1 1 0 -957 290 3
-1 0 1 0 -957 290 3
-1 0 1 0 -957 290 3
-1 0 1 1 -1743 -9847 3
-1 0 1 0 980 -9952 3
-1 0 0 0 895 -9960 3
-1 0 0 0 895 -9960 3
-1 0 1 0 1500 9887 3
-1 0 1 0 2313 9729 3
-1 1 1 0 2313 9729 3
1 0 1 0 6691 7431 3
1 0 1 0 6691 7431 3
1 0 1 0 6691 7431 3
1 0 1 0 6691 7431 3
1 0 1 0 6691 7431 3
0 0 1 0 9998 175 3
1 0 1 0 4617 8870 3
1 0 1 0 4617 8870 3
1 0 1 0 4617 8870 3
1 0 1 0 9863 1650 3
1 0 1 0 9863 1650 3
1 0 1 0 9863 1650 3
1 0 1 0 9863 1650 3
1 0 1 0 9863 1650 3
1 0 0 0 9863 1650 3
1 0 1 0 4714 -8819 3
1 0 1 0 5736 -8192 3
1 0 0 0 9171 3987 3
1 0 0 0 9171 3987 3
1 0 0 0 5000 -8660 3
1 0 1 0 -2903 9569 3
1 0 0 0 5000 -8660 3
0 0 0 0 -8819 4714 3
1 0 1 0 -6344 7730 3
1 0 0 0 -2903 9569 3
0 0 1 0 -7730 6344 3
-1 0 0 0 -981 195 3
-1 0 1 0 -9212 -3890 3
-1 0 1 0 -9062 -4229 3
-1 0 1 1 9261 -3772 3
-1 0 0 0 9239 -3827 3
-1 0 1 0 -5446 -8387 3
-1 0 0 0 924 -383 3
-1 0 1 0 -4714 -8819 3
-1 1 0 0 -496 -868 3
-1 1 0 0 -496 -868 3
-1 1 0 0 -496 -868 3
-1 1 0 0 -496 -868 3
-1 1 0 0 -496 -868 3
-1 1 0 0 981 -195 3
-1 0 1 0 1392 9903 3
-1 0 1 0 1392 9903 3
-1 0 0 0 -70 998 3
-1 0 0 0 -70 998 3
-1 0 0 0 -70 998 3
-1 0 1 0 892 9960 3
-1 0 1 0 892 9960 3
-1 0 0 0 92 996 3
-1 0 1 0 2903 9569 3
0 0 1 0 122 993 3
1 0 0 0 122 993 3
0 0 1 0 9952 974 3
1 0 1 0 995 98 3
1 0 1 0 995 98 3
1 0 1 0 995 98 3
1 0 1 1 7071 -7071 3
1 0 1 1 7071 -7071 3
1 0 1 1 7071 -7071 3
1 0 1 1 4617 -8870 3
1 0 1 0 707 -707 3
0 0 0 0 707 -707 3
1 1 1 0 2040 9790 3
1 1 1 0 2040 9790 3
