-1 0 1 0 -234 -972 -1
1 0 1 0 -234 -972 -1
0 0 1 0 -234 -972 -1
0 0 1 0 -234 -972 -1
0 0 1 0 -234 -972 -1
0 0 1 0 -234 -972 -1
-1 0 0 0 -98 -995 -1
-1 0 1 0 924 -381 -1
-1 0 1 0 924 -381 -1
-1 0 1 0 924 -381 -1
0 0 1 0 924 -381 -1
0 0 1 0 924 -381 -1
1 0 1 0 924 -381 -1
0 0 1 0 924 -381 -1
0 0 1 0 924 -381 -1
1 0 1 0 924 -381 -1
0 0 1 0 924 -381 -1
-1 0 1 0 924 -381 -1
1 0 1 0 924 -381 -1
1 0 0 0 924 -383 -1
1 0 1 0 752 659 -1
1 0 1 0 752 659 -1
1 0 1 0 752 659 -1
1 0 0 0 752 659 -1
1 0 0 0 773 634 -1
1 0 1 0 707 707 -1
1 0 1 0 707 707 -1
1 0 1 0 707 707 -1
1 0 1 0 -981 -195 -1
1 0 0 0 -981 -195 -1
1 0 1 0 383 924 -1
1 0 1 0 383 924 -1
1 0 0 0 383 924 -1
1 0 1 0 -981 195 -1
1 0 1 0 -981 195 -1
1 0 1 0 -981 195 -1
1 0 0 0 -981 195 -1
1 0 0 0 -981 195 -1
1 0 1 0 786 -618 -1
1 0 1 0 786 -618 -1
1 0 1 0 786 -618 -1
1 0 1 0 786 -618 -1
1 0 1 0 786 -618 -1
1 0 0 0 773 -634 -1
1 0 1 0 779 -627 -1
1 0 1 0 779 -627 -1
1 0 1 0 779 -627 -1
1 0 1 0 779 -627 -1
1 0 1 0 779 -627 -1
1 0 0 0 773 -634 -1
1 0 1 0 787 -616 -1
1 0 1 0 787 -616 -1
1 0 1 0 787 -616 -1
1 0 1 0 787 -616 -1
1 0 1 0 787 -616 -1
1 0 1 0 787 -616 -1
1 0 1 0 787 -616 -1
1 0 0 0 773 -634 -1
1 0 1 0 580 -815 -1
1 0 1 0 580 -815 -1
1 0 1 0 580 -815 -1
1 0 1 0 580 -815 -1
1 0 1 0 580 -815 -1
1 0 1 0 580 -815 -1
1 1 0 0 634 -773 -1
1 0 0 0 634 -773 -1
1 0 0 0 634 -773 -1
1 0 1 0 139 990 -1
1 0 0 0 0 -1 -1
1 0 1 0 1170 9931 -1
1 0 0 0 0 -1 -1
1 1 1 0 1414 9899 -1
1 0 0 0 0 -1 -1
1 0 1 0 1170 9931 -1
1 0 0 0 0 -1 -1
1 0 1 0 243 970 -1
1 0 1 0 0 -1 -1
1 0 0 0 0 -1 -1
1 0 1 0 -904 -428 -1
1 0 1 0 0 -1 -1
1 0 0 0 0 -1 -1
1 0 1 0 337 942 -1
1 0 1 0 0 -1 -1
1 0 1 0 0 -1 -1
1 0 1 0 0 -1 -1
1 0 1 0 0 -1 -1
1 0 1 0 0 -1 -1
1 0 0 0 0 -1 -1
1 0 1 0 -904 428 -1
1 0 1 0 0 -1 -1
1 0 1 0 0 -1 -1
1 0 1 0 0 -1 -1
1 0 0 0 0 -1 -1
1 0 1 0 243 970 -1
1 0 1 0 0 -1 -1
1 0 1 0 0 -1 -1
1 0 0 0 0 -1 -1
1 0 1 0 999 49 -1
1 0 0 0 0 -1 -1
1 0 1 0 803 596 -1
1 0 1 0 0 -1 -1
1 0 1 0 0 -1 -1
1 0 1 0 0 -1 -1
1 0 1 0 0 -1 -1
1 0 0 0 0 -1 -1
1 0 1 0 904 -428 -1
1 0 1 0 0 -1 -1
1 0 1 0 0 -1 -1
1 0 1 0 0 -1 -1
1 0 1 0 0 -1 -1
1 0 0 0 0 -1 -1
1 0 0 0 0 -1 -1
1 0 1 0 803 -596 -1
1 0 1 0 0 -1 -1
1 0 1 0 0 -1 -1
1 0 1 0 0 -1 -1
1 0 1 0 0 -1 -1
1 0 1 0 0 -1 -1
1 0 1 0 0 -1 -1
1 0 1 0 0 -1 -1
1 0 1 0 0 -1 -1
1 0 1 0 0 -1 -1
1 0 1 0 0 -1 -1
1 0 0 0 0 -1 -1
1 1 1 0 49 999 -1
1 0 0 0 0 -1 -1
1 0 1 0 243 970 -1
1 0 1 0 0 -1 -1
1 0 0 0 0 -1 -1
1 0 1 0 514 858 -1
1 0 1 0 0 -1 -1
1 0 1 0 0 -1 -1
1 0 1 0 0 -1 -1
1 0 1 0 0 -1 -1
1 0 0 0 0 -1 -1
1 0 0 0 0 -1 -1
1 0 1 0 -904 428 -1
1 0 1 0 0 -1 -1
1 0 1 0 0 -1 -1
1 0 0 0 0 -1 -1
1 0 1 0 514 858 -1
1 0 1 0 0 -1 -1
1 0 1 0 0 -1 -1
1 0 1 0 0 -1 -1
1 0 1 0 0 -1 -1
1 1 1 0 0 -1 -1
1 0 0 0 0 -1 -1
1 0 1 0 915 9958 -1
1 0 0 0 0 -1 -1
1 0 0 0 0 -1 -1
1 0 1 0 -672 -741 -1
1 0 0 0 0 -1 -1
1 0 1 0 -741 -672 -1
1 0 0 0 0 -1 -1
1 0 1 0 -942 337 -1
1 0 1 0 0 -1 -1
1 0 0 0 0 -1 -1
1 0 1 0 672 -741 -1
1 0 1 0 0 -1 -1
1 0 1 0 0 -1 -1
1 0 1 0 0 -1 -1
1 0 1 0 0 -1 -1
1 0 0 0 0 -1 -1
1 0 1 0 337 -942 -1
1 0 1 0 0 -1 -1
1 0 1 0 0 -1 -1
1 0 1 0 0 -1 -1
1 0 0 0 0 -1 -1
1 0 0 0 0 -1 -1
1 0 1 0 147 -989 -1
1 0 1 0 0 -1 -1
1 0 1 0 0 -1 -1
1 0 0 0 0 -1 -1
1 0 1 0 127 9999 -1
1 0 0 0 0 -1 -1
1 0 1 0 -596 -803 -1
1 0 0 0 0 -1 -1
1 0 1 0 -514 -858 -1
1 0 0 0 0 -1 -1
1 0 1 0 -311 9995 -1
1 0 0 0 0 -1 -1
1 0 1 0 -567 9984 -1
1 0 0 0 0 -1 -1
1 0 1 0 596 -803 -1
1 0 1 0 0 -1 -1
1 0 1 0 0 -1 -1
1 0 0 0 0 -1 -1
1 0 1 0 428 904 -1
1 0 1 0 0 -1 -1
1 0 1 0 0 -1 -1
1 0 1 0 0 -1 -1
1 0 0 0 0 -1 -1
1 0 1 0 6242 7813 -1
1 0 1 0 0 -1 -1
1 0 0 0 0 -1 -1
1 0 1 0 -514 -858 -1
1 0 0 0 0 -1 -1
1 0 1 0 596 -803 -1
1 0 1 0 0 -1 -1
1 0 1 0 0 -1 -1
1 0 1 0 0 -1 -1
1 0 1 0 0 -1 -1
1 0 1 0 0 -1 -1
1 0 1 0 0 -1 -1
1 0 0 0 0 -1 -1
1 0 1 0 -49 -999 -1
1 0 0 0 0 -1 -1
1 0 1 0 428 -904 -1
1 0 1 0 0 -1 -1
1 0 1 0 0 -1 -1
1 0 1 0 0 -1 -1
1 0 1 0 0 -1 -1
1 0 1 0 0 -1 -1
1 0 0 0 0 -1 -1
1 0 1 0 -158 9999 -1
1 0 0 0 0 -1 -1
1 0 1 0 514 -858 -1
1 0 0 0 0 -1 -1
1 0 1 0 337 -942 -1
1 0 1 0 0 -1 -1
1 0 1 0 0 -1 -1
1 0 1 0 0 -1 -1
1 0 1 0 0 -1 -1
1 0 0 0 0 -1 -1
1 0 0 0 0 -1 -1
1 0 1 0 -428 -904 -1
1 0 1 0 0 -1 -1
1 0 1 0 0 -1 -1
1 0 0 0 0 -1 -1
1 0 1 0 989 147 -1
1 0 1 0 0 -1 -1
1 0 1 0 0 -1 -1
1 0 1 0 0 -1 -1
1 0 1 0 0 -1 -1
1 0 1 0 0 -1 -1
1 0 0 0 0 -1 -1
1 0 1 0 -672 -741 -1
1 0 0 0 0 -1 -1
1 0 1 0 147 989 -1
1 0 0 0 0 -1 -1
1 0 1 0 596 -803 -1
1 0 1 0 0 -1 -1
1 0 1 0 0 -1 -1
1 0 1 0 0 -1 -1
1 0 1 0 0 -1 -1
1 0 1 0 0 -1 -1
1 0 0 0 0 -1 -1
1 0 0 0 0 -1 -1
1 0 1 0 514 -858 -1
1 0 1 0 0 -1 -1
1 0 1 0 0 -1 -1
1 0 1 0 0 -1 -1
1 0 1 0 0 -1 -1
1 0 1 0 0 -1 -1
1 0 1 0 0 -1 -1
1 1 1 0 0 -1 -1
1 0 1 0 0 -1 -1
1 0 1 0 0 -1 -1
1 0 1 0 0 -1 -1
1 0 1 0 0 -1 -1
1 0 0 0 0 -1 -1
1 0 0 0 0 -1 -1
1 0 1 0 -989 -147 -1
1 0 0 0 0 -1 -1
1 0 1 0 -904 428 -1
1 0 1 0 0 -1 -1
1 0 0 0 0 -1 -1
1 0 1 0 699 9976 -1
1 0 0 0 0 -1 -1
1 0 0 0 0 -1 -1
1 0 1 0 49 999 -1
1 0 0 0 0 -1 -1
1 0 1 0 596 803 -1
1 0 1 0 0 -1 -1
1 0 1 0 0 -1 -1
1 0 1 0 0 -1 -1
1 0 1 0 0 -1 -1
1 0 0 0 0 -1 -1
1 0 1 0 243 970 -1
1 0 1 0 0 -1 -1
1 0 1 0 0 -1 -1
1 0 0 0 0 -1 -1
1 0 1 0 514 -858 -1
1 0 1 0 0 -1 -1
1 0 0 0 0 -1 -1
1 1 1 0 -904 -428 -1
1 0 0 0 0 -1 -1
1 0 1 0 428 904 -1
1 0 1 0 0 -1 -1
1 0 1 0 0 -1 -1
1 0 1 0 0 -1 -1
1 0 1 0 0 -1 -1
1 0 0 0 0 -1 -1
1 0 0 0 0 -1 -1
1 0 1 0 3512 9363 -1
1 0 1 0 0 -1 -1
1 0 1 0 0 -1 -1
1 0 0 0 0 -1 -1
1 0 1 0 337 942 -1
1 0 1 0 0 -1 -1
1 0 1 0 0 -1 -1
1 0 0 0 0 -1 -1
1 0 1 0 999 49 -1
1 0 0 0 0 -1 -1
1 0 1 0 989 147 -1
1 0 1 0 0 -1 -1
1 0 1 0 0 -1 -1
1 0 1 0 0 -1 -1
1 0 1 0 0 -1 -1
1 0 1 0 0 -1 -1
1 0 0 0 0 -1 -1
1 0 1 0 970 -243 -1
1 0 1 0 0 -1 -1
1 0 0 0 0 -1 -1
1 0 1 0 -428 -904 -1
1 0 0 0 0 -1 -1
1 0 1 0 -942 337 -1
1 0 1 0 0 -1 -1
1 0 0 0 0 -1 -1
1 0 1 0 -970 -243 -1
1 0 0 0 0 -1 -1
1 0 1 0 741 -672 -1
1 0 1 0 0 -1 -1
1 0 1 0 0 -1 -1
1 0 1 0 0 -1 -1
1 0 0 0 0 -1 -1
1 0 1 0 970 243 -1
1 0 1 0 0 -1 -1
1 0 1 0 0 -1 -1
1 0 0 0 0 -1 -1
1 0 1 0 -1379 9904 -1
1 0 0 0 0 -1 -1
1 0 1 0 -741 -672 -1
1 0 1 0 0 -1 -1
1 0 0 0 0 -1 -1
1 0 1 0 49 -999 -1
1 0 0 0 0 -1 -1
1 0 1 0 596 -803 -1
1 0 1 0 0 -1 -1
1 0 1 0 0 -1 -1
1 0 1 0 0 -1 -1
1 0 1 0 0 -1 -1
1 0 1 0 0 -1 -1
1 0 1 0 0 -1 -1
1 0 1 0 0 -1 -1
1 1 1 0 0 -1 -1
1 0 1 0 0 -1 -1
-1 0 1 0 0 -1 -1
1 0 1 0 0 -1 -1
1 0 1 0 0 -1 -1
1 0 1 0 0 -1 -1
1 0 1 0 0 -1 -1
1 0 1 0 0 -1 -1
1 0 1 0 0 -1 -1
1 0 1 0 0 -1 -1
1 0 0 0 0 -1 -1
1 0 1 0 -7723 -6353 -1
1 0 1 0 0 -1 -1
1 0 0 0 0 -1 -1
1 0 1 0 6487 7610 -1
1 0 1 0 0 -1 -1
1 0 1 0 0 -1 -1
1 0 1 0 0 -1 -1
0 0 1 0 0 -1 -1
1 0 1 0 0 -1 -1
1 0 1 0 0 -1 -1
1 0 1 0 0 -1 -1
1 0 1 0 0 -1 -1
1 0 1 0 0 -1 -1
1 0 1 0 0 -1 -1
1 0 1 0 0 -1 -1
1 0 1 0 0 -1 -1
1 0 1 0 0 -1 -1
1 0 1 0 0 -1 -1
1 0 1 0 0 -1 -1
1 0 1 0 0 -1 -1
1 0 1 0 0 -1 -1
-1 0 1 0 0 -1 -1
1 0 1 0 0 -1 -1
1 0 1 0 0 -1 -1
1 0 1 0 0 -1 -1
1 0 1 0 0 -1 -1
1 0 1 0 0 -1 -1
1 0 1 0 0 -1 -1
0 0 1 0 0 -1 -1
-1 0 1 0 0 -1 -1
0 0 1 0 0 -1 -1
1 0 1 0 0 -1 -1
1 0 1 0 0 -1 -1
1 0 1 0 0 -1 -1
0 0 1 0 0 -1 -1
1 0 0 0 0 -1 -1
1 0 1 0 -8491 5282 -1
1 0 1 0 0 -1 -1
1 0 0 0 0 -1 -1
1 0 1 0 -8791 4766 -1
1 0 1 0 0 -1 -1
1 0 0 0 0 -1 -1
1 0 1 0 -9024 4309 -1
1 0 1 0 0 -1 -1
1 0 0 0 0 -1 -1
1 0 1 0 -9171 3987 -1
1 0 1 0 0 -1 -1
1 0 0 0 0 -1 -1
1 0 0 0 0 -1 -1
1 0 1 0 -9310 3650 -1
0 0 1 0 0 -1 -1
-1 0 1 0 0 -1 -1
-1 0 1 0 0 -1 -1
-1 0 0 0 0 -1 -1
-1 0 1 0 -9477 -3190 -1
-1 0 0 0 0 -1 -1
-1 0 1 0 -9165 -4001 -1
-1 0 0 0 0 -1 -1
-1 0 1 0 -8804 -4742 -1
-1 0 0 0 0 -1 -1
-1 0 1 0 -8405 -5418 -1
-1 0 0 0 0 -1 -1
-1 0 1 0 5116 8592 -1
-1 0 0 0 0 -1 -1
0 0 1 0 -942 -337 -1
-1 0 1 0 0 -1 -1
-1 0 0 0 0 -1 -1
-1 0 1 0 -8090 -5878 -1
-1 0 1 0 0 -1 -1
-1 0 0 0 0 -1 -1
-1 0 1 0 -7160 -6981 -1
-1 0 0 0 0 -1 -1
-1 0 1 0 -672 -741 -1
-1 0 1 0 0 -1 -1
-1 0 0 0 0 -1 -1
-1 0 1 0 -5587 -8294 -1
-1 0 1 0 0 -1 -1
-1 0 0 0 0 -1 -1
-1 0 1 0 -4384 -8988 -1
-1 0 1 0 0 -1 -1
-1 0 0 0 0 -1 -1
-1 0 1 0 -3100 -9507 -1
-1 0 0 0 0 -1 -1
-1 0 1 0 -428 -904 -1
-1 0 1 0 0 -1 -1
-1 1 0 0 0 -1 -1
-1 0 1 0 -942 337 -1
-1 0 0 0 0 -1 -1
-1 0 1 0 -514 858 -1
-1 0 1 0 0 -1 -1
-1 0 0 0 0 -1 -1
-1 0 0 0 0 -1 -1
-1 0 1 0 -596 803 -1
-1 0 1 0 0 -1 -1
-1 0 1 0 0 -1 -1
-1 0 1 0 0 -1 -1
-1 0 1 0 0 -1 -1
-1 0 1 0 0 -1 -1
-1 1 0 0 0 -1 -1
-1 0 0 0 0 -1 -1
-1 0 1 0 -904 428 -1
-1 0 0 0 0 -1 -1
-1 0 1 0 904 428 -1
-1 0 1 0 0 -1 -1
-1 0 0 0 0 -1 -1
-1 0 1 0 -705 9975 -1
-1 0 0 0 0 -1 -1
-1 0 0 0 0 -1 -1
-1 0 1 0 -337 942 -1
-1 1 1 0 0 -1 -1
-1 0 0 0 0 -1 -1
-1 0 0 0 0 -1 -1
-1 0 1 0 -905 9959 -1
-1 0 0 0 0 -1 -1
-1 0 0 0 0 -1 -1
-1 0 1 0 -243 970 -1
-1 0 1 0 0 -1 -1
-1 0 1 0 0 -1 -1
-1 1 0 0 0 -1 -1
-1 0 1 0 -337 942 -1
-1 0 1 0 0 -1 -1
-1 0 1 0 0 -1 -1
-1 0 1 0 0 -1 -1
-1 0 0 0 0 -1 -1
-1 0 1 0 -337 942 -1
-1 0 1 0 0 -1 -1
-1 0 1 0 0 -1 -1
-1 0 0 0 0 -1 -1
-1 0 1 0 -514 858 -1
-1 0 1 0 0 -1 -1
-1 0 1 0 0 -1 -1
-1 0 1 0 0 -1 -1
-1 0 1 0 0 -1 -1
-1 0 0 0 0 -1 -1
-1 0 1 0 672 741 -1
-1 0 0 0 0 -1 -1
-1 0 1 0 -904 -428 -1
-1 0 0 0 0 -1 -1
-1 0 1 0 -999 49 -1
-1 0 1 0 0 -1 -1
-1 0 1 0 0 -1 -1
-1 0 1 0 0 -1 -1
-1 0 1 0 0 -1 -1
-1 0 1 0 0 -1 -1
-1 0 0 0 0 -1 -1
-1 0 1 0 989 147 -1
-1 0 1 0 0 -1 -1
-1 0 0 0 0 -1 -1
-1 0 1 0 243 970 -1
-1 0 1 0 0 -1 -1
-1 0 1 0 0 -1 -1
-1 0 1 0 0 -1 -1
-1 0 0 0 0 -1 -1
-1 0 1 0 -672 -741 -1
-1 0 0 0 0 -1 -1
-1 0 1 0 -243 970 -1
-1 0 0 0 0 -1 -1
-1 0 1 0 -243 -970 -1
-1 0 0 0 0 -1 -1
-1 0 1 0 -1815 -9834 -1
-1 0 0 0 0 -1 -1
-1 0 1 0 -803 -596 -1
-1 0 1 0 0 -1 -1
-1 0 1 0 0 -1 -1
-1 0 1 0 0 -1 -1
-1 0 1 0 0 -1 -1
-1 0 1 0 0 -1 -1
-1 0 1 0 0 -1 -1
-1 0 1 0 0 -1 -1
-1 0 0 0 0 -1 -1
-1 0 1 0 999 49 -1
-1 0 0 0 0 -1 -1
-1 0 1 0 904 428 -1
-1 0 1 0 0 -1 -1
-1 0 0 0 0 -1 -1
-1 0 1 0 -596 -803 -1
-1 0 1 0 0 -1 -1
-1 0 1 0 0 -1 -1
-1 0 1 0 0 -1 -1
-1 0 0 0 0 -1 -1
-1 0 1 0 -2210 -9753 -1
-1 0 0 0 0 -1 -1
-1 0 1 0 -596 -803 -1
-1 0 1 0 0 -1 -1
-1 0 1 0 0 -1 -1
-1 0 0 0 0 -1 -1
-1 0 1 0 -970 -243 -1
-1 0 1 0 0 -1 -1
-1 0 0 0 0 -1 -1
-1 0 1 0 -337 -942 -1
-1 0 1 0 0 -1 -1
-1 0 0 0 0 -1 -1
-1 0 1 0 -428 -904 -1
-1 0 1 0 0 -1 -1
-1 0 1 0 0 -1 -1
-1 0 0 0 0 -1 -1
-1 0 1 0 -337 -942 -1
-1 0 1 0 0 -1 -1
-1 1 1 0 -596 803 -1
-1 0 1 0 0 -1 -1
-1 1 0 0 0 -1 -1
-1 0 1 0 -942 337 -1
-1 0 1 0 0 -1 -1
-1 0 1 0 0 -1 -1
-1 0 0 0 0 -1 -1
-1 0 1 0 -755 9971 -1
-1 0 0 0 0 -1 -1
-1 0 1 0 -601 9982 -1
-1 0 0 0 0 -1 -1
-1 0 1 0 -49 999 -1
-1 0 0 0 0 -1 -1
-1 0 1 0 -298 9996 -1
-1 0 0 0 0 -1 -1
-1 0 1 0 -148 9999 -1
-1 0 0 0 0 -1 -1
-1 0 1 0 1 10000 -1
-1 0 0 0 0 -1 -1
-1 0 0 0 0 -1 -1
-1 0 1 0 243 -970 -1
-1 0 1 0 0 -1 -1
-1 0 0 0 0 -1 -1
-1 0 1 0 363 9993 -1
-1 0 1 0 0 -1 -1
-1 0 0 0 0 -1 -1
-1 0 0 0 0 -1 -1
-1 0 1 0 750 9972 -1
-1 0 0 0 0 -1 -1
-1 0 1 0 947 9955 -1
-1 0 0 0 0 -1 -1
-1 0 0 0 0 -1 -1
-1 0 1 0 337 -942 -1
-1 0 1 0 0 -1 -1
-1 1 1 0 0 -1 -1
-1 1 1 0 0 -1 -1
-1 0 1 0 0 -1 -1
-1 0 1 0 0 -1 -1
-1 0 1 0 0 -1 -1
-1 0 0 0 0 -1 -1
-1 0 1 0 6873 -7263 -1
-1 0 1 0 0 -1 -1
-1 0 0 0 0 -1 -1
-1 0 1 0 7624 -6471 -1
-1 0 0 0 0 -1 -1
-1 0 1 0 7944 -6074 -1
-1 0 1 0 0 -1 -1
-1 0 0 0 0 -1 -1
-1 0 0 0 0 -1 -1
-1 0 1 0 49 -999 -1
-1 0 1 0 0 -1 -1
-1 0 1 0 0 -1 -1
-1 0 0 0 0 -1 -1
-1 0 1 0 -2901 9570 -1
-1 0 0 0 0 -1 -1
-1 0 1 0 -2583 9661 -1
-1 0 0 0 0 -1 -1
-1 0 1 0 -2285 9735 -1
-1 0 0 0 0 -1 -1
-1 0 1 0 -2003 9797 -1
-1 0 0 0 0 -1 -1
-1 0 1 0 -1735 9848 -1
-1 0 0 0 0 -1 -1
-1 0 1 0 -1479 9890 -1
-1 0 0 0 0 -1 -1
-1 0 1 0 -1232 9924 -1
-1 0 0 0 0 -1 -1
-1 0 1 0 -243 970 -1
-1 0 1 0 0 -1 -1
-1 0 0 0 0 -1 -1
-1 0 1 0 -147 989 -1
-1 0 1 0 0 -1 -1
-1 0 0 0 0 -1 -1
-1 0 0 0 0 -1 -1
-1 0 1 0 -338 9994 -1
-1 0 0 0 0 -1 -1
-1 0 0 0 0 -1 -1
-1 0 1 0 -337 942 -1
-1 0 1 0 0 -1 -1
-1 0 1 0 0 -1 -1
-1 0 0 0 0 -1 -1
-1 0 1 0 327 9995 -1
-1 0 0 0 0 -1 -1
-1 0 1 0 618 9981 -1
-1 0 0 0 0 -1 -1
-1 0 1 0 928 9957 -1
-1 0 0 0 0 -1 -1
-1 0 1 0 1223 9925 -1
-1 0 0 0 0 -1 -1
-1 0 1 0 -989 -147 -1
-1 0 0 0 0 -1 -1
-1 0 1 0 243 970 -1
-1 0 1 0 0 -1 -1
-1 0 1 0 0 -1 -1
-1 0 0 0 0 -1 -1
-1 0 1 0 596 -803 -1
-1 0 0 0 0 -1 -1
-1 0 1 0 -672 -741 -1
-1 0 1 0 0 -1 -1
-1 0 0 0 0 -1 -1
-1 0 1 0 -337 942 -1
-1 0 0 0 0 -1 -1
-1 0 1 0 -596 -803 -1
-1 0 1 0 0 -1 -1
-1 0 0 0 0 -1 -1
-1 0 1 0 -672 -741 -1
-1 0 1 0 0 -1 -1
-1 0 1 0 0 -1 -1
-1 0 0 0 0 -1 -1
-1 0 1 0 -596 -803 -1
-1 0 1 0 0 -1 -1
-1 0 1 0 0 -1 -1
-1 0 1 0 0 -1 -1
-1 0 0 0 0 -1 -1
-1 0 1 0 -243 -970 -1
-1 0 1 0 0 -1 -1
-1 0 0 0 0 -1 -1
-1 1 1 0 -337 942 -1
-1 0 1 0 0 -1 -1
-1 0 1 0 0 -1 -1
-1 0 0 0 0 -1 -1
-1 0 1 0 -428 904 -1
-1 0 1 0 0 -1 -1
-1 1 1 0 0 -1 -1
-1 0 1 0 0 -1 -1
-1 0 0 0 0 -1 -1
-1 0 1 0 -514 858 -1
-1 0 1 0 0 -1 -1
-1 0 1 0 0 -1 -1
-1 0 1 0 0 -1 -1
-1 0 1 0 0 -1 -1
-1 0 1 0 0 -1 -1
-1 0 1 0 0 -1 -1
-1 0 0 0 0 -1 -1
-1 0 1 0 -243 970 -1
-1 0 1 0 0 -1 -1
-1 0 1 0 0 -1 -1
-1 0 0 0 0 -1 -1
-1 0 0 0 0 -1 -1
-1 0 1 0 1015 -9948 -1
-1 0 0 0 0 -1 -1
-1 0 0 0 0 -1 -1
-1 0 1 0 942 337 -1
-1 0 1 0 0 -1 -1
-1 0 1 0 0 -1 -1
-1 0 0 0 0 -1 -1
-1 0 1 0 -514 858 -1
-1 0 0 0 0 -1 -1
-1 0 1 0 -596 -803 -1
-1 0 1 0 0 -1 -1
-1 0 0 0 0 -1 -1
-1 0 1 0 425 9991 -1
-1 0 0 0 0 -1 -1
-1 0 1 0 147 989 -1
-1 0 0 0 0 -1 -1
-1 0 0 0 0 -1 -1
-1 0 1 0 982 9952 -1
-1 0 1 0 0 -1 -1
-1 0 0 0 0 -1 -1
-1 0 1 0 -49 999 -1
-1 0 1 0 0 -1 -1
-1 0 1 0 0 -1 -1
-1 0 1 0 0 -1 -1
-1 0 1 0 0 -1 -1
-1 0 0 0 0 -1 -1
-1 0 1 0 -596 -803 -1
-1 0 1 0 0 -1 -1
-1 0 0 0 0 -1 -1
-1 0 1 0 -4072 -9134 -1
-1 0 0 0 0 -1 -1
-1 0 1 0 -3467 -9380 -1
-1 0 0 0 0 -1 -1
-1 0 1 0 -2857 -9583 -1
-1 0 0 0 0 -1 -1
-1 0 1 0 -2240 -9746 -1
-1 0 0 0 0 -1 -1
-1 0 1 0 -1620 -9868 -1
-1 0 0 0 0 -1 -1
-1 0 0 0 0 -1 -1
-1 0 1 0 -337 -942 -1
-1 0 1 0 0 -1 -1
-1 0 1 0 0 -1 -1
-1 0 0 0 0 -1 -1
-1 0 1 0 -337 -942 -1
-1 0 1 0 0 -1 -1
-1 0 1 0 0 -1 -1
-1 0 0 0 0 -1 -1
-1 0 1 0 -999 -49 -1
-1 0 1 0 0 -1 -1
-1 0 0 0 0 -1 -1
-1 0 1 0 49 999 -1
-1 0 0 0 0 -1 -1
-1 0 1 0 942 337 -1
-1 0 0 0 0 -1 -1
-1 0 1 0 696 9976 -1
-1 0 0 0 0 -1 -1
-1 0 1 0 939 9956 -1
-1 0 0 0 0 -1 -1
-1 0 1 0 -337 942 -1
-1 0 0 0 0 -1 -1
-1 0 1 0 514 858 -1
-1 0 0 0 0 -1 -1
-1 0 1 0 -49 999 -1
-1 0 1 0 0 -1 -1
-1 0 1 0 0 -1 -1
-1 0 1 0 0 -1 -1
-1 0 1 0 0 -1 -1
1 0 0 0 0 -1 -1
0 0 1 0 147 989 -1
-1 0 1 0 0 -1 -1
-1 0 1 0 0 -1 -1
-1 0 1 0 0 -1 -1
0 0 1 0 0 -1 -1
1 0 1 0 0 -1 -1
1 0 1 0 0 -1 -1
1 0 1 0 0 -1 -1
1 0 1 0 0 -1 -1
1 0 1 0 0 -1 -1
1 0 1 0 0 -1 -1
1 0 1 0 0 -1 -1
1 0 1 0 0 -1 -1
1 0 1 0 0 -1 -1
1 0 1 0 0 -1 -1
1 0 1 0 0 -1 -1
1 0 1 0 0 -1 -1
1 0 1 0 0 -1 -1
1 0 0 0 0 -1 -1
1 0 1 0 596 -803 -1
1 0 1 0 0 -1 -1
1 0 1 0 0 -1 -1
1 0 0 0 0 -1 -1
1 0 1 0 337 942 -1
1 0 1 0 0 -1 -1
1 0 1 0 0 -1 -1
1 0 1 0 0 -1 -1
1 0 0 0 0 -1 -1
1 0 1 0 243 970 -1
1 0 1 0 0 -1 -1
1 0 1 0 0 -1 -1
1 0 1 0 0 -1 -1
1 0 0 0 0 -1 -1
1 0 1 0 989 -147 -1
1 0 0 0 0 -1 -1
1 0 1 0 -1693 9856 -1
1 0 0 0 0 -1 -1
1 0 1 0 514 -858 -1
1 0 1 0 0 -1 -1
1 0 1 0 0 -1 -1
1 0 1 0 0 -1 -1
1 0 1 0 0 -1 -1
1 1 0 0 0 -1 -1
1 0 1 0 337 942 -1
1 0 1 0 0 -1 -1
1 0 1 0 0 -1 -1
1 1 0 0 0 -1 -1
1 0 1 0 -672 741 -1
1 0 0 0 0 -1 -1
1 0 1 0 428 904 -1
1 0 1 0 0 -1 -1
1 0 1 0 0 -1 -1
1 0 1 0 0 -1 -1
1 0 1 0 0 -1 -1
1 0 0 0 0 -1 -1
1 0 1 0 -514 -858 -1
1 1 1 0 0 -1 -1
1 0 0 0 0 -1 -1
1 0 1 0 -6614 -7500 -1
1 0 0 0 0 -1 -1
1 0 1 0 514 858 -1
1 0 1 0 0 -1 -1
1 0 1 0 0 -1 -1
1 0 1 0 0 -1 -1
1 0 1 0 0 -1 -1
1 0 1 0 0 -1 -1
1 0 1 0 0 -1 -1
1 0 0 0 0 -1 -1
1 0 1 0 49 999 -1
1 0 0 0 0 -1 -1
1 0 1 0 1115 9938 -1
1 0 0 0 0 -1 -1
1 0 1 0 243 970 -1
1 0 1 0 0 -1 -1
1 0 1 0 0 -1 -1
1 0 1 0 0 -1 -1
1 0 0 0 0 -1 -1
1 0 1 0 147 989 -1
1 0 0 0 0 -1 -1
1 0 1 0 243 970 -1
1 1 1 0 0 -1 -1
1 0 0 0 0 -1 -1
1 0 1 0 337 942 -1
1 0 1 0 0 -1 -1
1 0 1 0 0 -1 -1
1 0 0 0 0 -1 -1
1 0 1 0 337 942 -1
1 0 1 0 0 -1 -1
1 0 1 0 0 -1 -1
1 0 1 0 0 -1 -1
1 0 1 0 0 -1 -1
1 0 0 0 0 -1 -1
1 0 1 0 243 970 -1
1 0 1 0 0 -1 -1
1 0 1 0 0 -1 -1
1 0 1 0 0 -1 -1
1 0 0 0 0 -1 -1
1 0 0 0 0 -1 -1
1 0 1 0 596 803 -1
1 0 0 0 0 -1 -1
1 0 1 0 741 672 -1
1 0 1 0 0 -1 -1
1 0 1 0 0 -1 -1
1 0 0 0 0 -1 -1
1 0 1 0 741 672 -1
1 0 1 0 0 -1 -1
1 0 1 0 0 -1 -1
1 0 0 0 0 -1 -1
1 0 1 0 -1189 9929 -1
1 0 0 0 0 -1 -1
1 0 1 0 -337 -942 -1
1 0 0 0 0 -1 -1
1 0 1 0 904 -428 -1
1 0 1 0 0 -1 -1
1 0 0 0 0 -1 -1
1 0 1 0 -1938 9810 -1
1 0 0 0 0 -1 -1
1 0 1 0 989 -147 -1
1 0 0 0 0 -1 -1
1 0 1 0 741 -672 -1
1 0 1 0 0 -1 -1
1 0 1 0 0 -1 -1
1 0 1 0 0 -1 -1
1 0 0 0 0 -1 -1
1 0 0 0 0 -1 -1
1 0 1 0 741 -672 -1
1 0 1 0 0 -1 -1
1 0 1 0 0 -1 -1
1 0 1 0 0 -1 -1
1 0 1 0 0 -1 -1
1 0 1 0 0 -1 -1
1 0 1 0 0 -1 -1
1 0 1 0 0 -1 -1
1 0 1 0 0 -1 -1
1 1 0 0 0 -1 -1
1 0 1 0 904 428 -1
1 0 0 0 0 -1 -1
1 0 1 0 1186 9929 -1
1 0 0 0 0 -1 -1
1 0 1 0 72 997 -1
1 0 0 0 0 -1 -1
1 0 0 0 0 -1 -1
1 0 1 0 -999 -49 -1
1 0 0 0 0 -1 -1
1 0 1 0 276 961 -1
1 0 1 0 0 -1 -1
1 0 1 0 0 -1 -1
1 0 1 0 0 -1 -1
1 0 0 0 0 -1 -1
1 0 1 0 298 -955 -1
1 0 0 0 0 -1 -1
1 1 1 0 -243 -970 -1
1 0 0 0 0 -1 -1
1 0 1 0 858 514 -1
1 1 0 0 0 -1 -1
1 0 1 0 -999 49 -1
1 0 0 0 0 -1 -1
1 0 1 0 -428 -904 -1
1 0 0 0 0 -1 -1
1 0 0 0 0 -1 -1
1 0 1 0 -489 -873 -1
1 0 0 0 0 -1 -1
1 0 1 0 -542 -840 -1
1 0 0 0 0 -1 -1
1 0 1 0 -6098 -7925 -1
1 0 0 0 0 -1 -1
1 0 1 0 -147 -989 -1
1 0 1 0 0 -1 -1
1 0 1 0 0 -1 -1
1 0 0 0 0 -1 -1
1 0 1 0 -858 514 -1
1 0 0 0 0 -1 -1
1 0 1 0 672 741 -1
1 0 0 0 0 -1 -1
1 0 1 0 741 672 -1
1 0 1 0 0 -1 -1
1 0 1 0 0 -1 -1
0 0 1 0 0 -1 -1
1 0 1 0 0 -1 -1
1 0 0 0 0 -1 -1
1 0 0 0 0 -1 -1
1 0 1 0 -43 999 -1
1 0 0 0 0 -1 -1
1 0 1 0 -329 944 -1
1 0 1 0 0 -1 -1
1 0 0 0 0 -1 -1
-1 0 1 0 -120 993 -1
0 0 1 0 0 -1 -1
1 0 1 0 0 -1 -1
1 0 1 0 0 -1 -1
1 0 0 0 0 -1 -1
1 0 1 0 -243 970 -1
1 0 1 0 0 -1 -1
1 0 1 0 0 -1 -1
1 0 1 0 0 -1 -1
1 0 1 0 0 -1 -1
1 0 1 0 0 -1 -1
1 0 1 0 0 -1 -1
1 0 1 0 0 -1 -1
1 0 0 0 0 -1 -1
1 0 1 0 9165 -4001 -1
1 0 0 0 0 -1 -1
1 0 1 0 8700 -4931 -1
1 0 0 0 0 -1 -1
1 0 1 0 8176 -5758 -1
1 0 0 0 0 -1 -1
1 0 1 0 7606 -6492 -1
1 0 0 0 0 -1 -1
1 0 1 0 7001 -7141 -1
1 0 0 0 0 -1 -1
1 0 1 0 6367 -7711 -1
1 0 0 0 0 -1 -1
1 0 1 0 5709 -8210 -1
1 0 0 0 0 -1 -1
1 0 1 0 514 -858 -1
1 0 0 0 0 -1 -1
1 0 1 0 428 -904 -1
1 0 0 0 0 -1 -1
1 0 1 0 351 -937 -1
1 0 1 0 0 -1 -1
1 0 0 0 0 -1 -1
1 0 1 0 514 -858 -1
1 0 1 0 0 -1 -1
1 0 1 0 0 -1 -1
1 0 1 0 0 -1 -1
1 0 0 0 0 -1 -1
1 0 1 0 -73 997 -1
1 0 0 0 0 -1 -1
1 0 0 0 0 -1 -1
1 0 1 0 -999 49 -1
1 0 0 0 0 -1 -1
1 0 1 0 -1195 9928 -1
1 0 0 0 0 -1 -1
1 0 1 0 243 970 -1
1 0 0 0 0 -1 -1
1 0 1 0 -858 -514 -1
1 0 0 0 -858 -514 -1
1 0 1 0 9808 -1951 -1
1 0 0 0 0 -1 -1
1 0 1 0 -1951 -9808 -1
1 0 0 0 -1951 -9808 -1
1 0 1 0 -312 -9995 -1
1 0 1 0 0 -1 -1
1 0 1 0 0 -1 -1
1 0 0 0 0 -1 -1
1 0 1 0 3827 9239 -1
0 0 1 0 3827 9239 -1
1 0 0 0 0 -1 -1
1 0 1 0 9239 3827 -1
1 0 1 0 9239 3827 -1
1 0 0 0 0 -1 3
1 0 1 0 -7730 6344 3
1 0 0 0 -7730 6344 3
1 0 0 0 -7730 6344 3
1 0 0 0 -7730 6344 3
1 0 0 0 897 -443 3
1 0 0 0 897 -443 3
1 0 0 0 897 -443 3
1 0 0 0 897 -443 3
1 0 1 0 -7730 6344 3
1 0 0 0 -7730 6344 3
1 0 0 0 -7730 6344 3
1 0 1 0 -8572 -5150 3
1 0 1 0 -8572 -5150 3
1 0 1 0 -8572 -5150 3
1 0 1 0 -8572 -5150 3
0 0 1 0 -860 -510 3
0 0 1 0 -860 -510 3
-1 0 1 0 -860 -510 3
-1 0 1 0 -860 -510 3
-1 0 1 0 -860 -510 3
-1 1 1 0 -860 -510 3
-1 0 0 0 -860 -511 3
-1 0 0 0 -791 -612 3
-1 0 1 0 -684 -729 3
0 0 1 0 -684 -729 3
0 0 1 0 -684 -729 3
0 0 0 0 -781 -624 3
0 0 1 0 477 -879 3
0 0 1 0 477 -879 3
0 0 1 0 477 -879 3
0 0 0 0 414 -910 3
-1 0 1 0 841 -541 3
-1 0 1 0 841 -541 3
-1 0 0 0 834 -552 3
-1 0 0 1 -199 -980 3
-1 0 1 0 897 -442 3
-1 1 0 0 1000 0 3
-1 1 1 0 469 -883 3
-1 0 1 0 469 -883 3
-1 0 1 0 469 -883 3
-1 0 1 0 410 -912 3
-1 1 0 0 406 -914 3
0 0 0 0 406 -914 3
0 0 0 0 1000 0 3
-1 1 1 0 750 -662 3
-1 0 1 0 750 -662 3
-1 1 1 0 750 -662 3
-1 0 0 0 746 -665 3
-1 0 0 0 -846 -533 3
-1 1 0 0 1000 0 3
-1 1 1 0 997 -73 3
1 0 0 0 1000 0 3
1 0 1 0 -364 -931 3
0 0 0 0 1000 0 3
0 0 0 0 1000 0 3
1 1 0 0 1000 0 3
1 0 1 0 995 -97 3
1 1 1 0 995 -97 3
1 0 1 0 995 -97 3
1 0 0 1 -972 -234 3
1 1 0 0 923 -386 3
1 0 0 0 -320 -947 3
1 0 1 0 1999 9798 3
1 0 1 0 1999 9798 3
1 0 1 0 1999 9798 3
1 0 0 0 195 981 3
1 0 1 0 436 9990 3
1 0 0 0 0 1000 3
1 0 0 0 0 1000 3
1 0 0 0 0 1000 3
1 0 1 0 -980 9952 3
1 0 0 0 -98 995 3
1 0 0 0 -98 995 3
1 0 0 0 -98 995 3
1 0 0 0 -98 995 3
1 0 0 0 -98 995 3
1 0 0 0 -98 995 3
1 0 1 0 6657 -7463 3
1 0 0 0 773 -634 3
1 0 1 0 3751 -9270 3
1 0 1 0 3751 -9270 3
1 0 1 0 2873 -9578 3
1 0 1 0 2873 -9578 3
1 0 1 0 2903 -9569 3
1 0 1 1 -8819 4714 3
1 0 1 1 -8819 4714 3
1 0 0 1 -9361 3517 3
1 0 0 1 -9361 3517 3
1 0 0 1 -8819 4714 3
1 0 0 1 -9190 3942 3
1 0 1 0 2903 -9569 3
1 0 1 0 1630 -9866 3
1 0 1 0 1630 -9866 3
1 0 1 0 1630 -9866 3
1 0 0 0 383 -924 3
1 0 0 0 383 -924 3
1 0 0 0 383 -924 3
1 0 0 0 383 -924 3
1 0 0 0 383 -924 3
1 0 0 0 383 -924 3
1 0 0 0 -831 556 3
1 0 0 0 -831 556 3
1 0 0 0 -831 556 3
1 0 0 0 195 981 3
1 0 0 0 195 981 3
1 0 0 0 195 981 3
1 0 1 0 195 -981 3
1 0 0 0 195 -981 3
1 0 0 0 882 471 3
1 0 1 0 2903 -9569 3
1 0 1 1 -3826 9239 3
1 0 0 0 -383 924 3
1 0 1 0 -987 -9951 3
1 0 1 0 -987 -9951 3
1 1 1 0 -98 -995 3
1 1 1 0 -98 -995 3
1 1 1 0 -98 -995 3
1 0 0 0 -98 -995 3
1 0 0 0 -98 -995 3
1 0 1 0 -2879 -9577 3
1 0 1 0 -2903 -9569 3
1 0 1 0 -2756 -9613 3
1 0 0 0 -383 -924 3
1 0 1 0 -5570 -8305 3
1 0 1 0 -5570 -8305 3
1 0 0 0 -537 -843 3
1 0 1 0 -6361 -7716 3
1 0 1 0 -6361 -7716 3
1 0 0 0 -602 -799 3
1 0 0 0 -602 -799 3
1 0 0 0 -602 -799 3
1 0 0 0 -602 -799 3
1 0 1 0 1650 9863 3
1 0 0 0 556 -831 3
1 0 1 0 -438 9990 3
1 0 1 1 -7071 -7071 3
1 0 0 1 -7071 -7071 3
1 1 1 0 9786 -2060 3
1 0 1 0 -7071 -7071 3
1 0 1 0 773 -634 3
1 0 1 0 773 -634 3
1 0 1 0 2840 -9588 3
1 0 0 0 -773 634 3
1 1 1 0 7101 -7041 3
1 0 1 0 2504 -9681 3
1 0 0 0 98 -995 3
1 1 1 0 1453 -9894 3
1 0 0 0 98 -995 3
1 0 1 0 3508 -9365 3
1 0 1 0 4714 -8819 3
1 1 0 0 98 -995 3
1 0 0 0 4714 -8819 3
1 0 1 0 2849 -9586 3
1 0 1 0 4711 -8821 3
1 0 0 0 634 -773 3
1 1 1 0 8101 -5863 3
1 0 1 0 -980 -9952 3
1 0 1 0 3131 -9497 3
1 0 1 0 1211 -9926 3
1 0 0 0 1305 -9914 3
1 0 1 0 6056 -7958 3
1 0 1 0 980 -9952 3
1 0 0 0 831 -556 3
1 0 0 0 831 -556 3
1 0 1 0 672 -9977 3
1 1 0 0 610 -9981 3
1 1 1 0 4 -10000 3
1 1 0 0 785 -9969 3
1 1 0 0 7513 6600 3
1 0 0 0 -4714 8819 3
1 0 0 0 785 -9969 3
1 1 1 0 4888 8724 3
1 1 1 0 980 9952 3
1 0 1 0 980 9952 3
1 1 1 0 785 -9969 3
1 1 0 0 785 -9969 3
1 1 1 0 -2715 9624 3
1 1 1 0 -980 9952 3
1 0 0 0 -872 9962 3
1 0 1 0 -787 9969 3
1 0 1 1 8585 5128 3
0 0 0 0 -2903 9569 3
1 0 0 0 -2949 9555 3
1 1 0 0 -2949 9555 3
0 1 1 0 -3954 9185 3
0 0 1 0 -4714 8819 3
0 0 1 0 -985 9951 3
0 0 1 0 -985 9951 3
0 1 1 0 -985 9951 3
0 1 1 0 -985 9951 3
-1 1 0 0 -985 9951 3
-1 1 1 0 -8281 5606 3
-1 1 1 0 -7920 6105 3
-1 0 1 0 -7951 6065 3
-1 1 1 0 -7920 6105 3
-1 1 1 0 -7986 6018 3
-1 0 1 0 -7986 6018 3
-1 1 1 0 -924 383 3
-1 1 1 0 5654 8248 3
-1 0 1 0 -924 383 3
0 0 1 0 -924 383 3
-1 0 1 0 -924 383 3
-1 0 1 0 -924 383 3
-1 0 0 0 8535 5212 3
-1 0 1 0 -4125 -9109 3
-1 0 1 1 9883 1527 3
-1 0 0 0 -1908 -9816 3
-1 0 0 0 -3827 -9239 3
-1 0 0 0 -3827 -9239 3
-1 0 1 0 -4374 -8993 3
-1 0 1 0 -4226 -9063 3
-1 0 1 0 -995 -98 3
-1 0 1 0 -995 -98 3
-1 1 1 0 7730 6344 3
-1 1 1 0 7730 6344 3
-1 1 1 0 -872 9962 3
-1 1 0 0 -995 -98 3
-1 1 1 0 -6014 7990 3
-1 0 1 0 -610 9981 3
-1 0 0 0 1563 -9877 3
-1 1 1 0 265 -9996 3
-1 0 0 0 262 -9997 3
-1 0 0 0 9681 -2507 3
-1 1 0 0 9970 -779 3
-1 1 0 0 87 10000 3
-1 0 1 0 -5343 -8453 3
-1 0 1 0 -4323 -9017 3
-1 0 1 0 -2891 -9573 3
-1 1 1 0 -2891 -9573 3
-1 1 1 0 -2891 -9573 3
-1 1 1 1 -9325 -3611 3
-1 1 0 0 -924 383 3
-1 0 0 0 -9196 -3928 3
-1 1 0 0 -1478 -9890 3
-1 1 0 0 -9952 -980 3
-1 0 0 0 -924 383 3
-1 0 0 0 -924 383 3
-1 0 0 0 6626 -7490 3
-1 0 0 0 7730 6344 3
-1 0 1 0 -1179 -9930 3
-1 0 0 0 -6344 -7730 3
-1 0 1 0 -790 -9969 3
-1 1 1 0 -610 -9981 3
-1 1 0 0 -957 -290 3
-1 1 1 0 178 -9998 3
-1 0 1 0 523 -9986 3
-1 0 0 0 -290 957 3
-1 0 1 0 1360 -9907 3
-1 0 0 0 1305 -9914 3
-1 0 1 0 -3605 9327 3
-1 0 1 0 8328 -5535 3
-1 0 1 0 5143 -8576 3
-1 0 1 0 -2519 9678 3
-1 0 0 0 -2504 9681 3
-1 0 0 0 1263 -9920 3
-1 0 0 0 1263 -9920 3
-1 0 0 0 924 -383 3
-1 0 0 1 9284 3716 3
-1 0 0 0 9234 3837 3
-1 0 0 0 -6341 7733 3
-1 0 1 0 -8882 4595 3
-1 0 1 0 -6374 7705 3
-1 0 0 0 -6374 7705 3
-1 0 0 0 0 10000 3
-1 0 0 0 0 10000 3
-1 0 0 0 -210 9998 3
-1 0 0 0 -210 9998 3
-1 0 0 0 -210 9998 3
-1 0 0 0 -7656 -6433 3
-1 0 1 0 8159 5782 3
-1 0 1 0 -2785 9605 3
-1 0 0 0 -175 -9998 3
-1 0 0 0 -980 9952 3
-1 0 0 0 -980 9952 3
-1 0 0 0 8838 4679 3
-1 0 0 0 -980 9952 3
-1 0 0 0 -1478 -9890 3
-1 0 0 0 -9952 980 3
-1 0 0 0 -9952 980 3
-1 0 0 0 2903 -9569 3
-1 0 0 0 7730 -6344 3
-1 0 0 0 7730 -6344 3
-1 0 0 0 7730 -6344 3
-1 0 1 0 -1194 -9929 3
-1 0 1 0 -2661 -9639 3
-1 0 0 0 -2903 -9569 3
-1 0 0 0 -2903 -9569 3
-1 0 0 0 -2322 9727 3
-1 0 1 0 1066 9943 3
-1 0 0 0 -1219 -9925 3
-1 0 0 0 6344 7730 3
-1 0 0 0 -1219 -9925 3
-1 0 1 0 6069 -7947 3
-1 0 1 0 -4714 -8819 3
-1 0 1 0 2131 -9770 3
-1 0 0 0 -980 -9952 3
-1 0 0 0 -980 -9952 3
-1 0 1 0 -1141 9935 3
-1 0 1 1 -6851 -7284 3
-1 0 1 0 -1267 9919 3
0 0 0 0 -1267 9919 3
0 0 1 0 -295 9996 3
0 0 1 0 3746 9272 3
-1 0 1 0 4714 8819 3
0 0 0 0 4714 8819 3
1 0 1 0 2688 9632 3
-1 0 1 0 2609 9654 3
1 0 1 0 2609 9654 3
1 0 1 0 2609 9654 3
1 0 1 0 2609 9654 3
0 0 0 0 276 961 3
-1 0 1 0 6029 7978 3
-1 0 0 0 6018 7986 3
-1 0 1 0 -9814 -1919 3
-1 0 1 0 -8290 -5592 3
-1 0 1 0 -8397 -5431 3
-1 0 1 0 -8290 -5592 3
-1 0 0 0 -707 -707 3
-1 0 1 0 -7276 -6860 3
-1 0 1 0 -7195 -6945 3
-1 0 1 0 -7071 -7071 3
-1 0 0 0 -707 -707 3
-1 0 1 0 -7755 -6314 3
-1 0 1 0 -7749 -6321 3
-1 0 1 0 -7730 -6344 3
-1 0 1 1 -9614 2752 3
-1 0 1 0 -9611 2763 3
-1 0 1 0 -9526 3041 3
-1 0 1 0 -831 -556 3
-1 0 1 0 -831 -556 3
-1 0 0 0 -831 -556 3
-1 0 1 0 -3256 -9455 3
-1 1 1 0 980 -9952 3
-1 1 1 0 980 -9952 3
-1 1 1 0 980 -9952 3
-1 1 1 0 3007 -9537 3
-1 1 1 0 3007 -9537 3
-1 1 1 0 924 383 3
-1 1 0 0 924 383 3
-1 1 1 0 5951 -8037 3
-1 0 0 0 530 -848 3
-1 0 1 0 6368 -7710 3
-1 0 0 0 570 -822 3
-1 0 1 0 6664 -7456 3
-1 0 0 0 570 -822 3
-1 0 0 0 570 -822 3
-1 0 0 0 5075 -8616 3
-1 0 0 0 3420 -9397 3
-1 0 0 0 9952 -980 3
-1 0 1 0 -211 -9998 3
-1 0 1 0 2903 -9569 3
-1 0 1 0 2903 -9569 3
-1 0 0 1 -4726 -8813 3
-1 0 1 0 2992 -9542 3
-1 0 1 0 7071 -7071 3
-1 0 0 0 7071 -7071 3
-1 0 0 0 7730 -6344 3
-1 0 0 0 -980 -9952 3
-1 0 0 0 -980 -9952 3
-1 0 0 0 -4462 8949 3
-1 0 0 0 7730 -6344 3
-1 0 0 0 9569 2903 3
-1 0 1 0 -3614 9324 3
-1 0 1 0 -4922 8705 3
-1 0 1 0 -4922 8705 3
-1 0 0 0 -3173 9483 3
-1 0 0 0 -6344 -7730 3
-1 0 0 0 -2903 9569 3
-1 0 0 0 -2903 9569 3
-1 1 0 0 7730 -6344 3
-1 1 0 0 -980 9952 3
-1 1 0 0 0 1000 3
-1 1 1 0 -3463 9381 3
-1 0 1 0 -2741 9617 3
-1 1 1 0 -2741 9617 3
-1 1 1 0 -2741 9617 3
-1 1 0 0 -2741 9617 3
-1 1 1 0 99 10000 3
-1 1 0 0 -349 9994 3
-1 1 0 0 -383 924 3
-1 1 1 0 -163 9999 3
-1 0 0 1 -9030 -4297 3
-1 0 0 0 980 9952 3
-1 0 0 0 -5868 -8097 3
-1 0 1 0 9793 -2024 3
-1 0 1 0 -9262 -3770 3
-1 1 0 0 9916 -1291 3
-1 1 0 0 523 9986 3
-1 1 0 0 471 -882 3
-1 0 0 0 471 -882 3
-1 1 0 0 7730 6344 3
-1 0 0 0 -98 -995 3
-1 1 0 0 -3338 -9426 3
-1 1 0 0 -98 -995 3
-1 0 1 0 2603 -9655 3
-1 0 0 0 -1822 -9833 3
-1 0 1 0 -2285 -9735 3
-1 0 0 0 -1650 -9863 3
-1 0 1 0 -1918 -9814 3
-1 1 0 0 -1305 -9914 3
-1 0 1 0 -5966 -8025 3
-1 0 1 0 6756 -7373 3
-1 0 0 0 -634 773 3
-1 0 0 0 980 -9952 3
-1 1 0 0 980 -9952 3
-1 0 1 0 -7730 6344 3
-1 0 1 1 -5076 -8616 3
-1 0 1 0 -4714 8819 3
-1 0 0 0 -4714 8819 3
-1 0 0 0 -4714 8819 3
-1 1 1 0 2903 9569 3
-1 0 0 0 -2903 9569 3
-1 0 1 0 -4714 8819 3
-1 1 1 0 -5169 8561 3
-1 0 1 0 9952 -980 3
-1 0 0 0 9952 -980 3
-1 0 1 0 -349 9994 3
-1 0 0 0 9952 -980 3
-1 0 1 0 -980 9952 3
-1 1 0 0 924 383 3
-1 0 1 0 -175 9998 3
-1 1 0 0 924 383 3
-1 0 0 0 924 383 3
-1 0 1 0 -87 10000 3
-1 1 0 0 924 383 3
-1 0 1 0 -6344 7730 3
-1 1 0 0 523 9986 3
-1 0 1 0 175 9998 3
-1 0 0 0 -9561 -2931 3
-1 1 0 0 6626 -7490 3
-1 0 1 0 -7730 6344 3
-1 0 0 1 7066 7076 3
-1 0 0 1 9034 4287 3
-1 0 0 0 9034 4287 3
-1 0 1 0 -6344 7730 3
-1 1 0 0 -950 -311 3
-1 0 1 0 -980 9952 3
-1 1 0 0 -882 471 3
-1 0 1 0 -4714 8819 3
-1 1 1 0 -5988 -8009 3
-1 0 0 0 -5988 -8009 3
-1 0 1 0 -349 -9994 3
-1 0 0 0 -882 471 3
-1 0 1 0 2903 9569 3
-1 0 0 0 6344 -7730 3
-1 0 0 0 831 -556 3
-1 0 1 0 -6344 -7730 3
-1 1 0 0 -1994 9799 3
-1 0 1 0 -8819 4714 3
1 0 0 0 -8819 4714 3
-1 0 0 0 -9952 -980 3
-1 0 1 0 8315 5556 3
1 0 0 0 8315 5556 3
-1 0 0 0 8315 5556 3
-1 0 1 0 3827 9239 3
-1 0 1 0 3461 9382 3
1 0 0 1 -7862 6179 3
1 0 1 0 -5176 8556 3
-1 0 1 0 -3551 9348 3
-1 0 1 0 -3551 9348 3
-1 0 1 0 -3551 9348 3
1 0 1 0 -3551 9348 3
0 0 1 0 -3551 9348 3
0 0 1 0 -3551 9348 3
1 0 1 0 -3551 9348 3
0 0 0 0 -3551 9348 3
0 0 1 0 2987 9543 3
0 0 1 0 2903 9569 3
1 0 1 0 290 957 3
0 0 1 0 290 957 3
0 0 1 0 290 957 3
1 0 1 0 290 957 3
0 0 1 0 290 957 3
0 0 1 0 290 957 3
1 0 1 0 9569 2903 3
-1 0 0 0 290 957 3
0 0 0 0 290 957 3
-1 0 0 0 290 957 3
-1 0 0 0 8883 4593 3
1 0 0 0 8819 4714 3
1 0 0 0 9714 2374 3
1 0 1 0 9994 336 3
1 0 1 0 882 471 3
1 0 1 0 882 471 3
1 0 1 0 882 471 3
1 0 1 0 882 471 3
1 0 1 1 4380 8990 3
1 0 1 0 3417 9398 3
1 0 1 0 882 471 3
1 0 0 0 7071 -7071 3
1 1 1 0 -3945 -9189 3
1 1 1 0 -4700 -8827 3
1 0 1 0 -471 -882 3
1 1 1 0 -471 -882 3
1 1 1 0 -471 -882 3
1 0 1 0 -471 -882 3
1 1 1 0 -471 -882 3
1 0 1 0 -471 -882 3
1 0 1 0 -471 -882 3
1 0 1 0 -471 -882 3
1 0 0 0 -471 -882 3
1 1 0 0 -471 -882 3
1 1 1 0 6436 7654 3
1 0 1 0 5150 8572 3
1 0 1 0 5150 8572 3
1 0 1 0 556 831 3
1 0 1 0 556 831 3
1 1 1 0 556 831 3
1 0 1 0 556 831 3
1 1 1 0 2334 9724 3
1 1 1 0 2334 9724 3
1 0 0 0 556 831 3
1 0 1 0 1983 9801 3
1 0 0 0 556 831 3
1 0 1 0 1723 9851 3
1 0 0 0 882 471 3
1 0 0 1 7181 -6959 3
1 0 0 0 3090 9511 3
1 0 0 0 4714 8819 3
1 1 0 0 4714 8819 3
1 0 0 0 2419 9703 3
1 1 1 0 2408 9706 3
1 1 1 0 -924 -383 3
1 1 1 0 -924 -383 3
1 1 1 0 -924 -383 3
1 1 0 0 8819 -4714 3
1 0 0 0 383 924 3
1 0 0 0 -6344 7730 3
1 0 0 0 383 924 3
1 1 0 0 980 9952 3
1 1 0 0 980 9952 3
1 1 0 0 980 9952 3
1 1 0 0 -6344 -7730 3
1 1 0 0 -6344 -7730 3
1 1 0 0 -6344 -7730 3
1 1 0 0 -980 9952 3
1 0 1 0 -980 9952 3
1 0 0 0 -980 9952 3
1 0 0 0 -980 9952 3
-1 0 1 0 -8819 -4714 3
1 0 1 0 4508 8926 3
1 0 0 0 556 -831 3
1 0 1 0 -8819 4714 3
0 0 0 0 -8819 4714 3
1 0 0 0 -161 987 3
1 0 1 0 8419 -5397 3
1 0 1 0 7625 -6470 3
1 0 1 0 773 -634 3
-1 0 1 0 773 -634 3
1 0 1 0 773 -634 3
-1 0 1 0 773 -634 3
1 0 1 0 773 -634 3
1 0 1 0 773 -634 3
1 0 1 0 773 -634 3
1 0 1 0 773 -634 3
1 0 1 0 773 -634 3
1 0 1 0 773 -634 3
1 0 1 0 773 -634 3
1 0 0 0 773 -634 3
1 0 1 0 4714 -8819 3
1 0 0 1 991 -134 3
1 0 1 0 -924 383 3
1 0 0 0 -924 383 3
1 0 1 0 1951 9808 3
1 0 1 0 4 1000 3
1 0 0 0 4 1000 3
1 0 0 0 4 1000 3
-1 0 1 0 -6344 7730 3
1 0 1 0 -6344 7730 3
1 0 0 0 -6344 7730 3
1 0 1 0 0 10000 3
1 0 1 0 0 10000 3
1 0 1 0 0 10000 3
0 0 1 0 0 10000 3
1 0 1 0 0 1000 3
0 0 1 0 0 1000 3
1 0 1 0 0 1000 3
0 0 0 0 0 1000 3
1 0 1 0 -2587 9660 3
1 0 1 0 -290 957 3
1 0 1 0 -290 957 3
1 0 1 0 -290 957 3
1 0 0 0 -290 957 3
1 0 1 0 471 -882 3
1 0 0 0 471 -882 3
1 0 1 0 383 -924 3
1 0 0 0 383 -924 3
1 0 1 0 -195 981 3
1 0 1 0 -195 981 3
1 0 1 0 -195 981 3
1 0 0 0 -195 981 3
1 0 1 0 882 -471 3
1 0 1 0 882 -471 3
1 0 0 0 882 -471 3
1 0 1 0 634 -773 3
1 0 0 0 541 841 3
1 0 1 0 773 -634 3
0 0 1 1 9853 -1711 3
0 1 0 0 773 -634 3
1 0 1 0 9245 -3811 -1
1 0 1 0 9245 -3811 -1
0 0 1 0 9245 -3811 -1
1 0 1 0 9245 -3811 -1
1 0 1 0 9245 -3811 -1
1 0 1 0 9245 -3811 -1
1 0 1 0 9245 -3811 -1
1 0 1 0 9245 -3811 -1
1 0 1 0 9245 -3811 -1
1 0 1 0 9245 -3811 -1
1 0 1 0 9245 -3811 -1
1 0 1 0 9245 -3811 -1
1 1 1 0 9245 -3811 -1
1 1 1 0 831 -556 -1
1 0 1 0 831 -556 -1
1 0 1 0 831 -556 -1
-1 0 1 0 831 -556 -1
1 0 1 0 831 -556 -1
1 0 1 0 831 -556 -1
-1 0 1 0 831 -556 -1
-1 0 1 0 831 -556 -1
1 0 1 0 831 -556 -1
1 0 1 0 831 -556 -1
1 0 1 0 831 -556 -1
1 0 1 1 1354 9908 -1
-1 0 0 0 1354 9908 -1
1 0 1 0 9438 -3306 -1
1 0 1 0 1045 9945 -1
1 0 1 0 9239 -3827 -1
1 0 1 0 9239 -3827 -1
1 0 1 0 9882 1530 -1
1 0 1 0 9882 1530 -1
1 0 1 0 9882 1530 -1
1 0 0 0 98 995 -1
1 0 1 0 8038 5949 -1
1 0 1 0 98 995 -1
1 0 1 0 7071 7071 -1
1 0 1 0 98 995 -1
1 0 1 0 98 995 -1
1 0 1 0 4714 8819 -1
1 0 0 0 4714 8819 -1
1 0 1 0 6378 7702 -1
1 0 1 0 4630 8864 -1
1 0 0 0 4630 8864 -1
1 0 1 0 5160 8566 -1
1 0 1 0 4081 9129 -1
1 0 1 0 471 882 -1
1 1 1 0 471 882 -1
1 1 1 0 471 882 -1
1 0 1 1 -1827 -9832 -1
1 1 1 0 980 9952 -1
1 1 1 0 980 9952 -1
1 1 1 0 -2873 -9578 -1
1 0 0 0 -2873 -9578 -1
1 1 1 0 94 10000 -1
1 1 1 0 -2873 -9578 -1
1 1 1 0 -2873 -9578 -1
1 1 0 0 8041 5945 -1
1 1 0 0 8041 5945 -1
1 1 1 0 9762 -2170 -1
1 1 0 0 -195 -981 -1
1 1 0 0 491 9988 -1
1 0 1 0 1307 9914 -1
1 0 1 0 491 9988 -1
1 1 0 0 633 -774 3
1 0 0 0 -314 9995 3
1 0 1 0 -980 9952 3
1 0 0 0 9239 3827 3
1 0 1 0 9569 2903 3
1 1 0 0 1000 0 3
1 0 1 0 -4714 8819 3
1 1 0 0 1000 0 3
1 0 1 0 9569 -2903 3
1 0 0 0 1000 0 3
1 0 1 0 7730 -6344 3
1 0 0 1 4848 -8746 3
1 0 0 0 0 -10000 3
1 1 0 1 -2728 -9621 3
1 0 1 0 8141 -5807 3
1 0 1 0 9491 -3151 3
1 0 1 0 8668 -4986 3
1 1 0 0 707 -707 3
1 0 1 0 7730 -6344 3
1 0 1 0 8004 -5995 3
1 0 1 0 8004 -5995 3
1 1 1 0 8315 -5556 3
1 0 1 0 707 -707 3
1 0 0 0 707 -707 3
1 0 1 0 707 -707 3
1 0 1 0 4846 -8748 3
1 0 1 0 4846 -8748 3
1 0 0 0 383 -924 3
1 0 1 0 3665 -9304 3
1 0 0 0 383 -924 3
1 1 1 0 3255 -9456 3
1 0 0 0 4540 -8910 3
1 0 1 0 2563 -9666 3
1 1 0 0 399 -917 3
1 1 1 0 2057 -9786 3
1 1 0 0 399 -917 3
1 1 1 0 1821 -9833 3
1 0 1 0 1809 -9835 3
1 0 0 0 1874 -9823 3
1 0 0 0 1874 -9823 3
1 0 1 0 500 -9988 3
1 1 0 0 349 -9994 3
1 1 1 0 87 -10000 3
1 1 1 0 349 -9994 3
1 1 0 0 349 -9994 3
1 0 1 0 2214 -9752 3
1 0 1 0 -785 -9969 3
1 0 0 0 -523 -9986 3
1 1 0 0 -523 -9986 3
1 1 0 0 -523 -9986 3
1 0 0 1 10000 -12 3
1 1 1 0 3902 9207 3
1 0 1 0 2903 9569 3
1 1 1 0 2903 9569 3
1 0 1 0 2903 9569 3
1 0 1 0 2903 9569 3
1 0 0 0 2903 9569 3
1 1 1 0 -3474 -9377 3
1 1 0 0 -9600 2801 3
1 0 1 0 -3825 -9240 3
1 0 1 0 -3693 -9293 3
1 0 0 0 -3827 -9239 3
1 0 1 0 -960 -9954 3
1 0 1 0 -2633 -9647 3
1 1 1 0 -2633 -9647 3
1 1 1 0 -1564 -9877 3
1 1 1 0 -4305 -9026 3
1 0 1 0 -3338 -9426 3
1 1 0 0 -3338 -9426 3
1 1 1 0 -4278 -9039 3
1 1 1 0 -3090 -9511 3
1 0 1 0 -3633 -9317 3
1 1 0 0 -4714 -8819 3
1 0 0 0 -4714 -8819 3
1 0 0 0 8819 4714 3
1 0 1 0 7622 6474 3
1 0 1 0 -3518 -9361 3
1 1 1 0 -3518 -9361 3
1 0 0 0 -3518 -9361 3
1 1 0 0 1564 9877 3
1 0 1 0 1279 9918 3
1 0 0 0 -9673 -2538 3
1 0 0 0 1392 9903 3
1 0 0 0 1564 9877 3
1 0 1 0 1259 9920 3
1 1 0 0 1564 9877 3
1 0 0 0 1288 9917 3
1 0 1 0 1127 9936 3
1 1 1 0 523 9986 3
1 1 0 0 1305 9914 3
1 0 1 0 3324 9432 3
1 1 1 0 872 9962 3
1 0 0 0 1305 9914 3
1 0 0 1 8951 -4458 3
1 0 0 0 2504 9681 3
1 0 1 0 3475 9377 3
1 0 1 0 6344 7730 3
1 0 1 0 2903 9569 3
1 1 1 0 2903 9569 3
1 0 0 0 980 9952 3
1 0 0 0 980 9952 3
1 0 0 0 6344 -7730 3
1 0 0 0 6344 -7730 3
1 1 0 0 6344 -7730 3
1 0 1 0 9070 4211 3
1 1 1 0 5556 8315 3
1 0 0 0 1305 9914 3
1 1 0 0 -9569 2903 3
1 1 0 0 -9569 2903 3
1 1 0 0 -3827 9239 3
1 1 0 0 -3827 9239 3
1 1 0 0 6344 7730 3
1 1 0 0 9569 -2903 3
1 0 0 0 -1624 9867 3
1 0 0 0 -1624 9867 3
1 0 0 0 -1582 9874 3
1 0 1 0 9133 -4073 3
1 0 1 0 -1582 9874 3
1 0 1 1 6885 7252 3
1 1 1 0 6555 7552 3
1 1 1 0 6555 7552 3
1 1 1 0 6914 7224 3
1 0 1 0 4471 -8945 3
1 0 1 0 4714 -8819 3
1 0 0 0 0 -10000 3
1 0 0 0 0 -10000 3
1 0 0 0 0 -10000 3
1 0 0 0 0 -10000 3
1 0 0 0 4714 -8819 3
1 0 0 0 9239 -3827 3
1 0 0 0 4714 8819 3
1 0 1 0 -8436 -5370 3
1 0 1 0 -7730 6344 3
1 0 0 0 -7730 6344 3
1 0 0 0 980 -9952 3
1 0 0 0 980 -9952 3
1 0 0 0 980 -9952 3
1 0 0 0 980 -9952 3
1 0 1 0 980 9952 3
1 0 0 0 0 10000 3
1 0 0 0 0 10000 3
-1 0 1 0 -980 -9952 3
1 0 1 0 -980 -9952 3
1 0 0 0 0 10000 3
1 0 0 0 0 10000 3
1 0 1 0 980 9952 3
1 0 0 0 0 10000 3
0 0 1 0 -3827 9239 3
0 0 1 0 -3827 9239 3
1 0 0 1 -4777 -8785 3
0 0 0 0 -4777 -8785 3
1 0 1 0 1678 9858 3
1 0 1 0 1678 9858 3
1 0 1 0 1802 9836 3
1 0 1 0 1802 9836 3
-1 0 0 0 1802 9836 3
1 0 1 0 -1951 9808 3
-1 0 0 0 -1951 9808 3
1 0 1 0 -6518 7584 3
-1 0 1 0 -6518 7584 3
-1 0 1 0 -6518 7584 3
0 0 1 0 -3453 9385 3
-1 0 1 0 -3453 9385 3
-1 0 1 0 -3453 9385 3
-1 0 1 0 -3453 9385 3
0 0 0 0 -3453 9385 3
-1 0 1 0 -9655 2606 3
-1 0 1 0 -9781 2079 3
-1 0 0 0 -7730 6344 3
-1 0 1 0 -9633 2685 3
-1 0 1 0 -9304 3665 3
-1 0 1 0 -9304 3665 3
-1 0 0 0 -9239 3827 3
-1 0 1 0 -9725 -2328 3
-1 0 1 0 -9703 -2419 3
-1 0 1 0 -9703 -2419 3
-1 0 1 1 8717 4900 3
-1 0 1 0 -8746 -4848 3
-1 0 0 0 -8746 -4848 3
-1 0 1 0 -5872 -8095 3
-1 0 0 0 -6428 -7660 3
-1 0 1 0 -5368 -8437 3
-1 0 0 0 -9367 -3502 3
-1 0 1 0 -4855 -8743 3
-1 0 0 0 -5446 -8387 3
-1 0 1 0 -3450 -9386 3
-1 0 0 0 -7071 -7071 3
-1 0 1 0 -3073 9516 3
-1 1 1 0 -1083 9941 3
-1 0 0 0 -4714 -8819 3
-1 1 1 0 -877 9961 3
-1 0 1 0 -1045 9945 3
-1 0 0 0 0 10000 3
-1 0 1 0 -584 9983 3
-1 1 0 0 -872 9962 3
-1 1 1 0 952 9955 3
-1 0 0 0 0 10000 3
-1 0 0 0 0 10000 3
-1 0 1 0 504 -9987 3
-1 0 0 0 0 10000 3
-1 0 0 0 -4273 9041 3
-1 0 1 0 -5246 8514 3
-1 0 0 0 9952 -980 3
-1 0 0 0 -980 9952 3
-1 0 0 0 1180 9930 3
-1 0 0 0 1956 -9807 3
-1 0 0 1 9300 3674 3
-1 0 0 0 9239 3827 3
-1 0 0 0 9746 2239 3
-1 0 0 0 -2903 -9569 3
-1 0 0 0 9239 3827 3
-1 0 1 0 980 -9952 3
-1 0 0 0 9239 3827 3
-1 0 0 0 9239 3827 3
-1 0 1 0 1908 -9816 3
-1 0 0 0 9239 3827 3
-1 0 0 0 9239 3827 3
-1 0 1 0 -2903 9569 3
-1 0 1 0 9952 -980 3
-1 0 1 0 9952 -980 3
-1 0 0 0 980 9952 3
-1 0 1 0 980 9952 3
-1 0 0 0 980 9952 3
-1 0 1 0 -2903 -9569 3
-1 0 1 0 -2903 -9569 3
-1 0 0 0 -3827 9239 3
-1 0 0 0 -3827 9239 3
-1 0 1 0 1478 -9890 3
-1 0 0 0 -3827 9239 3
-1 0 0 0 -3827 9239 3
-1 0 1 0 702 -9975 3
-1 0 0 1 4683 -8835 3
-1 0 0 0 -3827 -9239 3
-1 0 0 1 4683 -8835 3
-1 0 1 0 -958 -9954 3
-1 0 0 1 5036 -8640 3
-1 0 1 0 -980 -9952 3
-1 0 0 1 5036 -8640 3
-1 0 1 0 -262 -9997 3
-1 0 0 1 5036 -8640 3
-1 0 1 0 -2079 -9781 3
-1 0 1 0 -1736 -9848 3
-1 0 0 0 -1736 -9848 3
-1 0 1 0 -980 -9952 3
-1 0 1 0 8819 -4714 3
-1 0 1 0 8819 -4714 3
-1 0 0 0 0 -10000 3
-1 0 0 0 0 -10000 3
-1 0 0 0 0 -10000 3
-1 1 0 0 -2300 -9732 3
-1 0 1 0 -4714 8819 3
-1 0 1 0 8819 4714 3
-1 0 0 0 4714 -8819 3
-1 0 0 0 -8949 -4462 3
-1 0 1 0 -4714 8819 3
-1 0 1 0 -523 9986 3
-1 0 1 1 8819 -4714 3
-1 1 0 0 8819 4714 3
-1 0 0 1 8361 -5486 3
-1 0 0 0 8819 -4714 3
-1 0 0 0 9560 -2933 3
-1 0 0 0 -980 9952 3
-1 0 1 0 2727 9621 3
-1 0 0 0 980 9952 3
-1 0 0 0 980 9952 3
-1 1 0 0 1564 9877 3
-1 0 1 0 980 9952 3
-1 0 0 0 -4714 8819 3
-1 0 1 0 -980 9952 3
-1 0 1 0 -980 9952 3
-1 0 0 0 980 9952 3
-1 0 1 0 1253 9921 3
-1 0 0 0 980 9952 3
-1 0 1 0 1253 9921 3
-1 0 0 0 1616 9869 3
-1 0 0 0 1616 9869 3
-1 1 0 0 1616 9869 3
-1 0 0 0 -1822 9833 3
-1 0 1 0 -3090 -9511 3
-1 0 0 0 7705 -6374 3
-1 0 0 0 -9569 -2903 3
-1 0 0 0 7705 -6374 3
-1 0 1 0 -2903 -9569 3
-1 0 0 0 -3827 -9239 3
-1 0 1 0 -2756 -9613 3
-1 1 0 0 -3827 -9239 3
-1 1 1 0 -2313 -9729 3
-1 1 0 0 -1951 -9808 3
-1 1 1 0 -1951 -9808 3
-1 1 1 0 -1899 -9818 3
-1 1 0 0 -1951 -9808 3
-1 0 0 0 -1951 -9808 3
-1 0 1 0 -3665 -9304 3
-1 1 1 1 -9727 2319 3
1 0 0 0 -9727 2319 3
1 0 1 0 -2903 9569 3
1 0 1 0 -2903 9569 3
1 0 0 0 -2903 9569 3
-1 0 1 0 0 10000 3
-1 0 0 0 0 10000 3
-1 0 1 0 -2800 -9600 3
-1 0 1 0 -2800 -9600 3
-1 0 1 0 -2800 -9600 3
-1 0 0 0 -2800 -9600 3
-1 0 1 0 -2939 9558 3
-1 0 1 0 -2939 9558 3
-1 0 0 0 -2939 9558 3
-1 0 1 0 -2976 9547 3
-1 0 1 0 -980 9952 3
1 0 1 0 -980 9952 3
-1 0 0 0 -980 9952 3
-1 0 0 0 -980 9952 3
1 0 1 0 980 -9952 3
1 0 1 0 980 -9952 3
1 1 1 0 980 -9952 3
0 0 1 0 980 -9952 3
0 0 1 0 980 -9952 3
1 0 1 0 980 -9952 3
0 0 1 0 980 -9952 3
1 0 1 0 980 -9952 3
1 0 1 0 980 -9952 3
1 0 0 0 980 -9952 3
1 0 1 0 6512 -7589 3
0 1 1 0 6494 -7604 3
1 1 1 0 6494 -7604 3
1 1 0 0 6794 -7337 3
1 0 0 1 -9778 2096 3
0 0 0 0 6794 -7337 3
-1 0 0 0 6794 -7337 3
-1 1 1 0 -6992 7150 3
0 1 1 0 -6808 7325 3
-1 1 1 0 -6820 7314 3
-1 0 1 0 -6820 7314 3
-1 0 1 0 -6820 7314 3
-1 0 1 0 -8111 5850 3
-1 1 1 0 -8111 5850 3
-1 1 1 0 -8111 5850 3
-1 1 0 0 -8111 5850 3
0 1 1 0 -4280 9038 3
-1 0 1 0 -8111 5850 3
-1 0 1 0 -8111 5850 3
-1 0 1 0 -8111 5850 3
-1 0 1 0 -8111 5850 3
0 0 1 0 -8111 5850 3
0 1 1 0 -8111 5850 3
-1 0 1 0 -8111 5850 3
0 1 1 0 -8111 5850 3
-1 0 1 0 -8111 5850 3
-1 0 1 0 -8111 5850 3
-1 0 1 0 -8111 5850 3
-1 0 1 0 -8111 5850 3
-1 0 1 0 -8377 5461 3
-1 1 0 0 -8377 5461 3
-1 1 1 0 -4058 9140 3
-1 1 1 0 -3799 9250 3
0 0 1 0 -3799 9250 3
-1 0 1 0 -3799 9250 3
-1 1 1 0 -3827 9239 3
-1 1 1 0 -3827 9239 3
-1 1 1 0 -3827 9239 3
-1 0 1 0 -1357 9907 3
0 0 1 0 -1357 9907 3
0 1 1 0 -1357 9907 3
-1 1 1 0 -1357 9907 3
0 1 1 0 -1357 9907 3
-1 1 0 0 -1357 9907 3
-1 1 0 1 9665 -2567 3
-1 0 0 0 -1357 9907 3
-1 1 0 0 9246 -3809 3
-1 0 0 0 2903 9569 3
-1 0 0 0 9242 -3820 3
-1 0 0 0 4848 8746 3
-1 1 0 0 4848 8746 3
-1 1 1 0 -9837 1796 3
-1 0 1 0 7071 7071 3
-1 0 1 0 -9952 980 3
-1 0 1 0 -9952 980 3
-1 1 0 0 -9239 -3827 3
-1 0 1 0 -8219 -5696 3
-1 1 0 0 -8480 -5299 3
-1 0 1 0 -7821 -6231 3
-1 1 0 0 -8039 -5948 3
-1 1 1 0 -8693 -4944 3
-1 1 1 0 -8745 -4851 3
-1 1 1 0 -8819 -4714 3
-1 1 1 0 -8745 -4851 3
-1 1 0 0 -9026 -4305 3
-1 0 1 0 -7058 -7084 3
-1 0 1 0 -8119 -5838 3
-1 0 0 0 -8090 -5878 3
-1 1 1 0 -6544 -7562 3
-1 0 1 0 -6332 -7740 3
-1 0 1 0 -7608 6490 3
-1 0 0 1 -7205 6934 3
-1 0 1 0 -5233 -8522 3
-1 1 1 0 -4759 -8795 3
-1 0 1 0 -4759 -8795 3
-1 1 1 0 -4759 -8795 3
-1 0 1 0 -4759 -8795 3
-1 1 1 0 -4759 -8795 3
-1 1 1 0 -4714 -8819 3
-1 1 0 0 -4714 -8819 3
-1 1 1 0 270 -9996 3
-1 1 1 0 1294 -9916 3
-1 0 1 0 1294 -9916 3
-1 1 1 0 1499 -9887 3
-1 1 0 0 1499 -9887 3
-1 1 1 0 -2930 9561 3
-1 1 1 0 -785 9969 3
-1 1 0 0 -3827 -9239 3
-1 1 0 0 -3827 -9239 3
-1 1 0 0 -3827 -9239 3
-1 0 1 0 3031 -9530 3
-1 0 0 0 0 10000 3
-1 0 1 0 3699 -9291 3
-1 1 0 0 0 10000 3
-1 0 1 0 4177 -9086 3
-1 0 0 0 980 -9952 3
-1 0 1 0 4769 -8790 3
-1 1 0 1 -8835 -4685 3
-1 1 1 0 5428 -8399 3
-1 0 1 0 5772 -8166 3
-1 1 0 0 5150 -8572 3
-1 0 1 0 6442 -7649 3
-1 0 1 0 6461 -7632 3
-1 0 1 0 6461 -7632 3
-1 0 0 0 2987 9543 3
-1 0 1 0 -4482 8939 3
-1 0 1 0 -872 9962 3
-1 0 0 0 2987 9543 3
-1 0 0 0 8819 -4714 3
-1 0 0 0 -8187 5743 3
-1 0 1 0 -4929 8701 3
-1 0 1 0 -2334 9724 3
-1 1 0 0 -8819 4715 3
-1 0 0 0 -2504 9681 3
-1 0 0 0 -7904 6126 3
-1 1 0 0 -8819 4715 3
-1 1 1 0 -3203 9473 3
-1 1 1 0 -349 9994 3
-1 0 0 0 -872 9962 3
-1 1 1 0 -279 9996 3
-1 0 0 0 -8819 4715 3
-1 0 1 0 1002 -9950 3
-1 1 1 0 1337 -9910 3
-1 1 1 0 1337 -9910 3
-1 1 1 0 1337 -9910 3
-1 1 0 0 0 -10000 3
-1 1 1 0 4887 -8724 3
-1 0 1 1 -8000 -6000 3
-1 1 0 0 -8115 -5843 3
-1 1 1 0 1164 -9932 3
1 0 1 0 5000 -8660 3
0 1 1 0 5225 -8526 3
-1 1 0 0 5225 -8526 3
-1 1 1 0 7363 -6767 3
-1 1 0 0 7316 -6817 3
-1 0 1 0 7738 -6334 3
-1 0 0 0 7806 -6250 3
-1 1 0 0 7806 -6250 3
-1 1 0 0 -9804 1969 3
-1 0 0 0 -9804 1969 3
-1 0 0 0 -9804 1969 3
-1 1 1 0 -9583 2859 3
-1 1 1 0 -9804 1969 3
-1 1 1 0 -9804 1969 3
-1 0 1 0 -4946 8691 3
-1 1 1 0 -4695 8829 3
-1 0 1 0 -4714 8819 3
-1 0 0 0 -4714 8819 3
-1 0 1 0 -3424 9396 3
-1 0 1 0 -980 9952 3
-1 1 1 0 -980 9952 3
-1 1 1 0 -980 9952 3
-1 0 1 0 6904 -7235 3
-1 0 1 0 3827 9239 3
-1 0 1 0 3827 9239 3
-1 1 1 1 5107 -8598 3
-1 1 1 0 6945 -7195 3
-1 1 0 0 980 9952 3
-1 1 0 0 1648 9863 3
-1 1 0 0 -65 10000 3
-1 1 1 0 1686 9857 3
-1 1 1 0 -65 10000 3
-1 0 0 0 -65 10000 3
-1 1 1 0 9498 -3127 3
-1 1 1 0 3827 9239 3
-1 0 0 0 3827 9239 3
-1 0 0 0 963 9954 3
-1 0 0 0 3827 9239 3
-1 1 0 0 3827 9239 3
-1 1 0 0 -980 9952 3
-1 0 1 0 1630 9866 3
-1 1 1 0 3043 9526 3
-1 1 1 0 2247 9744 3
-1 1 0 0 -9239 -3827 3
-1 1 1 0 -8877 -4604 3
-1 1 1 0 -8787 -4773 3
-1 1 0 0 -9239 -3827 3
-1 1 1 0 -6914 -7225 3
-1 1 1 0 -6675 -7446 3
-1 1 0 0 3338 -9426 3
-1 1 0 0 3338 -9426 3
-1 1 1 0 -6442 -7649 3
-1 0 0 0 3338 -9426 3
-1 0 1 0 -7647 -6443 3
-1 1 1 0 -7730 -6344 3
-1 1 0 0 -9571 -2898 3
-1 1 0 0 -7730 -6344 3
-1 1 0 0 -9571 -2898 3
-1 1 0 0 -7730 -6344 3
-1 1 0 0 -9571 -2898 3
-1 1 0 0 -6344 -7730 3
-1 1 0 0 -9571 -2898 3
-1 1 0 0 -9571 -2898 3
-1 1 1 0 178 9998 3
-1 0 1 0 4714 8819 3
0 1 1 0 8819 4714 3
0 0 0 1 407 9992 3
0 0 1 0 6153 7883 3
0 0 0 0 4384 8988 3
1 1 1 0 9733 2297 3
1 0 1 0 9483 3175 3
1 0 1 0 9483 3175 3
1 1 1 0 3827 9239 3
1 1 0 0 3827 9239 3
0 1 1 0 9443 3291 3
0 1 1 0 9914 1305 3
1 1 1 0 9914 1305 3
1 0 1 0 9914 1305 3
1 0 1 0 9914 1305 3
1 0 1 0 9914 1305 3
1 0 1 0 9953 963 3
1 1 0 0 10000 0 3
1 0 1 0 8883 -4592 3
1 1 1 0 8526 -5225 3
1 0 1 0 8526 -5225 3
1 0 0 0 8819 -4714 3
1 1 1 0 7614 -6483 3
1 1 0 0 8819 -4714 3
1 1 1 0 7173 -6968 3
1 1 1 0 6494 -7604 3
1 0 1 0 6494 -7604 3
1 0 0 0 6227 -7825 3
1 1 1 0 5936 -8048 3
1 1 1 0 5909 -8067 3
1 0 1 0 5909 -8067 3
1 0 1 1 9635 2677 3
1 0 1 0 5909 -8067 3
1 0 0 0 5909 -8067 3
1 0 0 0 5909 -8067 3
1 0 0 0 5909 -8067 3
1 1 0 0 5909 -8067 3
1 1 0 0 5909 -8067 3
1 0 0 0 3338 9426 3
1 0 0 0 3338 9426 3
1 0 1 0 2910 9567 3
1 0 1 0 980 -9952 3
1 0 0 0 -980 -9952 3
1 0 0 0 -2903 -9569 3
1 0 0 0 -980 -9952 3
1 0 0 0 -785 -9969 3
1 0 0 0 -980 -9952 3
1 0 0 0 3173 9483 3
1 1 1 0 -3479 -9375 3
1 1 0 0 -3338 -9426 3
1 0 0 0 2903 -9569 3
1 0 1 0 -3676 -9300 3
1 0 0 0 -3827 -9239 3
1 0 1 0 -4107 -9118 3
1 1 0 0 -4714 -8819 3
1 0 0 0 -4617 -8870 3
1 0 1 0 -4603 -8878 3
1 1 0 0 -407 -914 3
1 1 1 0 -4835 -8754 3
1 1 1 0 -466 -885 3
1 1 0 0 -466 -885 3
1 1 0 0 -5225 -8526 3
1 0 0 1 6453 -7640 3
1 0 0 0 -2903 -9569 3
1 0 1 0 -1139 9935 3
1 0 1 0 -3827 -9239 3
1 0 0 0 -4714 8819 3
1 0 0 0 0 -1000 3
1 1 0 0 0 -1000 3
1 0 0 0 0 -1000 3
1 1 0 0 0 -1000 3
1 0 0 0 0 -1000 3
1 1 0 0 0 -1000 3
1 1 0 0 0 -1000 3
1 1 0 0 0 -1000 3
1 0 0 0 9686 -2485 3
1 0 1 0 8175 -5760 3
1 0 1 0 4147 -9100 3
1 0 0 0 383 -924 3
1 0 1 0 6283 -7780 3
1 1 1 0 6349 -7726 3
1 0 0 0 471 882 3
1 1 1 0 7655 -6434 3
1 0 1 0 6318 -7752 3
1 0 1 0 6345 -7730 3
1 0 1 0 6345 -7730 3
1 0 0 1 9352 3540 3
1 1 1 0 4714 -8819 3
1 0 0 1 -7071 7071 3
1 0 1 0 -980 9952 3
1 0 0 1 -7596 6503 3
1 0 0 1 -8020 5974 3
1 0 1 0 -1564 -9877 3
1 0 0 0 -995 -98 3
1 0 1 0 -7730 -6344 3
1 0 0 0 -995 -98 3
1 0 1 0 -7730 6344 3
1 0 0 0 -995 -98 3
1 0 1 0 -980 9952 3
1 0 0 0 -995 -98 3
1 1 1 0 9569 2903 3
1 0 0 0 -995 -98 3
1 0 1 0 523 9986 3
1 0 0 0 383 924 3
1 0 1 0 -1305 9914 3
1 0 0 0 -882 471 3
1 0 0 0 -882 471 3
1 0 1 0 -6344 -7730 3
1 0 1 0 523 9986 3
0 0 1 0 523 9986 3
1 0 0 0 -882 471 3
1 0 0 0 -882 471 3
-1 0 0 0 -8819 4714 3
-1 0 1 0 -2649 -9643 3
1 1 1 1 9300 3675 3
-1 0 1 0 -2649 -9643 3
0 0 1 0 -2649 -9643 3
1 0 1 0 -2649 -9643 3
0 0 1 0 -2859 -9583 3
0 0 0 0 -2859 -9583 3
-1 0 1 0 -7934 -6088 3
-1 0 0 0 -8192 -5736 3
1 0 1 0 -9135 -4067 3
0 0 0 0 -8829 -4695 3
1 0 1 0 4226 9063 3
1 1 1 0 3827 9239 3
1 1 0 0 773 634 3
1 0 0 0 773 634 3
1 0 0 0 773 634 3
1 0 1 0 -698 9976 3
-1 0 1 0 -2250 9744 3
0 0 1 0 -2164 9763 3
-1 0 1 0 -2250 9744 3
-1 0 1 0 -2250 9744 3
-1 0 1 0 -2250 9744 3
-1 0 1 0 -2250 9744 3
-1 0 1 0 -2250 9744 3
0 0 1 0 980 9952 3
-1 0 0 0 980 9952 3
0 0 1 0 883 9961 3
1 0 1 0 -969 9953 3
0 0 1 0 -969 9953 3
1 0 1 0 -969 9953 3
1 0 1 0 -969 9953 3
1 0 0 0 859 -511 3
1 0 1 0 9063 -4226 3
1 0 1 0 9063 -4226 3
1 0 0 0 817 -577 3
1 0 1 0 7809 -6247 3
1 0 0 0 785 -619 3
1 0 1 0 6278 -7784 3
1 0 1 1 -9808 -1951 3
1 0 0 0 785 -619 3
1 0 1 0 3665 -9304 3
1 0 0 0 -981 195 3
1 0 0 0 -981 195 3
1 0 0 0 -981 195 3
1 0 0 0 -981 195 3
1 0 0 0 -981 195 3
1 0 0 0 -981 195 3
1 0 1 0 6332 -7740 3
1 0 1 0 6332 -7740 3
1 0 1 0 6332 -7740 3
1 0 1 0 6332 -7740 3
1 0 1 0 6332 -7740 3
1 0 0 0 634 -773 3
1 0 0 0 634 -773 3
1 0 0 0 634 -773 3
1 0 0 0 634 -773 3
1 0 1 0 4714 -8819 3
1 0 1 0 4602 -8878 3
1 0 1 0 4602 -8878 3
1 0 0 0 634 -773 3
1 0 1 0 4226 -9063 3
1 0 1 0 4602 -8878 3
1 0 1 0 4602 -8878 3
1 0 1 0 4602 -8878 3
1 0 0 0 556 -831 3
1 0 0 0 556 -831 3
1 0 0 0 556 -831 3
1 0 0 1 -8819 4714 3
1 0 1 0 6344 -7730 3
1 0 0 1 -9877 1561 3
1 0 0 0 -9877 1561 3
1 0 0 1 -8819 4714 3
1 0 1 0 -2903 9569 3
1 0 0 1 -9719 2355 3
1 0 1 0 2250 -9744 3
1 0 1 0 3867 -9222 3
1 0 0 0 3867 -9222 3
1 0 1 0 1908 -9816 3
1 0 1 0 3867 -9222 3
1 0 0 0 195 -981 3
1 0 0 0 195 -981 3
1 0 0 0 195 -981 3
1 0 1 0 -980 -9952 3
1 0 0 0 195 -981 3
1 0 0 0 195 -981 3
1 0 1 0 2903 -9569 3
1 0 1 0 951 -9955 3
1 0 0 0 98 -995 3
1 0 0 0 98 -995 3
1 0 0 0 98 -995 3
1 0 1 0 -2756 9613 3
1 1 0 0 -2756 9613 3
1 0 1 1 -7071 7071 3
1 0 0 1 -7883 6153 3
1 0 1 0 4714 8819 3
1 0 1 0 2883 9575 3
1 0 1 0 2883 9575 3
1 0 0 0 -1153 -9933 3
1 0 1 0 4067 9135 3
1 0 1 0 4067 9135 3
1 0 1 0 -349 -9994 3
1 0 0 0 -1153 -9933 3
1 0 1 0 0 -10000 3
1 0 1 0 -349 -9994 3
1 0 1 0 -2893 -9572 3
1 0 0 0 -1153 -9933 3
1 0 1 0 3746 9272 3
1 0 1 0 -2893 -9572 3
1 0 1 0 -2893 -9572 3
1 0 0 0 -471 -882 3
1 0 0 0 -471 -882 3
1 0 1 0 980 9952 3
1 1 1 0 349 9994 3
1 1 1 0 349 9994 3
1 0 0 0 1000 0 3
1 0 0 0 1000 0 3
1 0 0 0 1000 0 3
1 0 0 0 1000 0 3
1 1 0 0 1000 0 3
1 1 0 0 1000 0 3
1 0 0 0 1000 0 3
1 1 0 0 1000 0 3
1 0 0 1 9908 1356 3
1 0 1 0 4089 9126 3
1 1 1 0 -262 9997 3
1 1 1 0 -262 9997 3
1 1 0 0 773 -634 3
1 1 0 0 -4067 9135 3
1 1 0 0 -4067 9135 3
1 1 1 0 2607 9654 3
1 1 1 0 2419 9703 3
1 0 1 0 2863 9581 3
1 1 1 0 2863 9581 3
1 1 1 0 2863 9581 3
1 0 0 0 556 831 3
1 1 1 0 2047 9788 3
1 1 1 0 980 9952 3
1 1 1 0 980 9952 3
1 1 0 0 556 831 3
1 1 1 0 4444 8958 3
1 1 1 0 3446 9388 3
1 1 1 0 2861 9582 3
1 1 1 0 2861 9582 3
1 1 1 0 2861 9582 3
1 0 1 0 2861 9582 3
1 1 1 0 2861 9582 3
1 1 0 0 9881 -1540 3
1 0 1 0 1046 9945 3
1 0 1 0 972 9953 3
1 1 1 1 6932 -7207 3
1 0 0 0 972 9953 3
1 1 0 0 2903 9569 3
1 0 0 0 -935 9956 3
1 0 0 0 -935 9956 3
1 0 1 0 4239 -9057 3
1 0 0 0 0 1000 3
1 0 0 0 9601 2795 3
1 0 1 0 2657 9640 3
1 1 0 0 0 1000 3
1 1 1 0 8504 -5261 3
1 1 1 0 -195 981 3
1 0 1 0 4772 -8788 3
1 1 0 0 -195 981 3
1 1 0 0 -195 981 3
1 1 1 0 3323 -9432 3
1 1 1 0 2974 -9548 3
-1 1 1 0 383 -924 3
-1 1 1 0 383 -924 3
-1 1 1 0 383 -924 3
0 1 1 0 383 -924 3
0 1 1 0 383 -924 3
-1 1 1 0 383 -924 3
0 0 1 0 383 -924 3
0 0 1 0 383 -924 3
0 0 1 0 383 -924 3
-1 0 0 0 383 -924 3
-1 0 1 0 -7599 -6501 3
-1 0 1 0 -7771 -6293 3
-1 0 1 1 9745 2245 3
-1 0 1 0 -7771 -6293 3
-1 0 0 0 9513 3082 3
0 0 0 0 -7730 -6344 3
0 0 0 0 980 9952 3
0 0 0 0 4714 -8819 3
0 0 0 0 980 9952 3
1 0 0 0 980 9952 3
1 0 1 0 -5389 -8424 3
1 0 0 0 9994 349 3
1 0 1 0 8643 5030 3
1 0 1 0 9781 2079 3
1 0 0 0 6494 7604 3
1 0 1 0 6658 7461 3
1 0 1 0 5592 8290 3
1 0 1 0 6428 7660 3
1 0 0 0 5590 8292 3
1 0 1 0 5367 8437 3
1 0 1 0 4695 8829 3
1 0 1 0 4714 8819 3
1 0 1 0 5592 8290 3
1 1 1 0 4728 8812 3
1 1 1 0 4728 8812 3
1 1 1 0 4728 8812 3
1 1 1 0 2756 9613 3
1 0 1 1 -4612 -8873 3
1 0 1 0 4728 8812 3
1 1 1 0 4728 8812 3
1 1 1 0 4728 8812 3
1 1 0 0 -3460 -9382 3
1 1 0 0 203 9998 3
1 1 0 0 882 471 3
1 1 0 0 -2903 9569 3
0 0 0 0 -2903 9569 3
1 0 0 0 -980 9952 3
1 0 1 0 -3992 9169 3
1 1 1 0 926 -379 3
1 1 1 0 8819 -4714 3
1 1 0 0 9569 -2903 3
1 1 0 0 6344 -7730 3
1 1 1 0 7386 -6742 3
1 0 1 0 6344 -7730 3
0 0 1 0 6344 -7730 3
1 0 0 0 4714 -8819 3
1 0 0 0 -924 383 3
0 1 0 0 707 -707 3
0 0 0 0 -7730 6344 3
0 1 1 0 -7309 6825 3
0 1 0 0 -7730 6344 3
-1 1 1 0 -9384 3456 3
-1 0 1 0 -9469 3216 3
0 0 1 0 -9613 2756 3
-1 0 1 0 -957 290 3
-1 1 1 0 -957 290 3
-1 0 1 0 -957 290 3
-1 0 1 0 -957 290 3
-1 1 1 0 -957 290 3
-1 1 1 0 -957 290 3
-1 1 1 0 -957 290 3
-1 0 1 0 -957 290 3
-1 1 1 1 643 -9979 3
-1 1 1 0 980 -9952 3
-1 0 0 0 895 -9960 3
-1 0 0 0 895 -9960 3
-1 1 0 0 980 9952 3
0 1 1 0 6181 7861 3
0 0 1 0 2313 9729 3
0 1 1 0 6691 7431 3
1 0 1 0 6691 7431 3
1 1 1 0 6691 7431 3
1 1 1 0 4617 8870 3
0 1 1 0 4617 8870 3
1 0 1 0 4617 8870 3
-1 1 1 0 4617 8870 3
1 0 1 0 4617 8870 3
1 0 1 0 9863 1650 3
1 0 1 0 9863 1650 3
1 1 1 0 9863 1650 3
1 0 1 0 9863 1650 3
1 0 1 0 9863 1650 3
1 0 1 0 9171 3987 3
1 0 1 0 9171 3987 3
1 0 1 0 5736 -8192 3
1 0 1 0 5736 -8192 3
1 0 1 0 4848 -8746 3
1 0 0 0 5000 -8660 3
1 0 0 0 5000 -8660 3
1 0 1 0 9952 980 3
-1 0 0 0 9952 980 3
-1 0 1 0 -8315 5556 3
1 0 0 0 -8315 5556 3
1 0 1 0 -177 9998 3
1 0 1 0 -177 9998 3
-1 0 1 0 -980 9952 3
-1 0 0 0 -981 195 3
-1 0 1 0 -9062 -4229 3
-1 0 1 0 -9062 -4229 3
-1 0 1 1 9261 -3772 3
-1 0 0 0 9239 -3827 3
-1 0 1 0 -5446 -8387 3
-1 0 0 0 924 -383 3
-1 0 1 0 -4714 -8819 3
-1 1 0 0 -496 -868 3
-1 1 0 0 -496 -868 3
-1 1 0 0 -496 -868 3
-1 1 0 0 -496 -868 3
-1 1 0 0 -496 -868 3
-1 1 0 0 981 -195 3
-1 0 1 0 1392 9903 3
-1 0 1 0 1392 9903 3
-1 0 0 0 -70 998 3
-1 0 0 0 -70 998 3
-1 0 0 0 -70 998 3
-1 0 1 0 892 9960 3
-1 0 1 0 892 9960 3
-1 0 0 0 92 996 3
-1 0 1 0 2903 9569 3
0 0 1 0 122 993 3
1 0 0 0 122 993 3
0 0 1 0 9952 974 3
1 0 1 0 995 98 3
1 0 1 0 995 98 3
1 0 1 0 995 98 3
1 0 1 1 7071 -7071 3
1 0 1 1 7071 -7071 3
1 0 1 1 7071 -7071 3
1 0 1 1 4617 -8870 3
1 0 1 0 707 -707 3
0 0 0 0 707 -707 3
1 1 1 0 2040 9790 3
1 1 1 0 2040 9790 3
