-1 0 1 0 -234 -972 -1
1 0 1 0 -234 -972 -1
0 0 1 0 -234 -972 -1
0 0 1 0 -234 -972 -1
0 0 1 0 -234 -972 -1
0 0 1 0 -234 -972 -1
-1 0 0 0 -98 -995 -1
-1 0 1 0 924 -381 -1
-1 0 1 0 924 -381 -1
-1 0 1 0 924 -381 -1
0 0 1 0 924 -381 -1
0 0 1 0 924 -381 -1
1 0 1 0 924 -381 -1
0 0 1 0 924 -381 -1
0 0 1 0 924 -381 -1
1 0 1 0 924 -381 -1
0 0 1 0 924 -381 -1
-1 0 1 0 924 -381 -1
1 0 1 0 924 -381 -1
1 0 0 0 924 -383 -1
1 0 1 0 752 659 -1
1 0 1 0 752 659 -1
1 0 1 0 752 659 -1
1 0 0 0 752 659 -1
1 0 0 0 773 634 -1
1 0 1 0 707 707 -1
1 0 1 0 707 707 -1
1 0 1 0 707 707 -1
1 0 1 0 -981 -195 -1
1 0 0 0 -981 -195 -1
1 0 1 0 383 924 -1
1 0 1 0 383 924 -1
1 0 0 0 383 924 -1
1 0 1 0 -981 195 -1
1 0 1 0 -981 195 -1
1 0 1 0 -981 195 -1
1 0 0 0 -981 195 -1
1 0 0 0 -981 195 -1
1 0 1 0 786 -618 -1
1 0 1 0 786 -618 -1
1 0 1 0 786 -618 -1
1 0 1 0 786 -618 -1
1 0 1 0 786 -618 -1
1 0 0 0 773 -634 -1
1 0 1 0 779 -627 -1
1 0 1 0 779 -627 -1
1 0 1 0 779 -627 -1
1 0 1 0 779 -627 -1
1 0 1 0 779 -627 -1
1 0 0 0 773 -634 -1
1 0 1 0 787 -616 -1
1 0 1 0 787 -616 -1
1 0 1 0 787 -616 -1
1 0 1 0 787 -616 -1
1 0 1 0 787 -616 -1
1 0 1 0 787 -616 -1
1 0 1 0 787 -616 -1
1 0 0 0 773 -634 -1
1 0 1 0 580 -815 -1
1 0 1 0 580 -815 -1
1 0 1 0 580 -815 -1
1 0 1 0 580 -815 -1
1 0 1 0 580 -815 -1
1 0 1 0 580 -815 -1
1 1 0 0 634 -773 -1
1 0 0 0 634 -773 -1
1 0 0 0 634 -773 -1
1 0 1 0 139 990 -1
1 0 0 0 0 -1 -1
1 0 1 0 1170 9931 -1
1 0 0 0 0 -1 -1
1 1 1 0 1414 9899 -1
1 0 0 0 0 -1 -1
1 0 1 0 1170 9931 -1
1 0 0 0 0 -1 -1
1 0 1 0 243 970 -1
1 0 1 0 0 -1 -1
1 0 0 0 0 -1 -1
1 0 1 0 -904 -428 -1
1 0 1 0 0 -1 -1
1 0 0 0 0 -1 -1
1 0 1 0 337 942 -1
1 0 1 0 0 -1 -1
1 0 1 0 0 -1 -1
1 0 1 0 0 -1 -1
1 0 1 0 0 -1 -1
1 0 1 0 0 -1 -1
1 0 0 0 0 -1 -1
1 0 1 0 -904 428 -1
1 0 1 0 0 -1 -1
1 0 1 0 0 -1 -1
1 0 1 0 0 -1 -1
1 0 0 0 0 -1 -1
1 0 1 0 243 970 -1
1 0 1 0 0 -1 -1
1 0 1 0 0 -1 -1
1 0 0 0 0 -1 -1
1 0 1 0 999 49 -1
1 0 0 0 0 -1 -1
1 0 1 0 803 596 -1
1 0 1 0 0 -1 -1
1 0 1 0 0 -1 -1
1 0 1 0 0 -1 -1
1 0 1 0 0 -1 -1
1 0 0 0 0 -1 -1
1 0 1 0 904 -428 -1
1 0 1 0 0 -1 -1
1 0 1 0 0 -1 -1
1 0 1 0 0 -1 -1
1 0 1 0 0 -1 -1
1 0 0 0 0 -1 -1
1 0 0 0 0 -1 -1
1 0 1 0 803 -596 -1
1 0 1 0 0 -1 -1
1 0 1 0 0 -1 -1
1 0 1 0 0 -1 -1
1 0 1 0 0 -1 -1
1 0 1 0 0 -1 -1
1 0 1 0 0 -1 -1
1 0 1 0 0 -1 -1
1 0 1 0 0 -1 -1
1 0 1 0 0 -1 -1
1 0 1 0 0 -1 -1
1 0 0 0 0 -1 -1
1 1 1 0 49 999 -1
1 0 0 0 0 -1 -1
1 0 1 0 243 970 -1
1 0 1 0 0 -1 -1
1 0 0 0 0 -1 -1
1 0 1 0 514 858 -1
1 0 1 0 0 -1 -1
1 0 1 0 0 -1 -1
1 0 1 0 0 -1 -1
1 0 1 0 0 -1 -1
1 0 0 0 0 -1 -1
1 0 0 0 0 -1 -1
1 0 1 0 -904 428 -1
1 0 1 0 0 -1 -1
1 0 1 0 0 -1 -1
1 0 0 0 0 -1 -1
1 0 1 0 514 858 -1
1 0 1 0 0 -1 -1
1 0 1 0 0 -1 -1
1 0 1 0 0 -1 -1
1 0 1 0 0 -1 -1
1 1 1 0 0 -1 -1
1 0 0 0 0 -1 -1
1 0 1 0 915 9958 -1
1 0 0 0 0 -1 -1
1 0 0 0 0 -1 -1
1 0 1 0 -672 -741 -1
1 0 0 0 0 -1 -1
1 0 1 0 -741 -672 -1
1 0 0 0 0 -1 -1
1 0 1 0 -942 337 -1
1 0 1 0 0 -1 -1
1 0 0 0 0 -1 -1
1 0 1 0 672 -741 -1
1 0 1 0 0 -1 -1
1 0 1 0 0 -1 -1
1 0 1 0 0 -1 -1
1 0 1 0 0 -1 -1
1 0 0 0 0 -1 -1
1 0 1 0 337 -942 -1
1 0 1 0 0 -1 -1
1 0 1 0 0 -1 -1
1 0 1 0 0 -1 -1
1 0 0 0 0 -1 -1
1 0 0 0 0 -1 -1
1 0 1 0 147 -989 -1
1 0 1 0 0 -1 -1
1 0 1 0 0 -1 -1
1 0 0 0 0 -1 -1
1 0 1 0 127 9999 -1
1 0 0 0 0 -1 -1
1 0 1 0 -596 -803 -1
1 0 0 0 0 -1 -1
1 0 1 0 -514 -858 -1
1 0 0 0 0 -1 -1
1 0 1 0 -311 9995 -1
1 0 0 0 0 -1 -1
1 0 1 0 -567 9984 -1
1 0 0 0 0 -1 -1
1 0 1 0 596 -803 -1
1 0 1 0 0 -1 -1
1 0 1 0 0 -1 -1
1 0 0 0 0 -1 -1
1 0 1 0 428 904 -1
1 0 1 0 0 -1 -1
1 0 1 0 0 -1 -1
1 0 1 0 0 -1 -1
1 0 0 0 0 -1 -1
1 0 1 0 6242 7813 -1
1 0 1 0 0 -1 -1
1 0 0 0 0 -1 -1
1 0 1 0 -514 -858 -1
1 0 0 0 0 -1 -1
1 0 1 0 596 -803 -1
1 0 1 0 0 -1 -1
1 0 1 0 0 -1 -1
1 0 1 0 0 -1 -1
1 0 1 0 0 -1 -1
1 0 1 0 0 -1 -1
1 0 1 0 0 -1 -1
1 0 0 0 0 -1 -1
1 0 1 0 -49 -999 -1
1 0 0 0 0 -1 -1
1 0 1 0 428 -904 -1
1 0 1 0 0 -1 -1
1 0 1 0 0 -1 -1
1 0 1 0 0 -1 -1
1 0 1 0 0 -1 -1
1 0 1 0 0 -1 -1
1 0 0 0 0 -1 -1
1 0 1 0 -158 9999 -1
1 0 0 0 0 -1 -1
1 0 1 0 514 -858 -1
1 0 0 0 0 -1 -1
1 0 1 0 337 -942 -1
1 0 1 0 0 -1 -1
1 0 1 0 0 -1 -1
1 0 1 0 0 -1 -1
1 0 1 0 0 -1 -1
1 0 0 0 0 -1 -1
1 0 0 0 0 -1 -1
1 0 1 0 -428 -904 -1
1 0 1 0 0 -1 -1
1 0 1 0 0 -1 -1
1 0 0 0 0 -1 -1
1 0 1 0 989 147 -1
1 0 1 0 0 -1 -1
1 0 1 0 0 -1 -1
1 0 1 0 0 -1 -1
1 0 1 0 0 -1 -1
1 0 1 0 0 -1 -1
1 0 0 0 0 -1 -1
1 0 1 0 -672 -741 -1
1 0 0 0 0 -1 -1
1 0 1 0 147 989 -1
1 0 0 0 0 -1 -1
1 0 1 0 596 -803 -1
1 0 1 0 0 -1 -1
1 0 1 0 0 -1 -1
1 0 1 0 0 -1 -1
1 0 1 0 0 -1 -1
1 0 1 0 0 -1 -1
1 0 0 0 0 -1 -1
1 0 0 0 0 -1 -1
1 0 1 0 514 -858 -1
1 0 1 0 0 -1 -1
1 0 1 0 0 -1 -1
1 0 1 0 0 -1 -1
1 0 1 0 0 -1 -1
1 0 1 0 0 -1 -1
1 0 1 0 0 -1 -1
1 1 1 0 0 -1 -1
1 0 1 0 0 -1 -1
1 0 1 0 0 -1 -1
1 0 1 0 0 -1 -1
1 0 1 0 0 -1 -1
1 0 0 0 0 -1 -1
1 0 0 0 0 -1 -1
1 0 1 0 -989 -147 -1
1 0 0 0 0 -1 -1
1 0 1 0 -904 428 -1
1 0 1 0 0 -1 -1
1 0 0 0 0 -1 -1
1 0 1 0 699 9976 -1
1 0 0 0 0 -1 -1
1 0 0 0 0 -1 -1
1 0 1 0 49 999 -1
1 0 0 0 0 -1 -1
1 0 1 0 596 803 -1
1 0 1 0 0 -1 -1
1 0 1 0 0 -1 -1
1 0 1 0 0 -1 -1
1 0 1 0 0 -1 -1
1 0 0 0 0 -1 -1
1 0 1 0 243 970 -1
1 0 1 0 0 -1 -1
1 0 1 0 0 -1 -1
1 0 0 0 0 -1 -1
1 0 1 0 514 -858 -1
1 0 1 0 0 -1 -1
1 0 0 0 0 -1 -1
1 1 1 0 -904 -428 -1
1 0 0 0 0 -1 -1
1 0 1 0 428 904 -1
1 0 1 0 0 -1 -1
1 0 1 0 0 -1 -1
1 0 1 0 0 -1 -1
1 0 1 0 0 -1 -1
1 0 0 0 0 -1 -1
1 0 0 0 0 -1 -1
1 0 1 0 3512 9363 -1
1 0 1 0 0 -1 -1
1 0 1 0 0 -1 -1
1 0 0 0 0 -1 -1
1 0 1 0 337 942 -1
1 0 1 0 0 -1 -1
1 0 1 0 0 -1 -1
1 0 0 0 0 -1 -1
1 0 1 0 999 49 -1
1 0 0 0 0 -1 -1
1 0 1 0 989 147 -1
1 0 1 0 0 -1 -1
1 0 1 0 0 -1 -1
1 0 1 0 0 -1 -1
1 0 1 0 0 -1 -1
1 0 1 0 0 -1 -1
1 0 0 0 0 -1 -1
1 0 1 0 970 -243 -1
1 0 1 0 0 -1 -1
1 0 0 0 0 -1 -1
1 0 1 0 -428 -904 -1
1 0 0 0 0 -1 -1
1 0 1 0 -942 337 -1
1 0 1 0 0 -1 -1
1 0 0 0 0 -1 -1
1 0 1 0 -970 -243 -1
1 0 0 0 0 -1 -1
1 0 1 0 741 -672 -1
1 0 1 0 0 -1 -1
1 0 1 0 0 -1 -1
1 0 1 0 0 -1 -1
1 0 0 0 0 -1 -1
1 0 1 0 970 243 -1
1 0 1 0 0 -1 -1
1 0 1 0 0 -1 -1
1 0 0 0 0 -1 -1
1 0 1 0 -1379 9904 -1
1 0 0 0 0 -1 -1
1 0 1 0 -741 -672 -1
1 0 1 0 0 -1 -1
1 0 0 0 0 -1 -1
1 0 1 0 49 -999 -1
1 0 0 0 0 -1 -1
1 0 1 0 596 -803 -1
1 0 1 0 0 -1 -1
1 0 1 0 0 -1 -1
1 0 1 0 0 -1 -1
1 0 1 0 0 -1 -1
1 0 1 0 0 -1 -1
1 0 1 0 0 -1 -1
1 0 1 0 0 -1 -1
1 1 1 0 0 -1 -1
1 0 1 0 0 -1 -1
-1 0 1 0 0 -1 -1
1 0 1 0 0 -1 -1
1 0 1 0 0 -1 -1
1 0 1 0 0 -1 -1
1 0 1 0 0 -1 -1
1 0 1 0 0 -1 -1
1 0 1 0 0 -1 -1
1 0 1 0 0 -1 -1
1 0 0 0 0 -1 -1
1 0 1 0 -7723 -6353 -1
1 0 1 0 0 -1 -1
1 0 0 0 0 -1 -1
1 0 1 0 6487 7610 -1
1 0 1 0 0 -1 -1
1 0 1 0 0 -1 -1
1 0 1 0 0 -1 -1
0 0 1 0 0 -1 -1
1 0 1 0 0 -1 -1
1 0 1 0 0 -1 -1
1 0 1 0 0 -1 -1
1 0 1 0 0 -1 -1
1 0 1 0 0 -1 -1
1 0 1 0 0 -1 -1
1 0 1 0 0 -1 -1
1 0 1 0 0 -1 -1
1 0 1 0 0 -1 -1
1 0 1 0 0 -1 -1
1 0 1 0 0 -1 -1
1 0 1 0 0 -1 -1
1 0 1 0 0 -1 -1
-1 0 1 0 0 -1 -1
1 0 1 0 0 -1 -1
1 0 1 0 0 -1 -1
1 0 1 0 0 -1 -1
1 0 1 0 0 -1 -1
1 0 1 0 0 -1 -1
1 0 1 0 0 -1 -1
0 0 1 0 0 -1 -1
-1 0 1 0 0 -1 -1
0 0 1 0 0 -1 -1
1 0 1 0 0 -1 -1
1 0 1 0 0 -1 -1
1 0 1 0 0 -1 -1
0 0 1 0 0 -1 -1
1 0 0 0 0 -1 -1
1 0 1 0 -8491 5282 -1
1 0 1 0 0 -1 -1
1 0 0 0 0 -1 -1
1 0 1 0 -8791 4766 -1
1 0 1 0 0 -1 -1
1 0 0 0 0 -1 -1
1 0 1 0 -9024 4309 -1
1 0 1 0 0 -1 -1
1 0 0 0 0 -1 -1
1 0 1 0 -9171 3987 -1
1 0 1 0 0 -1 -1
1 0 0 0 0 -1 -1
1 0 0 0 0 -1 -1
1 0 1 0 -9310 3650 -1
0 0 1 0 0 -1 -1
-1 0 1 0 0 -1 -1
-1 0 1 0 0 -1 -1
-1 0 0 0 0 -1 -1
-1 0 1 0 -9477 -3190 -1
-1 0 0 0 0 -1 -1
-1 0 1 0 -9165 -4001 -1
-1 0 0 0 0 -1 -1
-1 0 1 0 -8804 -4742 -1
-1 0 0 0 0 -1 -1
-1 0 1 0 -8405 -5418 -1
-1 0 0 0 0 -1 -1
-1 0 1 0 5116 8592 -1
-1 0 0 0 0 -1 -1
0 0 1 0 -942 -337 -1
-1 0 1 0 0 -1 -1
-1 0 0 0 0 -1 -1
-1 0 1 0 -8090 -5878 -1
-1 0 1 0 0 -1 -1
-1 0 0 0 0 -1 -1
-1 0 1 0 -7160 -6981 -1
-1 0 0 0 0 -1 -1
-1 0 1 0 -672 -741 -1
-1 0 1 0 0 -1 -1
-1 0 0 0 0 -1 -1
-1 0 1 0 -5587 -8294 -1
-1 0 1 0 0 -1 -1
-1 0 0 0 0 -1 -1
-1 0 1 0 -4384 -8988 -1
-1 0 1 0 0 -1 -1
-1 0 0 0 0 -1 -1
-1 0 1 0 -3100 -9507 -1
-1 0 0 0 0 -1 -1
-1 0 1 0 -428 -904 -1
-1 0 1 0 0 -1 -1
-1 1 0 0 0 -1 -1
-1 0 1 0 -942 337 -1
-1 0 0 0 0 -1 -1
-1 0 1 0 -514 858 -1
-1 0 1 0 0 -1 -1
-1 0 0 0 0 -1 -1
-1 0 0 0 0 -1 -1
-1 0 1 0 -596 803 -1
-1 0 1 0 0 -1 -1
-1 0 1 0 0 -1 -1
-1 0 1 0 0 -1 -1
-1 0 1 0 0 -1 -1
-1 0 1 0 0 -1 -1
-1 1 0 0 0 -1 -1
-1 0 0 0 0 -1 -1
-1 0 1 0 -904 428 -1
-1 0 0 0 0 -1 -1
-1 0 1 0 904 428 -1
-1 0 1 0 0 -1 -1
-1 0 0 0 0 -1 -1
-1 0 1 0 -705 9975 -1
-1 0 0 0 0 -1 -1
-1 0 0 0 0 -1 -1
-1 0 1 0 -337 942 -1
-1 1 1 0 0 -1 -1
-1 0 0 0 0 -1 -1
-1 0 0 0 0 -1 -1
-1 0 1 0 -905 9959 -1
-1 0 0 0 0 -1 -1
-1 0 0 0 0 -1 -1
-1 0 1 0 -243 970 -1
-1 0 1 0 0 -1 -1
-1 0 1 0 0 -1 -1
-1 1 0 0 0 -1 -1
-1 0 1 0 -337 942 -1
-1 0 1 0 0 -1 -1
-1 0 1 0 0 -1 -1
-1 0 1 0 0 -1 -1
-1 0 0 0 0 -1 -1
-1 0 1 0 -337 942 -1
-1 0 1 0 0 -1 -1
-1 0 1 0 0 -1 -1
-1 0 0 0 0 -1 -1
-1 0 1 0 -514 858 -1
-1 0 1 0 0 -1 -1
-1 0 1 0 0 -1 -1
-1 0 1 0 0 -1 -1
-1 0 1 0 0 -1 -1
-1 0 0 0 0 -1 -1
-1 0 1 0 672 741 -1
-1 0 0 0 0 -1 -1
-1 0 1 0 -904 -428 -1
-1 0 0 0 0 -1 -1
-1 0 1 0 -999 49 -1
-1 0 1 0 0 -1 -1
-1 0 1 0 0 -1 -1
-1 0 1 0 0 -1 -1
-1 0 1 0 0 -1 -1
-1 0 1 0 0 -1 -1
-1 0 0 0 0 -1 -1
-1 0 1 0 989 147 -1
-1 0 1 0 0 -1 -1
-1 0 0 0 0 -1 -1
-1 0 1 0 243 970 -1
-1 0 1 0 0 -1 -1
-1 0 1 0 0 -1 -1
-1 0 1 0 0 -1 -1
-1 0 0 0 0 -1 -1
-1 0 1 0 -672 -741 -1
-1 0 0 0 0 -1 -1
-1 0 1 0 -243 970 -1
-1 0 0 0 0 -1 -1
-1 0 1 0 -243 -970 -1
-1 0 0 0 0 -1 -1
-1 0 1 0 -1815 -9834 -1
-1 0 0 0 0 -1 -1
-1 0 1 0 -803 -596 -1
-1 0 1 0 0 -1 -1
-1 0 1 0 0 -1 -1
-1 0 1 0 0 -1 -1
-1 0 1 0 0 -1 -1
-1 0 1 0 0 -1 -1
-1 0 1 0 0 -1 -1
-1 0 1 0 0 -1 -1
-1 0 0 0 0 -1 -1
-1 0 1 0 999 49 -1
-1 0 0 0 0 -1 -1
-1 0 1 0 904 428 -1
-1 0 1 0 0 -1 -1
-1 0 0 0 0 -1 -1
-1 0 1 0 -596 -803 -1
-1 0 1 0 0 -1 -1
-1 0 1 0 0 -1 -1
-1 0 1 0 0 -1 -1
-1 0 0 0 0 -1 -1
-1 0 1 0 -2210 -9753 -1
-1 0 0 0 0 -1 -1
-1 0 1 0 -596 -803 -1
-1 0 1 0 0 -1 -1
-1 0 1 0 0 -1 -1
-1 0 0 0 0 -1 -1
-1 0 1 0 -970 -243 -1
-1 0 1 0 0 -1 -1
-1 0 0 0 0 -1 -1
-1 0 1 0 -337 -942 -1
-1 0 1 0 0 -1 -1
-1 0 0 0 0 -1 -1
-1 0 1 0 -428 -904 -1
-1 0 1 0 0 -1 -1
-1 0 1 0 0 -1 -1
-1 0 0 0 0 -1 -1
-1 0 1 0 -337 -942 -1
-1 0 1 0 0 -1 -1
-1 1 1 0 -596 803 -1
-1 0 1 0 0 -1 -1
-1 1 0 0 0 -1 -1
-1 0 1 0 -942 337 -1
-1 0 1 0 0 -1 -1
-1 0 1 0 0 -1 -1
-1 0 0 0 0 -1 -1
-1 0 1 0 -755 9971 -1
-1 0 0 0 0 -1 -1
-1 0 1 0 -601 9982 -1
-1 0 0 0 0 -1 -1
-1 0 1 0 -49 999 -1
-1 0 0 0 0 -1 -1
-1 0 1 0 -298 9996 -1
-1 0 0 0 0 -1 -1
-1 0 1 0 -148 9999 -1
-1 0 0 0 0 -1 -1
-1 0 1 0 1 10000 -1
-1 0 0 0 0 -1 -1
-1 0 0 0 0 -1 -1
-1 0 1 0 243 -970 -1
-1 0 1 0 0 -1 -1
-1 0 0 0 0 -1 -1
-1 0 1 0 363 9993 -1
-1 0 1 0 0 -1 -1
-1 0 0 0 0 -1 -1
-1 0 0 0 0 -1 -1
-1 0 1 0 750 9972 -1
-1 0 0 0 0 -1 -1
-1 0 1 0 947 9955 -1
-1 0 0 0 0 -1 -1
-1 0 0 0 0 -1 -1
-1 0 1 0 337 -942 -1
-1 0 1 0 0 -1 -1
-1 1 1 0 0 -1 -1
-1 1 1 0 0 -1 -1
-1 0 1 0 0 -1 -1
-1 0 1 0 0 -1 -1
-1 0 1 0 0 -1 -1
-1 0 0 0 0 -1 -1
-1 0 1 0 6873 -7263 -1
-1 0 1 0 0 -1 -1
-1 0 0 0 0 -1 -1
-1 0 1 0 7624 -6471 -1
-1 0 0 0 0 -1 -1
-1 0 1 0 7944 -6074 -1
-1 0 1 0 0 -1 -1
-1 0 0 0 0 -1 -1
-1 0 0 0 0 -1 -1
-1 0 1 0 49 -999 -1
-1 0 1 0 0 -1 -1
-1 0 1 0 0 -1 -1
-1 0 0 0 0 -1 -1
-1 0 1 0 -2901 9570 -1
-1 0 0 0 0 -1 -1
-1 0 1 0 -2583 9661 -1
-1 0 0 0 0 -1 -1
-1 0 1 0 -2285 9735 -1
-1 0 0 0 0 -1 -1
-1 0 1 0 -2003 9797 -1
-1 0 0 0 0 -1 -1
-1 0 1 0 -1735 9848 -1
-1 0 0 0 0 -1 -1
-1 0 1 0 -1479 9890 -1
-1 0 0 0 0 -1 -1
-1 0 1 0 -1232 9924 -1
-1 0 0 0 0 -1 -1
-1 0 1 0 -243 970 -1
-1 0 1 0 0 -1 -1
-1 0 0 0 0 -1 -1
-1 0 1 0 -147 989 -1
-1 0 1 0 0 -1 -1
-1 0 0 0 0 -1 -1
-1 0 0 0 0 -1 -1
-1 0 1 0 -338 9994 -1
-1 0 0 0 0 -1 -1
-1 0 0 0 0 -1 -1
-1 0 1 0 -337 942 -1
-1 0 1 0 0 -1 -1
-1 0 1 0 0 -1 -1
-1 0 0 0 0 -1 -1
-1 0 1 0 327 9995 -1
-1 0 0 0 0 -1 -1
-1 0 1 0 618 9981 -1
-1 0 0 0 0 -1 -1
-1 0 1 0 928 9957 -1
-1 0 0 0 0 -1 -1
-1 0 1 0 1223 9925 -1
-1 0 0 0 0 -1 -1
-1 0 1 0 -989 -147 -1
-1 0 0 0 0 -1 -1
-1 0 1 0 243 970 -1
-1 0 1 0 0 -1 -1
-1 0 1 0 0 -1 -1
-1 0 0 0 0 -1 -1
-1 0 1 0 596 -803 -1
-1 0 0 0 0 -1 -1
-1 0 1 0 -672 -741 -1
-1 0 1 0 0 -1 -1
-1 0 0 0 0 -1 -1
-1 0 1 0 -337 942 -1
-1 0 0 0 0 -1 -1
-1 0 1 0 -596 -803 -1
-1 0 1 0 0 -1 -1
-1 0 0 0 0 -1 -1
-1 0 1 0 -672 -741 -1
-1 0 1 0 0 -1 -1
-1 0 1 0 0 -1 -1
-1 0 0 0 0 -1 -1
-1 0 1 0 -596 -803 -1
-1 0 1 0 0 -1 -1
-1 0 1 0 0 -1 -1
-1 0 1 0 0 -1 -1
-1 0 0 0 0 -1 -1
-1 0 1 0 -243 -970 -1
-1 0 1 0 0 -1 -1
-1 0 0 0 0 -1 -1
-1 1 1 0 -337 942 -1
-1 0 1 0 0 -1 -1
-1 0 1 0 0 -1 -1
-1 0 0 0 0 -1 -1
-1 0 1 0 -428 904 -1
-1 0 1 0 0 -1 -1
-1 1 1 0 0 -1 -1
-1 0 1 0 0 -1 -1
-1 0 0 0 0 -1 -1
-1 0 1 0 -514 858 -1
-1 0 1 0 0 -1 -1
-1 0 1 0 0 -1 -1
-1 0 1 0 0 -1 -1
-1 0 1 0 0 -1 -1
-1 0 1 0 0 -1 -1
-1 0 1 0 0 -1 -1
-1 0 0 0 0 -1 -1
-1 0 1 0 -243 970 -1
-1 0 1 0 0 -1 -1
-1 0 1 0 0 -1 -1
-1 0 0 0 0 -1 -1
-1 0 0 0 0 -1 -1
-1 0 1 0 1015 -9948 -1
-1 0 0 0 0 -1 -1
-1 0 0 0 0 -1 -1
-1 0 1 0 942 337 -1
-1 0 1 0 0 -1 -1
-1 0 1 0 0 -1 -1
-1 0 0 0 0 -1 -1
-1 0 1 0 -514 858 -1
-1 0 0 0 0 -1 -1
-1 0 1 0 -596 -803 -1
-1 0 1 0 0 -1 -1
-1 0 0 0 0 -1 -1
-1 0 1 0 425 9991 -1
-1 0 0 0 0 -1 -1
-1 0 1 0 147 989 -1
-1 0 0 0 0 -1 -1
-1 0 0 0 0 -1 -1
-1 0 1 0 982 9952 -1
-1 0 1 0 0 -1 -1
-1 0 0 0 0 -1 -1
-1 0 1 0 -49 999 -1
-1 0 1 0 0 -1 -1
-1 0 1 0 0 -1 -1
-1 0 1 0 0 -1 -1
-1 0 1 0 0 -1 -1
-1 0 0 0 0 -1 -1
-1 0 1 0 -596 -803 -1
-1 0 1 0 0 -1 -1
-1 0 0 0 0 -1 -1
-1 0 1 0 -4072 -9134 -1
-1 0 0 0 0 -1 -1
-1 0 1 0 -3467 -9380 -1
-1 0 0 0 0 -1 -1
-1 0 1 0 -2857 -9583 -1
-1 0 0 0 0 -1 -1
-1 0 1 0 -2240 -9746 -1
-1 0 0 0 0 -1 -1
-1 0 1 0 -1620 -9868 -1
-1 0 0 0 0 -1 -1
-1 0 0 0 0 -1 -1
-1 0 1 0 -337 -942 -1
-1 0 1 0 0 -1 -1
-1 0 1 0 0 -1 -1
-1 0 0 0 0 -1 -1
-1 0 1 0 -337 -942 -1
-1 0 1 0 0 -1 -1
-1 0 1 0 0 -1 -1
-1 0 0 0 0 -1 -1
-1 0 1 0 -999 -49 -1
-1 0 1 0 0 -1 -1
-1 0 0 0 0 -1 -1
-1 0 1 0 49 999 -1
-1 0 0 0 0 -1 -1
-1 0 1 0 942 337 -1
-1 0 0 0 0 -1 -1
-1 0 1 0 696 9976 -1
-1 0 0 0 0 -1 -1
-1 0 1 0 939 9956 -1
-1 0 0 0 0 -1 -1
-1 0 1 0 -337 942 -1
-1 0 0 0 0 -1 -1
-1 0 1 0 514 858 -1
-1 0 0 0 0 -1 -1
-1 0 1 0 -49 999 -1
-1 0 1 0 0 -1 -1
-1 0 1 0 0 -1 -1
-1 0 1 0 0 -1 -1
-1 0 1 0 0 -1 -1
1 0 0 0 0 -1 -1
0 0 1 0 147 989 -1
-1 0 1 0 0 -1 -1
-1 0 1 0 0 -1 -1
-1 0 1 0 0 -1 -1
0 0 1 0 0 -1 -1
1 0 1 0 0 -1 -1
1 0 1 0 0 -1 -1
1 0 1 0 0 -1 -1
1 0 1 0 0 -1 -1
1 0 1 0 0 -1 -1
1 0 1 0 0 -1 -1
1 0 1 0 0 -1 -1
1 0 1 0 0 -1 -1
1 0 1 0 0 -1 -1
1 0 1 0 0 -1 -1
1 0 1 0 0 -1 -1
1 0 1 0 0 -1 -1
1 0 1 0 0 -1 -1
1 0 0 0 0 -1 -1
1 0 1 0 596 -803 -1
1 0 1 0 0 -1 -1
1 0 1 0 0 -1 -1
1 0 0 0 0 -1 -1
1 0 1 0 337 942 -1
1 0 1 0 0 -1 -1
1 0 1 0 0 -1 -1
1 0 1 0 0 -1 -1
1 0 0 0 0 -1 -1
1 0 1 0 243 970 -1
1 0 1 0 0 -1 -1
1 0 1 0 0 -1 -1
1 0 1 0 0 -1 -1
1 0 0 0 0 -1 -1
1 0 1 0 989 -147 -1
1 0 0 0 0 -1 -1
1 0 1 0 -1693 9856 -1
1 0 0 0 0 -1 -1
1 0 1 0 514 -858 -1
1 0 1 0 0 -1 -1
1 0 1 0 0 -1 -1
1 0 1 0 0 -1 -1
1 0 1 0 0 -1 -1
1 1 0 0 0 -1 -1
1 0 1 0 337 942 -1
1 0 1 0 0 -1 -1
1 0 1 0 0 -1 -1
1 1 0 0 0 -1 -1
1 0 1 0 -672 741 -1
1 0 0 0 0 -1 -1
1 0 1 0 428 904 -1
1 0 1 0 0 -1 -1
1 0 1 0 0 -1 -1
1 0 1 0 0 -1 -1
1 0 1 0 0 -1 -1
1 0 0 0 0 -1 -1
1 0 1 0 -514 -858 -1
1 1 1 0 0 -1 -1
1 0 0 0 0 -1 -1
1 0 1 0 -6614 -7500 -1
1 0 0 0 0 -1 -1
1 0 1 0 514 858 -1
1 0 1 0 0 -1 -1
1 0 1 0 0 -1 -1
1 0 1 0 0 -1 -1
1 0 1 0 0 -1 -1
1 0 1 0 0 -1 -1
1 0 1 0 0 -1 -1
1 0 0 0 0 -1 -1
1 0 1 0 49 999 -1
1 0 0 0 0 -1 -1
1 0 1 0 1115 9938 -1
1 0 0 0 0 -1 -1
1 0 1 0 243 970 -1
1 0 1 0 0 -1 -1
1 0 1 0 0 -1 -1
1 0 1 0 0 -1 -1
1 0 0 0 0 -1 -1
1 0 1 0 147 989 -1
1 0 0 0 0 -1 -1
1 0 1 0 243 970 -1
1 1 1 0 0 -1 -1
1 0 0 0 0 -1 -1
1 0 1 0 337 942 -1
1 0 1 0 0 -1 -1
1 0 1 0 0 -1 -1
1 0 0 0 0 -1 -1
1 0 1 0 337 942 -1
1 0 1 0 0 -1 -1
1 0 1 0 0 -1 -1
1 0 1 0 0 -1 -1
1 0 1 0 0 -1 -1
1 0 0 0 0 -1 -1
1 0 1 0 243 970 -1
1 0 1 0 0 -1 -1
1 0 1 0 0 -1 -1
1 0 1 0 0 -1 -1
1 0 0 0 0 -1 -1
1 0 0 0 0 -1 -1
1 0 1 0 596 803 -1
1 0 0 0 0 -1 -1
1 0 1 0 741 672 -1
1 0 1 0 0 -1 -1
1 0 1 0 0 -1 -1
1 0 0 0 0 -1 -1
1 0 1 0 741 672 -1
1 0 1 0 0 -1 -1
1 0 1 0 0 -1 -1
1 0 0 0 0 -1 -1
1 0 1 0 -1189 9929 -1
1 0 0 0 0 -1 -1
1 0 1 0 -337 -942 -1
1 0 0 0 0 -1 -1
1 0 1 0 904 -428 -1
1 0 1 0 0 -1 -1
1 0 0 0 0 -1 -1
1 0 1 0 -1938 9810 -1
1 0 0 0 0 -1 -1
1 0 1 0 989 -147 -1
1 0 0 0 0 -1 -1
1 0 1 0 741 -672 -1
1 0 1 0 0 -1 -1
1 0 1 0 0 -1 -1
1 0 1 0 0 -1 -1
1 0 0 0 0 -1 -1
1 0 0 0 0 -1 -1
1 0 1 0 741 -672 -1
1 0 1 0 0 -1 -1
1 0 1 0 0 -1 -1
1 0 1 0 0 -1 -1
1 0 1 0 0 -1 -1
1 0 1 0 0 -1 -1
1 0 1 0 0 -1 -1
1 0 1 0 0 -1 -1
1 0 1 0 0 -1 -1
1 1 0 0 0 -1 -1
1 0 1 0 904 428 -1
1 0 0 0 0 -1 -1
1 0 1 0 1186 9929 -1
1 0 0 0 0 -1 -1
1 0 1 0 72 997 -1
1 0 0 0 0 -1 -1
1 0 0 0 0 -1 -1
1 0 1 0 -999 -49 -1
1 0 0 0 0 -1 -1
1 0 1 0 276 961 -1
1 0 1 0 0 -1 -1
1 0 1 0 0 -1 -1
1 0 1 0 0 -1 -1
1 0 0 0 0 -1 -1
1 0 1 0 298 -955 -1
1 0 0 0 0 -1 -1
1 1 1 0 -243 -970 -1
1 0 0 0 0 -1 -1
1 0 1 0 858 514 -1
1 1 0 0 0 -1 -1
1 0 1 0 -999 49 -1
1 0 0 0 0 -1 -1
1 0 1 0 -428 -904 -1
1 0 0 0 0 -1 -1
1 0 0 0 0 -1 -1
1 0 1 0 -489 -873 -1
1 0 0 0 0 -1 -1
1 0 1 0 -542 -840 -1
1 0 0 0 0 -1 -1
1 0 1 0 -6098 -7925 -1
1 0 0 0 0 -1 -1
1 0 1 0 -147 -989 -1
1 0 1 0 0 -1 -1
1 0 1 0 0 -1 -1
1 0 0 0 0 -1 -1
1 0 1 0 -858 514 -1
1 0 0 0 0 -1 -1
1 0 1 0 672 741 -1
1 0 0 0 0 -1 -1
1 0 1 0 741 672 -1
1 0 1 0 0 -1 -1
1 0 1 0 0 -1 -1
0 0 1 0 0 -1 -1
1 0 1 0 0 -1 -1
1 0 0 0 0 -1 -1
1 0 0 0 0 -1 -1
1 0 1 0 -43 999 -1
1 0 0 0 0 -1 -1
1 0 1 0 -329 944 -1
1 0 1 0 0 -1 -1
1 0 0 0 0 -1 -1
-1 0 1 0 -120 993 -1
0 0 1 0 0 -1 -1
1 0 1 0 0 -1 -1
1 0 1 0 0 -1 -1
1 0 0 0 0 -1 -1
1 0 1 0 -243 970 -1
1 0 1 0 0 -1 -1
1 0 1 0 0 -1 -1
1 0 1 0 0 -1 -1
1 0 1 0 0 -1 -1
1 0 1 0 0 -1 -1
1 0 1 0 0 -1 -1
1 0 1 0 0 -1 -1
1 0 0 0 0 -1 -1
1 0 1 0 9165 -4001 -1
1 0 0 0 0 -1 -1
1 0 1 0 8700 -4931 -1
1 0 0 0 0 -1 -1
1 0 1 0 8176 -5758 -1
1 0 0 0 0 -1 -1
1 0 1 0 7606 -6492 -1
1 0 0 0 0 -1 -1
1 0 1 0 7001 -7141 -1
1 0 0 0 0 -1 -1
1 0 1 0 6367 -7711 -1
1 0 0 0 0 -1 -1
1 0 1 0 5709 -8210 -1
1 0 0 0 0 -1 -1
1 0 1 0 514 -858 -1
1 0 0 0 0 -1 -1
1 0 1 0 428 -904 -1
1 0 0 0 0 -1 -1
1 0 1 0 351 -937 -1
1 0 1 0 0 -1 -1
1 0 0 0 0 -1 -1
1 0 1 0 514 -858 -1
1 0 1 0 0 -1 -1
1 0 1 0 0 -1 -1
1 0 1 0 0 -1 -1
1 0 0 0 0 -1 -1
1 0 1 0 -73 997 -1
1 0 0 0 0 -1 -1
1 0 0 0 0 -1 -1
1 0 1 0 -999 49 -1
1 0 0 0 0 -1 -1
1 0 1 0 -1195 9928 -1
1 0 0 0 0 -1 -1
1 0 1 0 243 970 -1
1 0 0 0 0 -1 -1
1 0 1 0 -858 -514 -1
1 0 0 0 -858 -514 -1
1 0 1 0 9808 -1951 -1
1 0 0 0 0 -1 -1
1 0 1 0 -1951 -9808 -1
1 0 0 0 -1951 -9808 -1
1 0 1 0 -312 -9995 -1
1 0 1 0 0 -1 -1
1 0 1 0 0 -1 -1
1 0 0 0 0 -1 -1
1 0 1 0 3827 9239 -1
0 0 1 0 3827 9239 -1
1 0 0 0 0 -1 -1
1 0 1 0 9239 3827 -1
1 0 1 0 9239 3827 -1
1 0 0 0 0 -1 3
1 0 1 0 -7730 6344 3
1 0 0 0 -7730 6344 3
1 0 0 0 -7730 6344 3
1 0 0 0 -7730 6344 3
1 0 0 0 897 -443 3
1 0 0 0 897 -443 3
1 0 0 0 897 -443 3
1 0 0 0 897 -443 3
1 0 1 0 -7730 6344 3
1 0 0 0 -7730 6344 3
1 0 0 0 -7730 6344 3
1 0 1 0 -8572 -5150 3
1 0 1 0 -8572 -5150 3
1 0 1 0 -8572 -5150 3
1 0 1 0 -8572 -5150 3
0 0 1 0 -860 -510 3
0 0 1 0 -860 -510 3
-1 0 1 0 -860 -510 3
-1 0 1 0 -860 -510 3
-1 0 1 0 -860 -510 3
-1 1 1 0 -860 -510 3
-1 0 0 0 -860 -511 3
-1 0 0 0 -791 -612 3
-1 0 1 0 -684 -729 3
0 0 1 0 -684 -729 3
0 0 1 0 -684 -729 3
0 0 0 0 -781 -624 3
0 0 1 0 477 -879 3
0 0 1 0 477 -879 3
0 0 1 0 477 -879 3
0 0 0 0 414 -910 3
-1 0 1 0 841 -541 3
-1 0 1 0 841 -541 3
-1 0 0 0 834 -552 3
-1 0 0 1 -199 -980 3
-1 0 1 0 897 -442 3
-1 1 0 0 1000 0 3
-1 1 1 0 469 -883 3
-1 0 1 0 469 -883 3
-1 0 1 0 469 -883 3
-1 0 1 0 410 -912 3
-1 1 0 0 406 -914 3
0 0 0 0 406 -914 3
0 0 0 0 1000 0 3
-1 1 1 0 750 -662 3
-1 0 1 0 750 -662 3
-1 1 1 0 750 -662 3
-1 0 0 0 746 -665 3
-1 0 0 0 -846 -533 3
-1 1 0 0 1000 0 3
-1 1 1 0 997 -73 3
1 0 0 0 1000 0 3
1 0 1 0 -364 -931 3
0 0 0 0 1000 0 3
0 0 0 0 1000 0 3
1 1 0 0 1000 0 3
1 0 1 0 995 -97 3
1 1 1 0 995 -97 3
1 0 1 0 995 -97 3
1 0 0 1 -972 -234 3
1 1 0 0 923 -386 3
1 0 0 0 -320 -947 3
1 0 1 0 195 981 3
1 0 1 0 195 981 3
1 0 1 0 195 981 3
1 0 0 0 195 981 3
1 0 1 0 0 1000 3
1 0 0 0 0 1000 3
1 0 1 0 556 831 3
1 0 0 0 556 831 3
1 0 1 0 -98 995 3
1 0 0 0 -98 995 3
1 0 1 0 773 -634 3
1 0 1 0 773 -634 3
1 0 1 0 773 -634 3
1 0 1 0 773 -634 3
1 0 1 0 773 -634 3
1 0 1 0 773 -634 3
1 0 1 0 773 -634 3
1 0 1 0 773 -634 3
1 0 1 0 773 -634 3
1 0 1 0 773 -634 3
1 0 1 0 773 -634 3
1 0 1 0 773 -634 3
1 0 0 0 773 -634 3
1 0 0 1 -924 383 3
1 0 1 0 -773 -634 3
1 0 0 0 -773 -634 3
1 0 1 0 383 -924 3
1 0 1 0 383 -924 3
1 0 1 0 383 -924 3
1 0 1 0 383 -924 3
1 0 1 0 383 -924 3
1 0 1 0 383 -924 3
1 0 0 0 383 -924 3
1 0 0 0 383 -924 3
1 0 1 0 -831 556 3
1 0 0 0 -831 556 3
1 0 1 0 195 981 3
1 0 1 0 195 981 3
1 0 0 0 195 981 3
1 0 1 0 195 -981 3
1 0 1 0 195 -981 3
1 0 1 0 195 -981 3
1 0 0 0 195 -981 3
1 0 1 0 882 471 3
1 0 0 0 882 471 3
1 0 1 0 -13 1000 3
1 0 0 0 -13 1000 3
1 0 1 0 707 -707 3
1 0 1 0 707 -707 3
1 0 1 1 -383 924 3
1 0 0 0 -383 924 3
1 0 1 0 -98 -995 3
1 1 1 0 -98 -995 3
1 0 1 0 -98 -995 3
1 0 1 0 -98 -995 3
1 0 0 0 -98 -995 3
1 0 1 0 -383 -924 3
1 0 1 0 -383 -924 3
1 0 1 0 -383 -924 3
1 0 0 0 -383 -924 3
1 0 0 0 -383 -924 3
1 0 1 0 -537 -843 3
1 0 1 0 -537 -843 3
1 0 0 0 -537 -843 3
1 0 1 0 -602 -799 3
1 0 1 0 -602 -799 3
1 0 0 0 -602 -799 3
1 0 1 0 556 -831 3
1 0 1 0 556 -831 3
1 0 1 0 556 -831 3
1 0 1 0 556 -831 3
1 0 0 0 556 -831 3
1 0 1 0 -773 -634 3
1 0 0 0 -773 -634 3
1 0 0 1 -556 -831 3
1 0 1 0 773 -634 3
1 0 0 0 773 -634 3
1 0 1 0 -773 634 3
1 0 0 0 -773 634 3
1 0 1 0 -995 -98 3
1 0 0 0 -995 -98 3
1 0 1 0 98 -995 3
1 0 0 0 98 -995 3
1 0 1 0 98 -995 3
1 0 0 0 98 -995 3
1 0 0 0 98 -995 3
1 0 1 0 634 -773 3
1 0 1 0 634 -773 3
1 0 1 0 634 -773 3
1 0 0 0 634 -773 3
1 0 1 0 471 -882 3
1 0 1 0 471 -882 3
1 0 1 0 471 -882 3
1 0 0 0 471 -882 3
1 0 1 0 290 -957 3
1 0 1 0 290 -957 3
1 0 1 0 290 -957 3
1 0 0 0 290 -957 3
1 0 1 0 0 -1000 3
1 0 1 1 831 -556 3
1 0 0 0 831 -556 3
1 0 1 0 -98 -995 3
1 0 0 0 -98 -995 3
1 0 1 0 -195 -981 3
1 0 0 0 -195 -981 3
1 0 1 0 -290 -957 3
1 0 0 0 -290 -957 3
1 0 1 0 831 -556 3
1 0 1 0 831 -556 3
1 0 1 0 831 -556 3
1 0 1 0 831 -556 3
1 0 0 0 831 -556 3
1 0 1 0 -773 -634 3
1 0 0 0 -773 -634 3
1 0 1 0 195 981 3
1 0 1 0 195 981 3
1 0 1 0 195 981 3
1 0 0 0 195 981 3
1 0 1 0 -957 -290 3
1 0 1 0 -957 -290 3
1 0 1 0 -957 -290 3
1 0 1 0 -957 -290 3
0 0 1 0 -957 -290 3
-1 0 0 0 -957 -290 3
0 0 1 0 -139 990 3
-1 0 1 0 -139 990 3
0 0 1 0 -139 990 3
0 0 1 0 -139 990 3
0 0 1 0 -139 990 3
-1 0 1 0 -139 990 3
-1 0 1 0 -139 990 3
-1 0 0 0 -139 990 3
-1 0 1 0 -924 383 3
-1 0 1 0 -924 383 3
-1 0 1 0 -924 383 3
-1 0 1 0 -924 383 3
-1 0 1 0 -924 383 3
-1 0 1 0 -924 383 3
-1 0 1 0 -924 383 3
-1 0 1 0 -924 383 3
-1 0 1 0 -924 383 3
-1 0 1 0 -924 383 3
-1 0 1 0 -924 383 3
-1 0 0 0 -924 383 3
-1 0 1 0 -556 -831 3
-1 0 1 1 924 383 3
-1 0 1 0 924 383 3
-1 0 0 0 924 383 3
-1 0 1 0 -831 -556 3
-1 0 1 0 -831 -556 3
-1 0 0 0 -831 -556 3
-1 0 1 0 -995 -98 3
-1 0 1 0 -995 -98 3
-1 0 0 0 -995 -98 3
-1 0 1 0 634 773 3
-1 0 0 0 634 773 3
-1 0 1 0 -882 471 3
-1 0 0 0 -882 471 3
-1 0 1 0 -383 -924 3
-1 0 1 0 -383 -924 3
-1 0 1 0 -383 -924 3
-1 0 1 0 -383 -924 3
-1 0 1 0 -383 -924 3
-1 0 0 0 -383 -924 3
-1 0 1 0 707 -707 3
-1 0 1 0 707 -707 3
-1 0 1 0 707 -707 3
-1 0 1 0 707 -707 3
-1 0 1 0 707 -707 3
-1 0 0 0 707 -707 3
-1 0 0 1 383 924 3
-1 0 1 0 -924 383 3
-1 0 0 0 -924 383 3
-1 0 1 0 556 -831 3
-1 0 0 0 556 -831 3
-1 0 1 0 -957 -290 3
-1 0 1 0 -957 -290 3
-1 0 1 0 -957 -290 3
-1 0 1 0 -957 -290 3
-1 0 1 0 -957 -290 3
-1 0 1 0 -957 -290 3
-1 0 1 0 -957 -290 3
-1 0 0 0 -957 -290 3
-1 0 1 0 -17 -1000 3
-1 0 0 0 -17 -1000 3
-1 0 1 0 -290 957 3
-1 1 1 0 -290 957 3
-1 0 1 0 -290 957 3
-1 0 1 0 -290 957 3
-1 0 1 0 -290 957 3
-1 0 0 0 -290 957 3
-1 0 1 0 882 471 3
-1 0 1 0 882 471 3
-1 0 1 0 882 471 3
-1 0 1 0 882 471 3
-1 0 1 0 882 471 3
-1 0 1 0 882 471 3
-1 0 1 0 882 471 3
-1 0 0 1 -994 -112 3
-1 0 1 0 924 -383 3
-1 0 0 0 924 -383 3
-1 0 1 0 290 -957 3
-1 0 0 0 290 -957 3
-1 0 1 0 -981 195 3
-1 0 0 0 -981 195 3
-1 0 1 0 0 1000 3
-1 0 0 0 0 1000 3
-1 0 1 0 995 -98 3
-1 0 1 0 995 -98 3
-1 0 0 0 995 -98 3
-1 0 1 0 981 -195 3
-1 0 0 0 981 -195 3
-1 0 1 0 -98 995 3
-1 0 0 0 -98 995 3
-1 0 1 0 -882 -471 3
-1 0 1 0 -882 -471 3
-1 0 0 0 -882 -471 3
-1 0 1 0 -957 -290 3
-1 0 0 0 -957 -290 3
-1 0 1 0 -981 -195 3
-1 0 1 0 -981 -195 3
-1 0 0 0 -981 -195 3
-1 0 1 0 -383 924 3
-1 0 1 1 0 -1000 3
-1 0 1 0 0 -1000 3
-1 0 1 0 0 -1000 3
-1 0 1 0 0 -1000 3
-1 0 0 0 0 -1000 3
-1 0 1 0 -290 -957 3
-1 0 1 0 -290 -957 3
-1 0 1 0 -290 -957 3
-1 0 0 0 -290 -957 3
-1 0 0 0 -290 -957 3
-1 0 1 0 -471 -882 3
-1 0 1 0 -471 -882 3
-1 0 1 0 -471 -882 3
-1 0 1 0 -471 -882 3
-1 0 1 0 -471 -882 3
-1 0 0 0 -471 -882 3
-1 0 1 0 831 -556 3
-1 0 1 0 831 -556 3
1 0 0 0 831 -556 3
-1 0 1 0 -981 -195 3
-1 0 1 0 -981 -195 3
-1 0 1 0 -981 -195 3
-1 0 0 0 -981 -195 3
-1 0 1 0 -195 981 3
-1 0 1 0 -195 981 3
1 0 1 0 -195 981 3
-1 0 1 1 -195 -981 3
1 0 1 0 -195 -981 3
-1 0 1 0 -195 -981 3
0 0 0 0 -195 -981 3
-1 0 1 0 634 773 3
0 0 0 0 634 773 3
1 0 1 0 276 961 3
0 0 1 0 276 961 3
1 0 1 0 276 961 3
0 0 1 0 276 961 3
1 0 1 0 276 961 3
1 0 0 0 276 961 3
-1 0 1 0 0 1000 3
-1 0 1 0 0 1000 3
-1 0 1 0 0 1000 3
-1 0 0 0 0 1000 3
-1 0 1 0 -707 -707 3
-1 0 1 0 -707 -707 3
-1 0 1 0 -707 -707 3
-1 0 0 0 -707 -707 3
-1 0 1 0 -556 -831 3
-1 0 0 0 -556 -831 3
-1 0 1 0 -831 -556 3
-1 0 1 0 -831 -556 3
-1 0 1 0 -831 -556 3
-1 0 1 0 -831 -556 3
-1 0 1 0 -831 -556 3
-1 0 1 0 -831 -556 3
-1 0 1 0 -831 -556 3
-1 0 1 0 -831 -556 3
-1 0 0 0 -831 -556 3
-1 0 1 0 98 -995 3
-1 0 1 1 924 383 3
-1 1 1 0 924 383 3
-1 0 1 0 924 383 3
-1 0 1 0 924 383 3
-1 0 1 0 924 383 3
-1 0 0 0 924 383 3
-1 0 1 0 -634 -773 3
-1 0 0 0 -634 -773 3
-1 0 1 0 530 -848 3
-1 0 0 0 530 -848 3
-1 0 1 0 570 -822 3
-1 0 0 0 570 -822 3
-1 0 1 0 649 -760 3
-1 0 0 0 649 -760 3
-1 0 1 0 646 -763 3
-1 0 1 0 646 -763 3
-1 0 0 0 646 -763 3
-1 0 1 0 383 -924 3
-1 0 1 0 383 -924 3
-1 0 1 0 383 -924 3
-1 0 1 0 383 -924 3
-1 0 0 0 383 -924 3
-1 0 1 0 725 -688 3
-1 0 0 0 725 -688 3
-1 0 1 0 -471 -882 3
-1 0 0 0 -471 -882 3
-1 0 1 0 -773 634 3
-1 0 1 1 1000 0 3
-1 0 1 0 1000 0 3
-1 0 1 0 1000 0 3
-1 0 1 0 1000 0 3
-1 0 1 0 1000 0 3
-1 0 0 0 1000 0 3
-1 0 1 0 -634 -773 3
-1 0 1 0 -634 -773 3
-1 0 0 0 -634 -773 3
-1 0 1 0 0 1000 3
-1 0 1 0 0 1000 3
-1 0 1 0 0 1000 3
-1 0 1 0 0 1000 3
-1 0 0 0 0 1000 3
-1 0 1 0 -383 924 3
-1 0 1 0 -383 924 3
-1 0 1 0 -383 924 3
-1 0 1 0 -383 924 3
-1 0 0 0 -383 924 3
-1 0 1 0 98 995 3
-1 0 1 0 98 995 3
-1 0 1 0 98 995 3
-1 0 1 0 98 995 3
-1 0 0 0 98 995 3
-1 0 0 0 98 995 3
-1 0 1 0 -995 -98 3
-1 0 1 0 -995 -98 3
-1 0 0 1 -913 -409 3
-1 0 1 0 471 -882 3
-1 0 1 0 471 -882 3
-1 0 1 0 471 -882 3
-1 0 1 0 471 -882 3
-1 0 0 0 471 -882 3
-1 0 1 0 -98 -995 3
-1 0 0 0 -98 -995 3
-1 0 1 0 -290 -957 3
-1 0 0 0 -290 -957 3
-1 0 1 0 -383 -924 3
-1 0 1 0 -383 -924 3
-1 0 0 0 -383 -924 3
-1 0 1 0 -995 98 3
-1 0 1 0 -995 98 3
-1 0 0 0 -995 98 3
-1 0 1 0 -634 773 3
-1 0 1 0 -634 773 3
-1 0 0 0 -634 773 3
-1 0 1 0 -471 882 3
-1 0 0 0 -471 882 3
-1 0 1 0 -882 -471 3
-1 0 1 0 -882 -471 3
-1 0 1 0 -882 -471 3
-1 0 0 0 -882 -471 3
-1 0 0 1 924 383 3
-1 0 1 0 174 -985 3
-1 0 0 0 174 -985 3
-1 0 1 0 165 -986 3
-1 0 0 0 165 -986 3
-1 0 1 0 208 -978 3
-1 0 0 0 208 -978 3
-1 0 1 0 -957 290 3
-1 0 0 0 -957 290 3
-1 0 1 0 924 383 3
-1 0 1 0 924 383 3
-1 0 1 0 924 383 3
-1 0 1 0 924 383 3
-1 0 0 0 924 383 3
-1 0 1 0 290 -957 3
-1 0 1 0 290 -957 3
-1 0 1 0 290 -957 3
-1 0 0 0 290 -957 3
-1 0 1 0 -995 98 3
-1 0 0 0 -995 98 3
-1 0 1 0 -290 -957 3
-1 0 0 0 -290 -957 3
-1 0 1 0 995 -98 3
-1 0 1 0 995 -98 3
-1 0 1 0 995 -98 3
-1 0 1 0 995 -98 3
-1 0 1 0 995 -98 3
-1 0 0 1 -950 -311 3
-1 1 1 0 -882 471 3
-1 0 1 0 -882 471 3
-1 0 1 0 -882 471 3
-1 0 1 0 -882 471 3
-1 0 1 0 -882 471 3
-1 0 0 0 -882 471 3
-1 0 1 0 981 195 3
-1 0 0 0 981 195 3
-1 0 1 0 831 -556 3
-1 0 1 0 831 -556 3
-1 0 1 0 831 -556 3
-1 0 0 0 831 -556 3
-1 0 1 0 -98 -995 3
-1 0 0 0 -98 -995 3
-1 0 1 0 -957 290 3
-1 0 1 0 -957 290 3
-1 0 1 0 -957 290 3
-1 0 1 0 -957 290 3
-1 0 0 0 -957 290 3
-1 0 1 0 -98 -995 3
-1 0 0 0 -98 -995 3
-1 0 1 0 -195 981 3
-1 0 1 0 -195 981 3
-1 0 0 0 -195 981 3
-1 0 1 0 78 997 3
-1 0 0 0 78 997 3
-1 0 1 0 -831 -556 3
0 0 1 1 -774 633 3
-1 0 1 0 -831 -556 3
0 0 0 0 -831 -556 3
0 0 1 0 -98 995 3
0 0 1 0 -98 995 3
1 0 1 0 -98 995 3
-1 0 1 0 -98 995 3
0 0 1 0 -98 995 3
-1 0 1 0 -98 995 3
-1 0 0 0 -98 995 3
-1 0 1 0 290 957 3
1 0 1 0 290 957 3
-1 0 1 0 290 957 3
0 0 1 0 290 957 3
1 0 1 0 290 957 3
1 0 1 0 290 957 3
-1 0 1 0 290 957 3
-1 0 1 0 290 957 3
1 0 1 0 290 957 3
1 0 0 0 290 957 3
0 0 1 0 -831 556 3
1 0 0 0 -831 556 3
-1 0 1 0 882 471 3
-1 0 1 0 882 471 3
-1 0 1 0 882 471 3
1 0 1 0 882 471 3
1 0 1 0 882 471 3
1 0 1 0 882 471 3
1 0 1 0 882 471 3
1 0 1 0 882 471 3
0 0 1 0 882 471 3
0 0 1 1 342 940 3
1 0 0 0 882 471 3
1 0 1 0 707 -707 3
1 1 0 0 707 -707 3
1 0 1 0 -471 -882 3
1 0 1 0 -471 -882 3
1 0 1 0 -471 -882 3
1 0 1 0 -471 -882 3
1 0 1 0 -471 -882 3
1 0 1 0 -471 -882 3
1 0 1 0 -471 -882 3
1 0 1 0 -471 -882 3
1 0 1 0 -471 -882 3
1 0 1 0 -471 -882 3
1 0 1 0 -471 -882 3
1 0 0 0 -471 -882 3
1 0 1 0 556 831 3
1 0 1 0 556 831 3
1 0 1 0 556 831 3
1 0 1 0 556 831 3
1 0 1 0 556 831 3
1 0 1 0 556 831 3
1 0 1 0 556 831 3
1 0 1 0 556 831 3
1 0 1 0 556 831 3
1 0 1 0 556 831 3
1 0 1 0 556 831 3
1 0 0 0 556 831 3
1 0 0 0 556 831 3
1 0 0 1 790 -613 3
1 0 1 0 882 471 3
1 0 1 0 882 471 3
1 0 1 0 882 471 3
1 0 0 0 882 471 3
1 0 1 0 -924 -383 3
1 0 1 0 -924 -383 3
1 0 1 0 -924 -383 3
1 0 1 0 -924 -383 3
1 0 1 0 -924 -383 3
1 0 0 0 -924 -383 3
1 0 1 0 383 924 3
1 0 1 0 383 924 3
1 0 1 0 383 924 3
1 0 1 0 383 924 3
1 0 1 0 383 924 3
1 0 0 0 383 924 3
1 0 1 0 98 995 3
1 0 1 0 98 995 3
1 0 1 0 98 995 3
1 0 0 0 98 995 3
1 0 1 0 -981 -195 3
1 0 0 0 -981 -195 3
1 0 1 0 267 -964 3
1 0 0 0 267 -964 3
1 0 1 0 204 -979 3
1 0 0 1 994 110 3
1 0 1 0 471 882 3
1 0 1 0 471 882 3
1 0 0 0 471 882 3
1 0 1 0 556 -831 3
1 0 1 0 556 -831 3
1 0 0 0 556 -831 3
1 0 1 0 -161 987 3
1 0 1 0 -161 987 3
0 0 0 0 -161 987 3
1 0 0 0 -161 987 3
1 0 1 0 773 -634 3
1 0 1 0 773 -634 3
1 0 1 0 773 -634 3
1 0 1 0 773 -634 3
1 0 1 0 773 -634 3
1 0 1 0 773 -634 3
1 0 1 0 773 -634 3
1 0 1 0 773 -634 3
1 0 1 0 773 -634 3
1 0 1 0 773 -634 3
1 0 1 0 773 -634 3
1 0 1 0 773 -634 3
1 0 1 0 773 -634 3
1 0 1 0 773 -634 3
1 0 0 1 991 -134 3
1 0 1 0 -924 383 3
1 0 0 0 -924 383 3
1 0 1 0 4 1000 3
1 0 1 0 4 1000 3
1 0 1 0 4 1000 3
1 0 1 0 4 1000 3
1 0 1 0 4 1000 3
-1 0 1 0 4 1000 3
1 0 0 0 4 1000 3
1 0 1 0 0 1000 3
1 0 1 0 0 1000 3
1 0 1 0 0 1000 3
1 0 1 0 0 1000 3
0 0 1 0 0 1000 3
0 0 1 0 0 1000 3
1 0 1 0 0 1000 3
1 0 0 0 0 1000 3
1 0 1 0 -290 957 3
1 0 1 0 -290 957 3
1 0 1 0 -290 957 3
1 0 1 0 -290 957 3
1 0 0 0 -290 957 3
1 0 1 0 471 -882 3
1 0 0 0 471 -882 3
1 0 1 0 383 -924 3
1 0 0 0 383 -924 3
1 0 1 0 -195 981 3
1 0 1 0 -195 981 3
1 0 1 0 -195 981 3
1 0 0 0 -195 981 3
1 0 1 0 882 -471 3
1 0 1 0 882 -471 3
1 0 0 0 882 -471 3
1 0 1 0 634 -773 3
1 0 0 1 541 841 3
1 0 1 0 773 -634 3
0 0 1 0 773 -634 3
0 0 0 0 773 -634 3
1 0 0 0 773 -634 3
1 0 1 0 831 -556 3
1 0 1 0 831 -556 3
1 0 1 0 831 -556 3
1 0 1 0 831 -556 3
0 0 1 0 831 -556 3
1 0 1 0 831 -556 3
1 0 1 0 831 -556 3
1 0 1 0 831 -556 3
-1 0 1 0 831 -556 3
1 0 1 0 831 -556 3
1 1 1 0 831 -556 3
1 0 1 0 831 -556 3
1 0 1 0 831 -556 3
1 0 1 0 831 -556 3
1 0 1 0 831 -556 3
1 0 1 0 831 -556 3
1 0 1 0 831 -556 3
0 0 1 0 831 -556 3
0 0 1 0 831 -556 3
-1 0 1 0 831 -556 3
1 0 0 0 831 -556 3
1 0 0 1 0 1000 3
0 0 0 0 0 1000 3
0 0 1 0 -976 -216 3
0 0 0 0 -976 -216 3
1 0 1 0 -981 -195 3
-1 0 0 0 -981 -195 3
-1 0 1 0 -995 -98 3
-1 0 0 0 -995 -98 3
0 0 1 0 831 -556 3
-1 0 0 0 831 -556 3
-1 0 1 0 98 995 3
1 0 1 0 98 995 3
1 0 1 0 98 995 3
-1 0 1 0 98 995 3
1 0 1 0 98 995 3
1 0 0 0 98 995 3
1 0 1 0 829 559 3
1 0 1 0 829 559 3
1 0 1 0 829 559 3
1 0 1 0 829 559 3
1 0 1 0 829 559 3
1 0 1 0 829 559 3
1 0 1 0 829 559 3
1 0 0 0 829 559 3
1 0 1 0 471 882 3
1 0 1 1 693 -721 3
1 0 1 0 471 882 3
1 0 1 0 471 882 3
1 0 1 0 471 882 3
1 0 1 0 471 882 3
1 0 1 0 471 882 3
1 0 1 0 471 882 3
1 0 0 0 471 882 3
1 0 1 0 98 995 3
1 0 0 0 98 995 3
1 0 1 0 -471 882 3
1 0 1 0 -471 882 3
1 0 0 0 -471 882 3
1 0 0 0 -471 882 3
1 0 1 0 471 882 3
1 0 0 0 471 882 3
1 0 1 0 995 -98 3
1 0 1 0 995 -98 3
1 0 1 0 995 -98 3
1 0 1 0 995 -98 3
1 0 1 0 995 -98 3
1 0 1 0 995 -98 3
1 0 1 0 995 -98 3
1 0 1 0 995 -98 3
1 0 1 0 995 -98 3
1 0 1 1 -195 -981 3
1 0 0 0 -195 -981 3
1 0 1 0 633 -774 3
1 0 0 0 633 -774 3
1 0 1 0 831 -556 3
1 0 1 0 831 -556 3
1 0 1 0 831 -556 3
1 0 0 0 831 -556 3
1 0 1 0 957 -290 3
1 0 1 0 957 -290 3
1 0 0 0 957 -290 3
1 0 1 0 1000 0 3
1 0 1 0 1000 0 3
1 0 1 0 1000 0 3
1 0 1 0 1000 0 3
1 0 1 0 1000 0 3
1 0 1 0 1000 0 3
1 0 1 0 1000 0 3
1 0 1 0 1000 0 3
1 0 1 0 1000 0 3
1 0 1 0 1000 0 3
1 0 0 0 1000 0 3
1 0 1 0 707 -707 3
1 0 1 0 707 -707 3
1 0 1 0 707 -707 3
1 0 1 0 707 -707 3
1 0 1 0 707 -707 3
1 0 0 0 707 -707 3
1 0 0 1 -195 -981 3
1 0 0 0 -195 -981 3
1 0 1 0 707 -707 3
1 0 1 0 707 -707 3
1 0 0 0 707 -707 3
1 0 1 0 383 -924 3
1 0 0 0 383 -924 3
1 0 1 0 -924 -383 3
1 0 0 0 -924 -383 3
1 0 1 0 454 -891 3
1 0 0 0 454 -891 3
1 0 1 0 399 -917 3
1 0 0 0 399 -917 3
1 0 1 0 371 -929 3
1 0 0 0 371 -929 3
1 0 1 0 383 924 3
1 0 1 0 383 924 3
1 1 1 0 383 924 3
1 0 1 0 383 924 3
1 0 0 0 383 924 3
1 0 1 0 634 773 3
1 0 1 0 634 773 3
1 0 1 0 634 773 3
1 0 0 0 634 773 -1
1 0 1 0 3665 9304 -1
1 0 1 0 3665 9304 -1
1 0 1 0 3665 9304 -1
1 0 1 0 3665 9304 -1
1 0 1 0 3665 9304 -1
1 0 1 1 9993 379 -1
1 0 0 0 3665 9304 -1
1 0 1 0 -3827 9239 -1
1 0 0 0 -3827 9239 -1
1 0 1 0 7071 7071 -1
1 0 0 0 7071 7071 -1
1 1 1 0 -3827 -9239 -1
1 0 0 0 -3827 -9239 -1
1 0 1 0 -3827 -9239 -1
1 0 1 0 -3827 -9239 -1
1 0 0 0 -3827 -9239 -1
1 0 1 0 -3633 -9317 -1
1 0 1 0 -3633 -9317 -1
1 0 1 0 -3633 -9317 -1
1 0 1 0 -3633 -9317 -1
1 0 0 0 -3633 -9317 -1
1 0 1 0 -3518 -9361 -1
1 0 1 0 -3518 -9361 -1
1 0 1 0 -3518 -9361 -1
1 0 1 0 -3518 -9361 -1
1 0 1 0 -3518 -9361 -1
1 0 0 0 -3518 -9361 -1
1 0 1 0 -9673 -2538 -1
1 0 0 0 -9673 -2538 -1
1 0 1 0 3827 9239 -1
1 0 0 0 3827 9239 -1
1 0 1 0 1426 9898 -1
1 0 0 0 1426 9898 -1
1 0 1 0 1288 9917 -1
1 0 0 0 1288 9917 -1
1 0 1 0 1305 9914 -1
1 0 1 0 1305 9914 -1
1 0 0 0 1305 9914 -1
1 0 1 0 593 9982 -1
1 0 0 0 593 9982 -1
1 0 1 0 0 -10000 -1
1 0 0 0 0 -10000 -1
1 0 1 0 593 9982 -1
1 0 1 0 593 9982 -1
1 0 0 0 593 9982 -1
1 0 0 0 593 9982 -1
1 0 1 0 7314 6820 -1
1 0 0 1 9196 -3928 -1
1 0 1 0 9219 -3875 -1
1 0 0 0 9219 -3875 -1
1 0 1 0 9239 3827 -1
1 0 0 0 9239 3827 -1
1 0 0 0 9239 3827 -1
1 0 1 0 -3827 -9239 -1
1 0 0 0 -3827 -9239 -1
1 0 1 0 1305 9914 -1
1 0 1 0 1305 9914 -1
1 0 0 0 1305 9914 -1
1 0 1 0 1564 9877 -1
1 0 1 0 1564 9877 -1
1 0 0 0 1564 9877 -1
1 0 1 0 -2096 9778 -1
1 0 0 0 -2096 9778 -1
1 0 0 0 -2096 9778 -1
1 0 1 0 -3827 9239 -1
1 0 0 0 -3827 9239 -1
1 0 1 0 7071 -7071 -1
1 0 0 0 7071 -7071 -1
1 0 1 0 9239 3827 -1
1 0 0 0 9239 3827 -1
1 0 1 0 9239 -3827 -1
1 0 1 0 290 -957 -1
1 0 1 1 7784 6278 -1
1 0 1 0 290 -957 -1
1 0 1 0 -195 -981 -1
1 1 1 0 -195 -981 -1
1 0 0 0 -195 -981 -1
1 0 1 0 3340 9426 -1
1 0 1 0 383 924 -1
1 0 0 0 383 924 -1
1 0 1 0 -9887 1501 -1
1 0 1 0 -9887 1501 -1
1 0 0 0 -9887 1501 -1
1 0 1 0 -9952 981 -1
1 0 0 0 -9952 981 -1
1 0 1 0 1501 9887 -1
1 0 1 0 1501 9887 -1
1 0 0 0 -831 556 -1
1 0 1 0 195 981 -1
1 0 0 0 195 981 -1
1 0 1 0 3827 9239 -1
1 0 0 0 195 981 -1
1 0 1 0 1884 -9821 -1
1 0 0 0 0 1000 -1
1 0 0 0 0 1000 -1
1 0 1 0 -523 9986 -1
1 0 0 0 -523 9986 -1
1 0 1 0 -1045 -9945 -1
1 0 0 0 -1045 -9945 -1
1 0 1 0 -523 -9986 -1
1 0 1 0 0 -10000 -1
1 0 0 0 0 -10000 3
1 0 1 0 980 9952 3
1 0 1 0 7071 -7071 3
-1 0 1 1 -4714 -8819 3
-1 0 0 0 -4714 -8819 3
1 0 1 0 980 9952 3
1 0 1 0 3305 9438 3
-1 0 0 0 3305 9438 3
0 0 1 0 -2903 9569 3
-1 0 1 0 3305 9438 3
0 0 1 0 3305 9438 3
0 0 1 0 3305 9438 3
0 0 0 0 3305 9438 3
0 0 1 0 -3453 9385 3
0 0 1 0 -3453 9385 3
0 0 1 0 -3453 9385 3
-1 0 1 0 -3453 9385 3
-1 0 1 0 -3453 9385 3
-1 0 1 0 -3453 9385 3
-1 0 1 0 -3453 9385 3
-1 0 0 0 -3453 9385 3
-1 0 1 0 -7730 6344 3
-1 0 1 0 -7559 6547 3
-1 0 1 0 -7559 6547 3
-1 0 0 0 -7559 6547 3
-1 0 1 0 -7559 6547 3
-1 0 0 0 -7559 6547 3
-1 0 1 0 -8819 -4714 3
-1 0 0 0 -9573 -2890 3
-1 0 1 0 -9537 -3007 3
-1 0 0 0 -9537 -3007 3
-1 0 1 0 -8988 -4384 3
-1 0 0 0 -8949 -4462 3
0 0 1 0 -9367 -3502 3
-1 0 1 1 1929 9812 3
-1 0 1 0 -9367 -3502 3
-1 0 1 0 -9367 -3502 3
-1 0 1 0 -9367 -3502 3
-1 0 0 0 -9171 -3987 3
-1 0 1 0 -2903 -9569 3
-1 0 1 0 -4714 -8819 3
-1 0 1 0 -9171 -3987 3
-1 1 0 0 -9171 -3987 3
-1 0 0 0 0 10000 3
-1 0 1 0 -6344 7730 3
-1 1 0 0 0 10000 3
-1 1 0 0 0 10000 3
-1 0 1 0 -610 9981 3
-1 0 0 0 0 10000 3
-1 0 1 0 -9569 2903 3
-1 0 0 0 0 10000 3
-1 0 1 0 -980 9952 3
-1 0 1 0 -980 9952 3
-1 0 0 0 0 -10000 3
-1 0 0 0 0 -10000 3
-1 0 1 0 10000 0 3
-1 0 0 0 10000 0 3
-1 0 1 0 -2903 9569 3
-1 0 1 0 0 10000 3
-1 0 1 0 0 10000 3
-1 0 1 0 0 10000 3
-1 0 0 1 9239 3827 3
-1 0 1 0 -175 9998 3
-1 0 0 0 9239 3827 3
-1 0 1 0 -4714 -8819 3
-1 0 1 0 -3827 -9239 3
-1 0 1 0 -3827 -9239 3
-1 0 0 0 -3827 -9239 3
-1 0 0 0 -3827 -9239 3
-1 0 1 0 2903 -9569 3
-1 0 0 0 -3827 -9239 3
-1 0 1 0 4714 -8819 3
-1 0 0 0 -2672 9636 3
-1 0 1 0 2903 9569 3
-1 0 0 0 -3827 9239 3
-1 0 1 0 -4714 -8819 3
-1 0 0 0 -4714 -8819 3
-1 0 1 0 -980 -9952 3
-1 0 0 0 9239 -3827 3
-1 0 1 0 -980 -9952 3
-1 0 1 0 -2903 -9569 3
-1 0 0 0 -3827 -9239 3
-1 0 1 0 980 -9952 3
-1 0 0 0 -3827 -9239 3
-1 0 0 0 -3827 -9239 3
-1 0 1 0 980 -9952 3
-1 0 0 1 5036 -8640 3
-1 0 1 0 980 -9952 3
-1 0 0 1 8036 -5952 3
-1 0 1 0 -1132 -9936 3
-1 0 0 0 0 -10000 3
-1 0 1 0 -785 -9969 3
-1 0 0 0 0 -10000 3
-1 0 1 0 -436 -9990 3
-1 0 0 0 0 -10000 3
-1 0 1 0 0 -10000 3
-1 0 0 0 0 -10000 3
-1 0 1 0 7730 -6344 3
-1 0 0 0 7730 -6344 -1
-1 0 1 0 -2300 -9732 -1
-1 0 1 0 -2300 -9732 -1
-1 0 1 0 -2300 -9732 -1
-1 0 1 0 -2300 -9732 -1
-1 0 0 0 -2300 -9732 -1
-1 0 1 0 -8949 -4462 -1
-1 0 0 0 -8949 -4462 -1
-1 0 1 0 7071 -7071 -1
-1 0 0 0 7071 -7071 -1
-1 1 1 0 0 10000 -1
-1 0 0 0 0 10000 -1
-1 0 1 0 10000 0 -1
-1 0 1 0 10000 0 -1
-1 0 0 1 8819 -4714 -1
-1 0 0 0 8819 -4714 -1
-1 0 1 0 1564 9877 -1
-1 0 0 0 1564 9877 -1
-1 0 1 0 9917 -1288 -1
-1 0 0 0 9917 -1288 -1
-1 0 0 0 9917 -1288 -1
-1 0 1 0 980 9952 -1
-1 0 0 0 980 9952 -1
-1 0 1 0 -9239 -3827 -1
-1 0 0 0 -9239 -3827 -1
-1 0 1 0 1616 9869 -1
-1 0 0 0 1616 9869 -1
-1 0 0 0 1616 9869 -1
-1 0 1 0 7705 -6374 -1
-1 0 1 0 7705 -6374 -1
-1 0 0 0 7705 -6374 -1
-1 0 1 0 -10000 0 -1
-1 0 1 0 -10000 0 -1
-1 0 1 0 -10000 0 -1
-1 0 1 0 -10000 0 -1
-1 0 1 0 -10000 0 -1
-1 0 1 0 -10000 0 -1
-1 0 0 0 -10000 0 -1
-1 0 1 0 -3827 -9239 -1
-1 0 1 0 -3827 -9239 -1
-1 0 0 0 -3827 -9239 -1
-1 0 0 0 -3827 -9239 -1
-1 0 1 0 -2924 -9563 -1
-1 0 0 0 -3827 -9239 -1
-1 0 1 0 -2504 -9681 -1
-1 0 0 0 -2317 -9728 -1
-1 0 1 0 -2164 -9763 -1
-1 0 1 0 -2164 -9763 -1
-1 0 0 0 -2164 -9763 -1
-1 0 1 0 -2903 -9569 -1
-1 0 1 0 -2903 -9569 -1
-1 0 1 1 -9717 2364 3
1 0 0 0 -2903 -9569 3
0 0 1 0 2903 9569 3
-1 0 1 0 87 10000 3
-1 0 0 0 87 10000 3
-1 0 0 0 87 10000 3
-1 0 1 0 175 9998 3
-1 0 0 0 -7071 7071 3
-1 0 0 0 0 10000 3
-1 0 1 0 2903 -9569 3
-1 0 1 0 3827 -9239 3
-1 0 0 0 3827 -9239 3
-1 0 1 0 -980 9952 3
-1 0 1 0 -980 9952 3
-1 0 0 0 -2706 9627 3
-1 0 0 0 -2706 9627 3
-1 0 1 0 164 9999 3
-1 0 1 0 610 9981 3
1 0 0 0 610 9981 3
1 0 0 0 610 9981 3
-1 0 1 0 980 -9952 3
1 0 1 0 980 -9952 3
1 1 1 0 980 -9952 3
0 0 1 0 980 -9952 3
0 1 1 0 980 -9952 3
1 1 1 0 980 -9952 3
0 0 1 0 980 -9952 3
1 0 1 0 980 -9952 3
0 0 1 0 980 -9952 3
1 0 0 0 980 -9952 3
1 0 1 0 6494 -7604 3
0 0 1 0 6494 -7604 3
1 0 1 0 6794 -7337 3
1 0 0 0 6794 -7337 3
1 0 0 1 -9619 2732 3
0 0 0 0 6794 -7337 3
-1 0 0 0 6794 -7337 3
-1 0 1 0 -6820 7314 3
-1 0 1 0 -8111 5850 3
-1 0 1 0 -8111 5850 3
-1 0 1 0 -8111 5850 3
-1 0 1 0 -8111 5850 3
-1 0 1 0 -8111 5850 3
-1 0 1 0 -8111 5850 3
-1 0 1 0 -8111 5850 3
-1 0 0 0 -8111 5850 3
0 0 1 0 -3987 9171 3
-1 0 1 0 -8111 5850 3
-1 0 1 0 -8111 5850 3
-1 0 1 0 -8111 5850 3
-1 0 1 0 -8111 5850 3
0 0 1 0 -8111 5850 3
0 0 1 0 -8111 5850 3
-1 0 1 0 -8111 5850 3
-1 0 1 0 -8111 5850 3
-1 0 1 0 -8111 5850 3
0 0 1 0 -8111 5850 3
-1 0 1 0 -8377 5461 3
-1 0 1 0 -8377 5461 3
-1 0 1 0 -8377 5461 3
0 0 0 0 -8377 5461 3
-1 0 1 0 -3799 9250 3
-1 0 1 0 -3827 9239 3
-1 0 1 0 -3827 9239 3
-1 0 1 0 -1357 9907 3
-1 0 1 0 -1357 9907 3
-1 0 1 0 -1357 9907 3
-1 0 1 0 -698 9976 3
-1 0 1 0 -1357 9907 3
0 0 1 0 -1357 9907 3
-1 0 1 0 -1357 9907 3
-1 0 1 0 -1357 9907 3
-1 0 0 0 -1357 9907 3
-1 0 0 0 -1357 9907 3
-1 0 0 1 9929 -1190 3
-1 0 0 1 9241 -3822 3
-1 0 0 0 -1357 9907 3
-1 0 0 0 4772 8788 3
0 0 0 0 4772 8788 3
-1 0 1 0 4714 8819 3
-1 0 1 0 7071 7071 3
0 0 0 0 7071 7071 3
-1 0 0 0 7071 7071 3
-1 0 0 0 -9569 -2903 3
-1 0 1 0 -9952 -980 3
0 0 1 0 -9239 -3827 3
-1 0 0 0 -9239 -3827 3
-1 0 1 0 -8526 -5225 3
-1 0 0 0 -8339 -5519 3
-1 0 1 0 -8039 -5948 3
-1 0 0 0 -8141 -5807 3
-1 0 1 0 -8687 -4954 3
-1 0 1 0 -9026 -4305 3
-1 0 1 0 -9026 -4305 3
-1 0 0 0 -9026 -4305 3
-1 0 1 0 -8090 -5878 3
-1 0 1 0 -8090 -5878 3
-1 0 1 0 -8090 -5878 3
-1 0 1 0 -8090 -5878 3
-1 0 0 0 -8090 -5878 3
-1 0 1 0 -6344 -7730 3
-1 0 1 1 -8311 5561 3
-1 0 1 0 -6740 -7387 3
-1 0 0 0 -6740 -7387 3
-1 0 1 0 -4714 -8819 3
-1 0 1 0 -6740 -7387 3
-1 0 1 0 -6740 -7387 3
-1 0 1 0 -6740 -7387 3
-1 0 1 0 -6740 -7387 3
-1 0 1 0 -6740 -7387 3
-1 0 1 0 -5270 -8499 3
-1 0 0 0 -5270 -8499 3
-1 0 1 0 1499 -9887 3
-1 0 1 0 1499 -9887 3
-1 0 0 0 1499 -9887 3
-1 0 1 0 -610 9981 3
-1 0 0 0 -3827 -9239 3
-1 0 1 0 2840 -9588 3
-1 0 0 0 -2396 -9709 3
-1 0 0 0 -2396 -9709 3
-1 0 1 0 2299 9732 3
-1 0 0 0 0 10000 3
-1 0 1 0 2924 -9563 3
-1 0 0 0 980 -9952 3
-1 0 1 0 3746 -9272 3
-1 0 0 0 980 -9952 3
-1 0 1 0 4226 -9063 3
-1 0 0 0 4067 -9136 3
-1 0 1 0 5225 -8526 3
-1 0 1 1 -8826 -4701 3
-1 0 0 0 5150 -8572 3
-1 0 1 0 6756 -7373 3
-1 0 0 0 5150 -8572 3
-1 0 1 0 6611 -7503 3
-1 0 1 0 6691 -7431 3
-1 0 1 0 6691 -7431 3
-1 0 0 0 2987 9543 3
-1 0 0 0 2987 9543 3
-1 0 0 0 2987 9543 3
-1 0 0 0 2987 9543 3
-1 0 1 0 -3827 -9239 3
-1 0 0 0 -3827 -9239 3
-1 0 1 0 -2903 9569 3
-1 0 1 0 -8819 4715 3
-1 1 0 0 -8819 4715 3
-1 0 1 0 -872 9962 3
-1 1 0 0 -8819 4715 3
-1 0 0 0 -2419 9703 3
-1 0 0 0 -2419 9703 3
-1 0 0 0 -1908 9816 3
-1 0 0 0 -1908 9816 3
-1 0 1 0 -175 9998 3
-1 0 0 0 -7024 7118 3
-1 0 1 0 -115 -9999 3
-1 0 1 0 0 -10000 3
-1 0 1 0 0 -10000 3
-1 0 1 0 0 -10000 3
-1 0 0 0 0 -10000 3
-1 0 1 0 4472 -8944 3
-1 0 1 0 4617 -8870 3
-1 0 0 1 -8165 -5774 3
-1 0 0 1 -8864 -4629 3
1 0 1 0 5000 -8660 3
0 0 1 0 5225 -8526 3
-1 0 0 0 5225 -8526 3
-1 0 1 0 7730 -6344 3
-1 0 0 0 5225 -8526 3
1 0 1 0 7716 -6361 3
-1 0 0 0 7314 -6820 3
-1 0 0 0 7660 -6428 3
-1 0 1 0 8698 -4934 3
-1 0 0 0 7716 -6361 3
-1 0 1 0 -5300 8480 3
-1 0 0 0 7716 -6361 3
-1 0 1 0 -4772 8788 3
-1 0 1 0 -4772 8788 3
-1 0 1 0 -4772 8788 3
-1 0 0 0 -4714 8819 3
-1 0 1 0 -4714 8819 3
0 0 1 0 -4715 8819 3
-1 0 1 0 -4715 8819 3
-1 0 1 0 3827 9239 3
-1 0 1 0 3827 9239 3
-1 0 1 0 3827 9239 3
-1 0 1 0 3827 9239 3
-1 0 1 1 7071 -7071 3
-1 0 1 0 3827 9239 3
-1 0 1 1 8415 -5402 3
-1 0 0 0 8415 -5402 3
-1 0 1 0 2903 9569 3
-1 0 1 0 -65 10000 3
-1 0 1 0 -65 10000 3
-1 0 0 0 -65 10000 3
-1 0 0 0 -65 10000 3
-1 0 1 0 -980 9952 3
-1 0 1 0 3827 9239 3
-1 0 1 0 3827 9239 3
-1 0 0 0 3827 9239 3
-1 0 0 0 3827 9239 3
-1 0 0 0 3827 9239 3
-1 0 0 0 3827 9239 3
-1 0 0 0 3827 9239 3
-1 0 1 0 -9239 -3827 3
-1 0 1 0 -9239 -3827 3
-1 0 1 0 -9239 -3827 3
-1 0 0 0 -9239 -3827 3
-1 0 0 0 -9239 -3827 3
-1 0 0 0 -9239 -3827 3
-1 0 0 0 9239 3827 3
-1 0 0 0 9239 3827 3
-1 0 1 0 -6947 -7193 3
-1 0 0 0 3338 -9426 3
-1 0 0 0 -7071 -7071 3
-1 0 1 0 -6428 -7660 3
-1 0 0 0 -6691 -7431 3
-1 0 0 0 -6691 -7431 3
-1 0 1 0 -5592 -8290 3
-1 0 0 0 -6088 -7934 3
-1 0 1 0 -7730 -6344 3
-1 0 1 0 -9571 -2898 3
-1 0 0 0 -9571 -2898 3
-1 0 1 0 -1729 -9849 3
-1 0 0 0 -5878 -8090 3
-1 0 1 0 7071 -7071 3
-1 0 1 0 7071 -7071 3
-1 0 0 0 7071 -7071 3
-1 0 1 0 4714 8819 3
-1 0 1 0 4714 8819 3
-1 0 1 0 -7071 7071 3
-1 0 0 0 -7071 -7071 3
0 0 1 0 3939 9191 3
-1 0 0 1 334 9994 3
0 0 1 0 4933 8698 3
1 0 1 0 3827 9239 3
1 0 1 0 3827 9239 3
0 0 1 0 3827 9239 3
1 0 1 0 3827 9239 3
1 0 1 0 3827 9239 3
0 0 1 0 3827 9239 3
1 0 0 0 3827 9239 3
1 0 1 0 9952 980 3
1 0 1 0 9952 980 3
1 0 1 0 9952 980 3
1 0 1 0 9952 980 3
1 0 1 0 9952 980 3
1 0 1 0 9952 980 3
1 0 0 0 10000 0 3
1 0 1 0 8746 -4848 3
1 0 1 0 8819 -4714 3
1 0 1 0 8819 -4714 3
1 0 1 0 8819 -4714 3
1 0 0 0 8281 -5606 3
1 0 1 0 6820 -7314 3
1 0 0 0 8281 -5606 3
1 0 1 0 5225 -8526 3
1 0 1 0 5278 -8494 3
1 0 0 0 6227 -7825 3
1 0 1 0 5909 -8067 3
1 0 1 0 5885 -8085 3
1 0 1 0 5900 -8074 3
1 0 1 1 9782 2077 3
1 0 1 1 9600 2799 3
1 0 1 0 5562 -8311 3
1 0 0 0 5562 -8311 3
1 0 0 0 5562 -8311 3
1 0 0 0 5562 -8311 3
1 1 1 0 5562 -8311 3
1 0 0 0 5562 -8311 3
1 0 1 0 2880 9576 3
1 0 1 0 2880 9576 3
1 0 0 0 -980 -9952 3
1 0 1 0 924 9957 3
1 0 1 0 924 9957 3
1 0 0 0 -980 -9952 3
1 0 0 0 -980 -9952 3
1 0 0 0 -980 -9952 3
1 0 0 0 -980 -9952 3
1 0 0 0 -980 -9952 3
1 1 1 0 -3648 -9311 3
1 0 0 0 2903 -9569 3
1 0 1 0 -4714 -8819 3
1 0 0 0 -773 -634 3
1 0 1 0 -4472 -8944 3
1 0 0 0 -773 -634 3
1 0 1 0 -6344 -7730 3
1 0 0 0 -407 -914 3
1 0 1 0 -6344 -7730 3
1 0 0 0 -466 -885 3
1 0 0 0 -466 -885 3
1 0 0 0 -466 -885 3
1 0 0 0 -466 -885 3
1 0 1 0 5827 8127 3
1 0 1 0 5827 8127 3
1 0 1 0 5827 8127 3
-1 0 1 1 -3827 -9239 3
1 0 1 1 -8078 -5894 3
1 0 0 0 0 -1000 3
1 0 1 0 -5521 8338 3
1 0 0 0 0 -1000 3
1 0 0 0 0 -1000 3
1 0 0 0 0 -1000 3
1 0 0 0 0 -1000 3
1 0 0 0 0 -1000 3
1 0 0 0 0 -1000 3
1 0 0 0 0 -1000 3
1 0 0 0 0 -1000 3
1 0 1 0 -6344 7730 3
1 0 0 0 0 -1000 3
1 0 1 0 4147 -9100 3
1 0 0 0 383 -924 3
1 0 1 0 6349 -7726 3
1 0 1 0 6349 -7726 3
1 0 0 0 471 882 3
1 0 0 0 471 882 3
1 0 1 0 6345 -7730 3
1 0 1 0 6345 -7730 3
1 0 1 0 6345 -7730 3
1 0 1 0 6344 -7730 3
1 0 1 0 6340 -7734 3
1 1 0 0 9099 4147 3
1 0 0 1 -7071 7071 3
1 0 0 1 -7975 6033 3
1 0 0 1 -7975 6033 3
1 0 1 0 2883 9575 3
1 0 1 0 2883 9575 3
1 0 1 0 2883 9575 3
1 0 0 0 -995 -98 3
1 0 0 0 -995 -98 3
1 0 0 0 -995 -98 3
1 0 0 0 -995 -98 3
1 0 0 0 -995 -98 3
1 0 1 0 4557 8901 3
1 0 1 0 4557 8901 3
1 0 1 0 6872 7265 3
1 0 0 0 383 924 3
1 0 1 0 535 9986 3
1 0 0 0 -882 471 3
1 0 0 0 -882 471 3
-1 1 1 0 -6727 7399 3
-1 0 0 0 -6674 7447 3
1 0 1 0 349 9994 3
1 0 0 0 -882 471 3
1 0 0 0 -882 471 3
1 0 0 0 -882 471 3
-1 0 0 0 -8819 4714 3
-1 0 1 0 -2859 -9583 3
-1 1 1 1 9040 4275 3
-1 0 1 0 -2859 -9583 3
-1 0 1 0 -2859 -9583 3
-1 0 1 0 -2859 -9583 3
1 0 1 0 4714 8819 3
1 0 0 0 4714 8819 3
-1 0 1 0 -8166 -5772 3
0 0 0 0 -8166 -5772 3
1 0 1 0 -9100 -4147 3
1 0 0 0 4714 8819 3
1 0 1 0 2903 9569 3
1 1 1 0 3827 9239 3
1 1 0 0 773 634 3
1 0 1 0 -1104 9939 3
-1 0 0 0 -1200 9928 3
1 0 0 0 773 634 3
0 0 1 0 -2224 9750 3
-1 0 1 0 -2250 9744 3
0 0 1 0 -2334 9724 3
-1 0 1 0 -2250 9744 3
-1 0 1 0 -2250 9744 3
-1 0 1 0 -2250 9744 3
-1 0 1 0 -2250 9744 3
-1 0 1 0 -2250 9744 3
-1 0 0 0 -2250 9744 3
1 0 1 0 -969 9953 3
1 0 1 0 -969 9953 3
1 0 1 0 -969 9953 3
1 0 1 0 -969 9953 3
1 0 1 0 -969 9953 3
1 0 0 0 859 -511 3
1 0 1 0 9063 -4226 3
1 0 1 0 9063 -4226 3
1 0 0 0 817 -577 3
1 0 1 0 7809 -6247 3
1 0 0 0 785 -619 3
1 0 1 0 6278 -7784 3
1 0 1 1 -9808 -1951 3
1 0 0 0 785 -619 3
1 0 1 0 3665 -9304 3
1 0 0 0 -981 195 3
1 0 0 0 -981 195 3
1 0 0 0 -981 195 3
1 0 0 0 -981 195 3
1 0 0 0 -981 195 3
1 0 0 0 -981 195 3
1 0 1 0 6332 -7740 3
1 0 1 0 6332 -7740 3
1 0 1 0 6332 -7740 3
1 0 1 0 6332 -7740 3
1 0 1 0 6332 -7740 3
1 0 0 0 634 -773 3
1 0 0 0 634 -773 3
1 0 0 0 634 -773 3
1 0 0 0 634 -773 3
1 0 0 0 634 -773 3
1 0 0 0 634 -773 3
1 0 1 0 4602 -8878 3
1 0 1 0 4602 -8878 3
1 0 1 0 4602 -8878 3
1 0 1 0 4602 -8878 3
1 0 1 0 4602 -8878 3
1 0 0 0 556 -831 3
1 0 0 0 556 -831 3
1 0 0 0 556 -831 3
1 0 0 0 556 -831 3
1 0 0 1 -8819 4714 3
1 0 0 1 -9719 2355 3
1 0 0 1 -9719 2355 3
1 0 0 1 -8819 4714 3
1 0 0 1 -9719 2355 3
1 0 0 1 -9719 2355 3
1 0 0 1 -9719 2355 3
1 0 0 1 -8819 4714 3
1 0 1 0 3867 -9222 3
1 0 1 0 3867 -9222 3
1 0 1 0 3867 -9222 3
1 0 0 0 195 -981 3
1 0 0 0 195 -981 3
1 0 0 0 195 -981 3
1 0 0 0 195 -981 3
1 0 0 0 195 -981 3
1 0 0 0 195 -981 3
1 0 0 0 195 -981 3
1 0 1 0 951 -9955 3
1 0 1 0 951 -9955 3
1 0 0 0 98 -995 3
1 0 0 0 98 -995 3
1 0 0 0 98 -995 3
1 0 0 0 98 -995 3
1 1 1 0 -981 -9952 3
1 0 1 1 -7071 7071 3
1 0 1 1 -7883 6153 3
1 0 0 1 -7883 6153 3
1 0 1 0 2883 9575 3
1 0 1 0 2883 9575 3
1 0 1 0 2836 9590 3
1 0 0 0 -1153 -9933 3
1 0 0 0 -1153 -9933 3
1 0 0 0 -1153 -9933 3
1 0 0 0 -1153 -9933 3
1 0 0 0 -1153 -9933 3
1 0 0 0 -1153 -9933 3
1 0 1 0 -2893 -9572 3
1 0 1 0 -2893 -9572 3
1 0 0 0 -471 -882 3
1 0 0 0 -471 -882 3
1 0 0 0 -471 -882 3
1 0 0 0 -471 -882 3
1 0 0 0 -471 -882 3
1 0 1 0 4929 8701 3
1 0 1 0 4929 8701 3
1 0 1 0 2828 9592 3
1 0 0 0 1000 0 3
1 0 0 0 1000 0 3
1 0 0 0 1000 0 3
1 0 0 0 1000 0 3
1 0 0 0 1000 0 3
1 0 0 0 1000 0 3
1 0 0 0 1000 0 3
1 0 1 0 1000 0 3
1 0 0 1 9927 1208 3
1 0 0 1 9508 3097 3
1 0 1 0 -262 9997 3
1 0 0 0 773 -634 3
1 0 1 0 -4388 8986 3
1 0 0 0 -4067 9135 3
1 0 0 0 -4067 9135 3
1 0 1 0 2863 9581 3
1 0 1 0 2863 9581 3
1 0 1 0 2863 9581 3
1 0 1 0 2863 9581 3
1 0 1 0 2863 9581 3
1 0 1 0 2863 9581 3
1 0 0 0 556 831 3
1 0 0 0 556 831 3
1 0 0 0 556 831 3
1 0 0 0 556 831 3
1 0 0 0 556 831 3
1 0 0 0 556 831 3
1 0 1 0 1609 9870 3
1 0 1 0 2851 9585 3
1 0 1 0 2851 9585 3
1 0 1 0 2851 9585 3
1 0 1 0 2857 9583 3
1 0 1 0 2857 9583 3
1 0 0 1 9881 -1540 3
1 0 1 0 972 9953 3
1 0 1 0 972 9953 3
1 0 1 0 972 9953 3
1 0 0 0 290 957 3
1 0 0 0 290 957 3
1 0 1 0 -935 9956 3
1 0 1 0 -935 9956 3
1 0 0 0 0 1000 3
1 0 1 0 -4926 8703 3
1 0 0 0 0 1000 3
1 0 1 0 -2888 9574 3
1 0 1 0 -2888 9574 3
1 0 0 0 -195 981 3
1 0 1 0 4540 -8910 3
1 0 0 0 -195 981 3
1 0 0 0 -195 981 3
1 0 1 0 2974 -9548 3
-1 0 1 0 383 -924 3
1 0 1 0 2974 -9548 3
-1 0 1 0 383 -924 3
1 1 1 0 383 -924 3
-1 1 1 0 383 -924 3
0 0 1 0 383 -924 3
-1 0 1 0 383 -924 3
-1 0 1 0 383 -924 3
-1 0 1 0 383 -924 3
-1 0 1 0 383 -924 3
-1 0 1 0 383 -924 3
-1 0 1 0 383 -924 3
-1 0 1 0 383 -924 3
-1 0 1 1 9392 3433 3
0 0 1 0 383 -924 3
-1 0 1 0 383 -924 3
-1 0 1 0 383 -924 3
-1 0 0 0 383 -924 3
0 0 1 0 9969 -785 3
1 0 0 0 995 -96 3
1 0 0 0 995 -96 3
0 0 0 0 995 -96 3
0 0 1 0 9877 1564 3
1 0 0 0 9781 2079 3
1 0 0 0 9781 2079 3
0 0 1 0 7730 6344 3
1 0 0 0 7730 6344 3
0 0 1 0 7782 6280 3
1 0 1 0 7782 6280 3
1 0 0 0 882 471 3
1 0 1 0 4462 8949 3
1 0 0 0 4305 9026 3
1 0 0 0 4305 9026 3
1 0 1 0 4728 8812 3
1 0 1 0 4728 8812 3
1 0 1 0 4728 8812 3
1 0 1 0 4728 8812 3
1 1 1 0 4728 8812 3
1 1 1 0 882 471 3
1 1 1 0 882 471 3
1 1 1 0 882 471 3
1 1 1 0 882 471 3
1 1 1 0 882 471 3
1 0 1 1 -3288 -9444 3
1 0 1 1 -5506 -8348 3
1 0 0 0 926 -379 3
1 0 0 0 926 -379 3
1 0 0 0 926 -379 3
1 0 0 0 926 -379 3
1 0 0 0 926 -379 3
1 0 1 0 3917 -9201 3
1 0 0 0 -924 383 3
1 0 0 0 -924 383 3
1 0 0 0 -924 383 3
1 0 0 0 -924 383 3
1 0 1 0 4714 -8819 3
1 0 1 0 4714 -8819 3
1 0 0 0 707 -707 3
1 0 0 0 707 -707 3
1 0 0 0 707 -707 3
1 0 0 0 707 -707 3
0 0 0 0 -9569 2903 3
1 0 1 0 2898 9571 3
1 0 1 0 2903 9569 3
0 0 0 0 2903 9569 3
1 0 1 0 -2903 9569 3
-1 0 1 0 -2903 9569 3
1 0 0 0 -2903 9569 3
-1 0 1 0 -9591 2832 3
0 0 1 0 -9613 2756 3
0 0 1 0 -9613 2756 3
-1 0 1 0 -957 290 3
-1 0 1 0 -957 290 3
-1 0 1 0 -957 290 3
-1 0 1 0 -957 290 3
-1 0 1 0 -957 290 3
0 0 1 0 -957 290 3
-1 0 1 0 -957 290 3
-1 0 1 0 -957 290 3
-1 0 1 1 450 -9990 3
-1 0 0 0 0 -1000 3
-1 0 1 0 -4866 -8736 3
-1 0 0 0 0 -1000 3
-1 0 0 0 0 -1000 3
-1 0 0 0 0 -1000 3
-1 0 1 0 4714 8819 3
1 0 1 0 4617 8870 3
1 0 0 0 4617 8870 3
0 0 1 0 6299 7766 3
1 0 1 0 4617 8870 3
1 0 1 0 4617 8870 3
1 0 0 0 4714 8819 3
1 0 1 0 9848 1736 3
-1 0 1 0 9848 1736 3
1 0 1 0 9171 3987 3
1 0 1 0 9171 3987 3
1 0 1 0 9171 3987 3
1 0 1 0 9171 3987 3
1 0 1 0 9171 3987 3
1 0 1 0 9171 3987 3
1 0 0 0 9171 3987 3
1 0 1 0 5519 -8339 3
1 0 0 0 672 -740 3
1 0 1 0 5000 -8660 3
1 0 1 0 5000 -8660 3
1 0 0 0 5000 -8660 3
1 0 0 0 489 -872 3
1 0 0 0 489 -872 3
1 0 0 0 489 -872 3
1 0 0 0 489 -872 3
1 0 0 0 489 -872 3
1 0 1 0 -2211 9753 3
1 0 1 0 -4749 8800 3
1 0 1 0 -4749 8800 3
0 0 1 0 -4749 8800 3
-1 0 0 0 -981 195 3
-1 0 1 0 -9062 -4229 3
-1 0 1 0 -9062 -4229 3
-1 0 1 1 9239 -3827 3
-1 0 0 0 9239 -3827 3
-1 0 1 0 -5299 -8480 3
-1 0 0 0 924 -383 3
-1 0 1 0 -4714 -8819 3
-1 1 0 0 -496 -868 3
-1 0 1 0 981 -195 3
-1 0 0 0 981 -195 3
-1 0 1 0 -957 -290 3
-1 0 0 0 -957 -290 3
-1 0 1 0 -70 998 3
-1 0 1 0 -70 998 3
-1 0 1 0 -70 998 3
-1 0 0 0 -70 998 3
-1 0 1 0 -773 634 3
-1 0 0 0 -773 634 3
-1 0 1 0 92 996 3
-1 0 0 0 92 996 3
-1 0 1 0 122 993 3
0 0 1 0 122 993 3
-1 0 1 0 122 993 3
0 0 0 0 122 993 3
0 0 1 0 995 98 3
1 0 1 0 995 98 3
1 0 1 0 995 98 3
1 0 1 0 995 98 3
1 0 1 1 707 -707 3
1 0 1 0 707 -707 3
1 0 1 0 707 -707 3
1 0 1 0 707 -707 3
1 0 1 0 707 -707 3
0 0 0 0 707 -707 3
1 1 1 0 195 981 3
-1 0 1 0 195 981 3
