-1 0 1 0 -234 -972 -1
1 0 1 0 -234 -972 -1
0 0 1 0 -234 -972 -1
0 0 1 0 -234 -972 -1
0 0 1 0 -234 -972 -1
0 0 1 0 -234 -972 -1
-1 0 0 0 -98 -995 -1
-1 0 1 0 924 -381 -1
-1 0 1 0 924 -381 -1
-1 0 1 0 924 -381 -1
0 0 1 0 924 -381 -1
0 0 1 0 924 -381 -1
1 0 1 0 924 -381 -1
0 0 1 0 924 -381 -1
0 0 1 0 924 -381 -1
1 0 1 0 924 -381 -1
0 0 1 0 924 -381 -1
-1 0 1 0 924 -381 -1
1 0 1 0 924 -381 -1
1 0 0 0 924 -383 -1
1 0 1 0 752 659 -1
1 0 1 0 752 659 -1
1 0 1 0 752 659 -1
1 0 0 0 752 659 -1
1 0 0 0 773 634 -1
1 0 1 0 707 707 -1
1 0 1 0 707 707 -1
1 0 1 0 707 707 -1
1 0 1 0 -981 -195 -1
1 0 0 0 -981 -195 -1
1 0 1 0 383 924 -1
1 0 1 0 383 924 -1
1 0 0 0 383 924 -1
1 0 1 0 -981 195 -1
1 0 1 0 -981 195 -1
1 0 1 0 -981 195 -1
1 0 0 0 -981 195 -1
1 0 0 0 -981 195 -1
1 0 1 0 786 -618 -1
1 0 1 0 786 -618 -1
1 0 1 0 786 -618 -1
1 0 1 0 786 -618 -1
1 0 1 0 786 -618 -1
1 0 0 0 773 -634 -1
1 0 1 0 779 -627 -1
1 0 1 0 779 -627 -1
1 0 1 0 779 -627 -1
1 0 1 0 779 -627 -1
1 0 1 0 779 -627 -1
1 0 0 0 773 -634 -1
1 0 1 0 787 -616 -1
1 0 1 0 787 -616 -1
1 0 1 0 787 -616 -1
1 0 1 0 787 -616 -1
1 0 1 0 787 -616 -1
1 0 1 0 787 -616 -1
1 0 1 0 787 -616 -1
1 0 0 0 773 -634 -1
1 0 1 0 580 -815 -1
1 0 1 0 580 -815 -1
1 0 1 0 580 -815 -1
1 0 1 0 580 -815 -1
1 0 1 0 580 -815 -1
1 0 1 0 580 -815 -1
1 1 0 0 634 -773 -1
1 0 0 0 634 -773 -1
1 0 0 0 634 -773 -1
1 0 1 0 139 990 -1
1 0 0 0 139 990 -1
1 1 1 0 122 993 -1
1 0 0 0 122 993 -1
1 0 1 0 118 993 -1
1 0 0 0 118 993 -1
1 0 1 0 92 996 -1
1 0 0 0 92 996 -1
1 0 1 0 383 924 -1
1 0 1 0 383 924 -1
1 0 1 0 383 924 -1
1 0 0 0 383 924 -1
1 0 1 0 924 -383 -1
1 0 1 0 924 -383 -1
1 0 0 0 924 -383 -1
1 0 1 0 -290 -957 -1
1 0 1 0 -290 -957 -1
1 0 0 0 -290 -957 -1
1 0 1 0 957 -290 -1
1 0 1 0 957 -290 -1
1 0 1 0 957 -290 -1
1 0 1 0 957 -290 -1
1 0 1 0 957 -290 -1
1 0 1 0 957 -290 -1
1 0 1 0 957 -290 -1
1 0 1 0 957 -290 -1
1 0 0 0 957 -290 -1
1 0 1 0 773 -634 -1
1 0 1 0 773 -634 -1
1 0 1 0 773 -634 -1
1 0 1 0 773 -634 -1
1 0 1 0 773 -634 -1
1 0 1 0 773 -634 -1
1 0 1 0 773 -634 -1
1 0 0 0 773 -634 -1
1 0 1 0 634 -773 -1
1 0 0 0 634 -773 -1
1 0 1 0 882 471 -1
1 0 0 0 882 471 -1
1 0 1 0 957 -290 -1
1 0 1 0 957 -290 -1
1 0 1 0 957 -290 -1
1 0 1 0 957 -290 -1
1 0 1 0 957 -290 -1
1 0 1 0 957 -290 -1
1 0 1 0 957 -290 -1
1 0 1 0 957 -290 -1
1 0 1 0 957 -290 -1
1 0 1 0 957 -290 -1
1 0 1 0 957 -290 -1
1 0 1 0 957 -290 -1
1 0 1 0 957 -290 -1
1 0 1 0 957 -290 -1
1 0 1 0 957 -290 -1
1 0 1 0 957 -290 -1
1 0 0 0 957 -290 -1
1 0 1 0 195 981 -1
1 1 0 0 195 981 -1
1 0 1 0 126 992 -1
1 0 0 0 126 992 -1
1 0 1 0 195 981 -1
1 0 1 0 195 981 -1
1 0 1 0 195 981 -1
1 0 0 0 195 981 -1
1 0 1 0 831 556 -1
1 0 1 0 831 556 -1
1 0 0 0 831 556 -1
1 0 1 0 195 981 -1
1 0 1 0 195 981 -1
1 0 1 0 195 981 -1
1 0 0 0 195 981 -1
1 0 1 0 195 981 -1
1 0 1 0 195 981 -1
1 0 1 0 195 981 -1
1 0 0 0 195 981 -1
1 0 0 0 195 981 -1
1 1 1 0 290 957 -1
1 0 1 0 290 957 -1
1 0 1 0 290 957 -1
1 0 0 0 290 957 -1
1 0 0 0 290 957 -1
1 0 1 0 -290 957 -1
1 0 1 0 -290 957 -1
1 0 1 0 -290 957 -1
1 0 1 0 -290 957 -1
1 0 1 0 -290 957 -1
1 0 1 0 -290 957 -1
1 0 0 0 -290 957 -1
1 0 1 0 995 98 -1
1 0 1 0 995 98 -1
1 0 1 0 995 98 -1
1 0 0 0 995 98 -1
1 0 1 0 -773 634 -1
1 0 1 0 -773 634 -1
1 0 1 0 -773 634 -1
1 0 0 0 -773 634 -1
1 0 1 0 195 -981 -1
1 0 1 0 195 -981 -1
1 0 1 0 195 -981 -1
1 0 0 0 195 -981 -1
1 0 1 0 471 882 -1
1 0 0 0 471 882 -1
1 0 1 0 882 471 -1
1 0 1 0 882 471 -1
1 0 1 0 882 471 -1
1 0 1 0 882 471 -1
1 0 1 0 882 471 -1
1 0 1 0 882 471 -1
1 0 0 0 882 471 -1
1 0 1 0 195 -981 -1
1 0 1 0 195 -981 -1
1 0 0 0 195 -981 -1
1 0 0 0 195 -981 -1
1 0 1 0 924 -383 -1
1 0 1 0 924 -383 -1
1 0 0 0 924 -383 -1
1 0 1 0 471 -882 -1
1 0 1 0 471 -882 -1
1 0 0 0 471 -882 -1
1 0 1 0 882 -471 -1
1 0 1 0 882 -471 -1
1 0 1 0 882 -471 -1
1 0 0 0 882 -471 -1
1 0 1 0 383 924 -1
1 0 1 0 383 924 -1
1 0 1 0 383 924 -1
1 0 1 0 383 924 -1
1 0 1 0 383 924 -1
1 0 1 0 383 924 -1
1 0 0 0 383 924 -1
1 0 1 0 -924 383 -1
1 0 1 0 -924 383 -1
1 0 0 0 -924 383 -1
1 0 1 0 -98 -995 -1
1 0 1 0 -98 -995 -1
1 0 0 0 -98 -995 -1
1 0 1 0 634 -773 -1
1 0 1 0 634 -773 -1
1 0 1 0 634 -773 -1
1 0 1 0 634 -773 -1
1 0 1 0 634 -773 -1
1 0 1 0 634 -773 -1
1 0 1 0 634 -773 -1
1 0 0 0 634 -773 -1
1 0 0 0 634 -773 -1
1 0 0 0 634 -773 -1
1 0 1 0 182 -983 -1
1 0 0 0 182 -983 -1
1 0 1 0 118 -993 -1
1 0 0 0 118 -993 -1
1 0 0 0 118 -993 -1
1 0 1 0 74 -997 -1
1 0 0 0 74 -997 -1
1 0 1 0 -195 -981 -1
1 0 1 0 -195 -981 -1
1 0 0 0 -195 -981 -1
1 1 1 0 100 995 -1
1 0 0 0 100 995 -1
1 0 1 0 290 957 -1
1 0 1 0 290 957 -1
1 0 0 0 290 957 -1
1 0 1 0 290 -957 -1
1 0 0 0 290 -957 -1
1 0 1 0 383 924 -1
1 0 1 0 383 924 -1
1 0 1 0 383 924 -1
1 0 1 0 383 924 -1
1 0 1 0 383 924 -1
1 0 0 0 383 924 -1
1 0 0 0 383 924 -1
1 0 1 0 -98 995 -1
1 0 0 0 -98 995 -1
1 0 1 0 383 -924 -1
1 0 1 0 383 -924 -1
1 0 1 0 383 -924 -1
1 0 1 0 383 -924 -1
1 0 0 0 383 -924 -1
1 0 1 0 831 -556 -1
1 0 1 0 831 -556 -1
1 0 0 0 831 -556 -1
1 0 1 0 924 -383 -1
1 0 0 0 924 -383 -1
1 0 1 0 882 471 -1
1 0 1 0 882 471 -1
1 0 1 0 882 471 -1
1 0 1 0 882 471 -1
1 0 0 0 882 471 -1
1 0 1 0 135 -991 -1
1 0 0 0 135 -991 -1
1 0 1 0 471 -882 -1
1 0 1 0 471 -882 -1
1 0 1 0 471 -882 -1
1 0 1 0 471 -882 -1
1 0 0 0 471 -882 -1
1 0 0 0 471 -882 -1
1 1 1 0 981 195 -1
1 0 1 0 981 195 -1
1 0 0 0 981 195 -1
1 0 1 0 96 995 -1
1 0 0 0 96 995 -1
1 0 0 0 96 995 -1
1 0 1 0 -243 970 -1
1 0 1 0 -243 970 -1
1 0 0 0 -243 970 -1
1 0 1 0 -924 383 -1
1 0 1 0 -924 383 -1
1 0 0 0 -924 383 -1
1 0 1 0 -924 -383 -1
1 0 0 0 -924 -383 -1
1 0 1 0 0 -1000 -1
1 0 1 0 0 -1000 -1
1 0 1 0 0 -1000 -1
1 0 0 0 0 -1000 -1
1 0 1 0 471 882 -1
1 0 1 0 471 882 -1
1 0 1 0 471 882 -1
1 0 0 0 471 882 -1
1 0 1 0 957 -290 -1
1 0 1 0 957 -290 -1
1 0 1 0 957 -290 -1
1 0 1 0 957 -290 -1
1 0 1 0 957 -290 -1
1 0 1 0 957 -290 -1
1 0 1 0 957 -290 -1
1 0 0 0 957 -290 -1
1 0 1 0 -471 -882 -1
1 0 0 0 -471 -882 -1
1 0 1 0 -904 -428 -1
1 0 1 0 -904 -428 -1
1 0 1 0 -904 -428 -1
1 0 1 0 -904 -428 -1
1 0 0 0 -904 -428 -1
1 0 1 0 -634 -773 -1
1 0 0 0 -634 -773 -1
1 0 1 0 981 -195 -1
1 0 1 0 981 -195 -1
1 0 1 0 981 -195 -1
1 0 1 0 981 -195 -1
1 0 0 0 981 -195 -1
1 0 1 0 148 -989 -1
1 0 0 0 148 -989 -1
1 0 1 0 556 831 -1
1 0 0 0 556 831 -1
1 0 1 0 634 -773 -1
1 0 1 0 634 -773 -1
1 0 1 0 634 -773 -1
1 0 1 0 634 -773 -1
1 0 0 0 634 -773 -1
1 0 1 0 556 -831 -1
1 0 1 0 556 -831 -1
1 0 1 0 556 -831 -1
1 0 1 0 556 -831 -1
1 0 0 0 556 -831 -1
1 0 1 0 514 -858 -1
1 0 1 0 514 -858 -1
1 0 1 0 514 -858 -1
1 0 1 0 514 -858 -1
1 0 0 0 514 -858 -1
1 0 1 0 -741 672 -1
1 0 0 0 -741 672 -1
1 0 1 0 -65 998 -1
1 0 0 0 -65 998 -1
1 0 1 0 556 -831 -1
1 0 1 0 556 -831 -1
1 0 1 0 556 -831 -1
1 0 1 0 556 -831 -1
1 0 1 0 556 -831 -1
1 0 0 0 556 -831 -1
1 0 1 0 -98 -995 -1
1 0 0 0 -98 -995 -1
1 0 1 0 596 -803 -1
1 0 1 0 596 -803 -1
1 0 1 0 596 -803 -1
1 0 0 0 596 -803 -1
1 0 1 0 471 -882 -1
1 0 1 0 471 -882 -1
1 0 0 0 471 -882 -1
1 0 0 0 471 -882 -1
1 0 1 0 904 428 -1
1 0 1 0 904 428 -1
1 0 1 0 904 428 -1
1 0 0 0 904 428 -1
1 0 1 0 -290 -957 -1
1 0 1 0 -290 -957 -1
1 1 1 0 -290 -957 -1
1 0 1 0 -290 -957 -1
1 0 1 0 -290 -957 -1
1 0 1 0 -290 -957 -1
1 0 1 0 -290 -957 -1
1 0 1 0 -290 -957 -1
1 0 1 0 -290 -957 -1
1 0 0 0 -290 -957 -1
1 0 1 0 -760 -649 -1
1 0 1 0 -760 -649 -1
1 0 0 0 -760 -649 -1
1 0 1 0 -147 -989 -1
1 0 1 0 -147 -989 -1
1 0 1 0 -147 -989 -1
1 0 0 0 -147 -989 -1
1 0 1 0 428 904 -1
1 0 1 0 428 904 -1
1 0 1 0 428 904 -1
1 0 1 0 428 904 -1
1 0 1 0 428 904 -1
1 0 1 0 428 904 -1
1 0 1 0 428 904 -1
1 0 1 0 428 904 -1
1 0 1 0 428 904 -1
-1 0 1 0 428 904 -1
0 0 1 0 428 904 -1
-1 0 1 0 428 904 -1
-1 0 1 0 428 904 -1
0 0 1 0 428 904 -1
1 0 1 0 428 904 -1
1 0 1 0 428 904 -1
1 0 0 0 428 904 -1
0 0 1 0 290 957 -1
0 0 1 0 290 957 -1
1 0 1 0 290 957 -1
1 0 1 0 290 957 -1
1 0 1 0 290 957 -1
1 0 1 0 290 957 -1
1 0 0 0 290 957 -1
1 0 1 0 -191 982 -1
1 0 1 0 -191 982 -1
1 0 1 0 -191 982 -1
1 0 1 0 -191 982 -1
0 0 1 0 -191 982 -1
1 0 0 0 -191 982 -1
1 0 1 0 -831 556 -1
1 0 0 0 -831 556 -1
1 0 1 0 -858 514 -1
1 0 1 0 -858 514 -1
1 0 0 0 -858 514 -1
1 0 1 0 -887 462 -1
1 0 0 0 -887 462 -1
1 0 1 0 -901 434 -1
1 0 0 0 -901 434 -1
1 0 1 0 -912 411 -1
1 0 1 0 -912 411 -1
1 0 0 0 -912 411 -1
1 0 1 0 -924 383 -1
1 0 1 0 -924 383 -1
-1 0 0 0 -924 383 -1
-1 0 1 0 383 -924 -1
-1 0 1 0 383 -924 -1
-1 0 0 0 383 -924 -1
-1 0 1 0 -970 -243 -1
-1 0 1 0 -970 -243 -1
-1 0 0 0 -970 -243 -1
-1 0 1 0 -904 -428 -1
-1 0 0 0 -904 -428 -1
-1 0 1 0 -882 -471 -1
-1 0 0 0 -882 -471 -1
-1 0 1 0 -831 -556 -1
-1 0 0 0 -831 -556 -1
-1 0 1 0 -924 383 -1
-1 0 1 0 -924 383 -1
-1 0 1 0 -924 383 -1
-1 0 0 0 -924 383 -1
-1 0 1 0 -989 -147 -1
-1 0 0 0 -989 -147 -1
-1 0 1 0 -834 -552 -1
-1 0 1 0 -834 -552 -1
-1 0 1 0 -834 -552 -1
-1 0 0 0 -834 -552 -1
-1 0 1 0 -672 -741 -1
-1 0 1 0 -672 -741 -1
-1 0 0 0 -672 -741 -1
-1 0 1 0 -556 -831 -1
-1 0 1 0 -556 -831 -1
-1 0 0 0 -556 -831 -1
-1 0 1 0 -428 -904 -1
-1 0 1 0 -428 -904 -1
-1 0 0 0 -428 -904 -1
-1 0 1 0 -337 -942 -1
-1 0 0 0 -337 -942 -1
-1 0 1 0 -195 -981 -1
-1 0 0 0 -195 -981 -1
-1 0 0 0 -195 -981 -1
-1 0 1 0 -428 -904 -1
-1 1 1 0 -428 -904 -1
-1 0 0 0 -428 -904 -1
-1 0 1 0 -741 -672 -1
-1 0 1 0 -741 -672 -1
-1 0 1 0 -741 -672 -1
-1 0 0 0 -741 -672 -1
-1 0 1 0 957 290 -1
-1 0 1 0 957 290 -1
-1 0 1 0 957 290 -1
-1 0 1 0 957 290 -1
-1 0 0 0 957 290 -1
-1 0 1 0 -195 981 -1
-1 0 1 0 -195 981 -1
-1 0 0 0 -195 981 -1
-1 1 1 0 672 741 -1
-1 0 1 0 672 741 -1
-1 0 1 0 672 741 -1
-1 0 1 0 672 741 -1
-1 0 0 0 672 741 -1
-1 0 0 0 672 741 -1
-1 0 1 0 -49 999 -1
-1 0 0 0 -49 999 -1
-1 0 0 0 -49 999 -1
-1 1 1 0 -98 995 -1
-1 0 0 0 -98 995 -1
-1 0 0 0 -98 995 -1
-1 0 1 0 -290 -957 -1
-1 0 1 0 -290 -957 -1
-1 0 0 0 -290 -957 -1
-1 0 1 0 -596 803 -1
-1 0 1 0 -596 803 -1
-1 0 1 0 -596 803 -1
-1 0 1 0 -596 803 -1
-1 0 1 0 -596 803 -1
-1 0 0 0 -596 803 -1
-1 0 1 0 -596 -803 -1
-1 0 0 0 -596 -803 -1
-1 0 1 0 -290 -957 -1
-1 0 1 0 -290 -957 -1
-1 0 0 0 -290 -957 -1
-1 0 1 0 337 -942 -1
-1 0 1 0 337 -942 -1
-1 0 0 0 337 -942 -1
-1 0 1 0 -904 -428 -1
-1 0 1 0 -904 -428 -1
-1 0 1 0 -904 -428 -1
-1 0 0 0 -904 -428 -1
-1 0 1 0 -981 -195 -1
-1 0 1 0 -981 -195 -1
-1 0 1 0 -981 -195 -1
-1 0 1 0 -981 -195 -1
-1 0 0 0 -981 -195 -1
-1 0 1 0 -514 -858 -1
-1 0 0 0 -514 -858 -1
-1 0 0 0 -514 -858 -1
-1 0 1 0 -773 -634 -1
-1 0 1 0 -773 -634 -1
-1 0 1 0 -773 -634 -1
-1 0 1 0 -773 -634 -1
-1 0 1 0 -773 -634 -1
-1 0 1 0 -773 -634 -1
-1 0 1 0 -773 -634 -1
-1 0 1 0 -773 -634 -1
-1 0 0 0 -773 -634 -1
-1 0 1 0 -596 803 -1
-1 0 0 0 -596 803 -1
-1 0 1 0 773 634 -1
-1 0 0 0 773 634 -1
-1 0 1 0 -904 -428 -1
-1 0 0 0 -904 -428 -1
-1 0 1 0 -204 -979 -1
-1 0 0 0 -204 -979 -1
-1 0 1 0 -634 -773 -1
-1 0 1 0 -634 -773 -1
-1 0 0 0 -634 -773 -1
-1 0 1 0 -337 -942 -1
-1 0 1 0 -337 -942 -1
-1 0 0 0 -337 -942 -1
-1 0 0 0 -337 -942 -1
-1 0 1 0 -556 -831 -1
-1 0 1 0 -556 -831 -1
-1 0 1 0 -556 -831 -1
-1 0 1 0 -556 -831 -1
-1 0 1 0 -556 -831 -1
-1 0 1 0 -556 -831 -1
-1 0 0 0 -556 -831 -1
-1 0 1 0 672 -741 -1
-1 0 0 0 672 -741 -1
-1 0 1 0 337 -942 -1
-1 0 1 0 337 -942 -1
-1 0 1 0 337 -942 -1
-1 0 0 0 337 -942 -1
-1 0 1 0 -596 -803 -1
-1 0 1 0 -596 -803 -1
-1 0 1 0 -596 -803 -1
-1 0 1 0 -596 -803 -1
-1 0 0 0 -596 -803 -1
-1 0 1 0 -383 -924 -1
-1 0 1 0 -383 -924 -1
-1 0 0 0 -383 -924 -1
-1 0 0 0 -383 -924 -1
-1 0 1 0 858 514 -1
-1 0 0 0 858 514 -1
-1 0 1 0 -337 -942 -1
-1 0 1 0 -337 -942 -1
-1 0 0 0 -337 -942 -1
-1 0 1 0 -290 -957 -1
-1 0 1 0 -290 -957 -1
-1 0 0 0 -290 -957 -1
-1 1 1 0 -290 957 -1
-1 0 1 0 -290 957 -1
-1 0 1 0 -290 957 -1
-1 0 0 0 -290 957 -1
-1 0 1 0 -471 882 -1
-1 0 0 0 -471 882 -1
-1 0 1 0 -243 970 -1
-1 0 1 0 -243 970 -1
-1 0 0 0 -243 970 -1
-1 0 1 0 -290 957 -1
-1 0 1 0 -290 957 -1
-1 0 1 0 -290 957 -1
-1 0 0 0 -290 957 -1
-1 0 0 0 -290 957 -1
-1 0 1 0 243 -970 -1
-1 0 0 0 243 -970 -1
-1 0 1 0 -831 556 -1
-1 0 0 0 -831 556 -1
-1 0 0 0 -831 556 -1
-1 0 1 0 337 -942 -1
-1 0 0 0 337 -942 -1
-1 0 1 0 514 858 -1
-1 0 0 0 514 858 -1
-1 0 1 0 741 672 -1
-1 0 1 0 741 672 -1
-1 0 0 0 741 672 -1
-1 0 1 0 49 999 -1
-1 0 0 0 49 999 -1
-1 0 1 0 98 995 -1
-1 0 1 0 98 995 -1
-1 0 0 0 98 995 -1
-1 0 1 0 -596 -803 -1
-1 0 1 0 -596 -803 -1
-1 0 1 0 -596 -803 -1
-1 0 1 0 -596 -803 -1
-1 0 1 0 -596 -803 -1
-1 0 0 0 -596 -803 -1
-1 0 1 0 -514 -858 -1
-1 0 0 0 -514 -858 -1
-1 0 1 0 428 -904 -1
-1 0 1 0 428 -904 -1
-1 1 1 0 428 -904 -1
-1 0 1 0 428 -904 -1
-1 0 1 0 428 -904 -1
-1 0 1 0 428 -904 -1
-1 0 1 0 428 -904 -1
-1 0 0 0 428 -904 -1
-1 0 1 0 701 -713 -1
-1 0 1 0 701 -713 -1
-1 0 0 0 701 -713 -1
-1 0 1 0 777 -629 -1
-1 0 0 0 777 -629 -1
-1 0 1 0 809 -588 -1
-1 0 0 0 809 -588 -1
-1 0 0 0 809 -588 -1
-1 0 1 0 428 -904 -1
-1 0 1 0 428 -904 -1
-1 0 1 0 428 -904 -1
-1 0 1 0 428 -904 -1
-1 0 1 0 428 -904 -1
-1 0 1 0 428 -904 -1
-1 0 0 0 428 -904 -1
-1 0 1 0 -301 954 -1
-1 0 0 0 -301 954 -1
-1 0 1 0 -263 965 -1
-1 0 0 0 -263 965 -1
-1 0 1 0 -233 972 -1
-1 0 1 0 -233 972 -1
-1 0 0 0 -233 972 -1
-1 0 1 0 -182 983 -1
-1 0 0 0 -182 983 -1
-1 0 1 0 -147 989 -1
-1 0 0 0 -147 989 -1
-1 0 1 0 -98 995 -1
-1 0 1 0 -98 995 -1
-1 0 0 0 -98 995 -1
-1 0 1 0 -831 556 -1
-1 0 1 0 -831 556 -1
-1 0 0 0 -831 556 -1
-1 0 1 0 -970 243 -1
-1 0 0 0 -970 243 -1
-1 0 1 0 -957 290 -1
-1 0 1 0 -957 290 -1
-1 0 0 0 -957 290 -1
-1 0 1 0 -672 -741 -1
-1 0 1 0 -672 -741 -1
-1 0 1 0 -672 -741 -1
-1 0 0 0 -672 -741 -1
-1 0 1 0 -147 989 -1
-1 0 1 0 -147 989 -1
-1 0 0 0 -147 989 -1
-1 0 1 0 49 999 -1
-1 0 0 0 49 999 -1
-1 0 0 0 49 999 -1
-1 0 1 0 98 995 -1
-1 0 0 0 98 995 -1
-1 0 1 0 147 989 -1
-1 0 0 0 147 989 -1
-1 0 1 0 147 989 -1
-1 0 0 0 147 989 -1
-1 0 0 0 147 989 -1
-1 0 1 0 970 -243 -1
-1 0 1 0 970 -243 -1
-1 0 1 0 970 -243 -1
-1 0 1 0 970 -243 -1
-1 0 0 0 970 -243 -1
-1 0 1 0 741 672 -1
-1 0 0 0 741 672 -1
-1 0 1 0 882 471 -1
-1 0 0 0 882 471 -1
-1 0 1 0 -514 -858 -1
-1 0 0 0 -514 -858 -1
-1 0 1 0 -428 -904 -1
-1 0 0 0 -428 -904 -1
-1 0 1 0 -942 -337 -1
-1 0 0 0 -942 -337 -1
-1 0 1 0 -383 -924 -1
-1 0 0 0 -383 -924 -1
-1 0 1 0 -634 -773 -1
-1 0 1 0 -634 -773 -1
-1 0 1 0 -634 -773 -1
-1 0 0 0 -634 -773 -1
-1 0 1 0 -428 -904 -1
-1 0 1 0 -428 -904 -1
-1 0 0 0 -428 -904 -1
-1 0 1 0 -471 -882 -1
-1 0 1 0 -471 -882 -1
-1 0 1 0 -471 -882 -1
-1 0 1 0 -471 -882 -1
-1 0 1 0 -471 -882 -1
-1 1 1 0 -471 -882 -1
-1 0 0 0 -471 -882 -1
-1 0 0 0 -471 -882 -1
-1 0 1 0 428 904 -1
-1 0 0 0 428 904 -1
-1 0 0 0 428 904 -1
-1 0 1 0 -989 147 -1
-1 0 1 0 -989 147 -1
-1 0 1 0 -989 147 -1
-1 0 0 0 -989 147 -1
-1 0 1 0 -803 596 -1
-1 0 1 0 -803 596 -1
-1 0 1 0 -803 596 -1
-1 0 1 0 -803 596 -1
-1 0 1 0 -803 596 -1
-1 0 1 0 -803 596 -1
-1 0 1 0 -803 596 -1
-1 0 1 0 -803 596 -1
-1 0 1 0 -803 596 -1
-1 0 1 0 -803 596 -1
-1 0 1 0 -803 596 -1
-1 0 0 0 -803 596 -1
-1 0 1 0 -556 -831 -1
-1 0 0 0 -556 -831 -1
-1 0 1 0 87 -996 -1
-1 0 0 0 87 -996 -1
-1 0 1 0 -428 904 -1
-1 0 0 0 -428 904 -1
-1 0 1 0 -882 -471 -1
-1 0 1 0 -882 -471 -1
-1 0 1 0 -882 -471 -1
-1 0 0 0 -882 -471 -1
-1 0 1 0 -243 970 -1
-1 0 1 0 -243 970 -1
-1 0 1 0 -243 970 -1
-1 0 0 0 -243 970 -1
-1 0 1 0 -49 -999 -1
-1 0 0 0 -49 -999 -1
-1 0 1 0 98 995 -1
-1 0 0 0 98 995 -1
-1 0 1 0 290 957 -1
-1 0 0 0 290 957 -1
-1 0 1 0 49 999 -1
-1 0 1 0 49 999 -1
-1 0 1 0 49 999 -1
-1 0 0 0 49 999 -1
-1 0 1 0 0 1000 -1
-1 0 1 0 0 1000 -1
-1 0 1 0 0 1000 -1
-1 0 0 0 0 1000 -1
-1 0 1 0 -634 -773 -1
-1 0 1 0 -634 -773 -1
-1 0 1 0 -634 -773 -1
-1 0 0 0 -634 -773 -1
-1 0 1 0 -383 -924 -1
-1 0 0 0 -383 -924 -1
-1 0 1 0 -337 -942 -1
-1 0 0 0 -337 -942 -1
-1 0 1 0 -243 -970 -1
-1 0 0 0 -243 -970 -1
-1 0 1 0 -195 -981 -1
-1 0 0 0 -195 -981 -1
-1 0 0 0 -195 -981 -1
-1 0 1 0 -147 -989 -1
-1 0 1 0 -147 -989 -1
-1 0 0 0 -147 -989 -1
-1 0 1 0 0 -1000 -1
-1 0 0 0 0 -1000 -1
-1 0 1 0 -803 -596 -1
-1 0 1 0 -803 -596 -1
-1 0 1 0 -803 -596 -1
-1 0 1 0 -803 -596 -1
-1 0 1 0 -803 -596 -1
-1 0 1 0 -803 -596 -1
-1 0 1 0 -803 -596 -1
-1 0 0 0 -803 -596 -1
-1 0 0 0 -803 -596 -1
-1 0 1 0 -147 989 -1
-1 0 1 0 -147 989 -1
-1 0 0 0 -147 989 -1
-1 0 1 0 -1000 0 -1
-1 0 0 0 -1000 0 -1
-1 0 1 0 98 995 -1
-1 0 0 0 98 995 -1
-1 0 1 0 98 995 -1
-1 0 0 0 98 995 -1
-1 0 0 0 98 995 -1
-1 0 1 0 126 992 -1
-1 0 1 0 126 992 -1
-1 0 0 0 126 992 -1
-1 0 1 0 243 970 -1
-1 0 1 0 243 970 -1
-1 0 0 0 243 970 -1
-1 0 1 0 556 831 -1
-1 0 1 0 556 831 -1
0 0 1 0 556 831 -1
-1 0 0 0 556 831 -1
-1 0 0 0 556 831 -1
-1 0 1 0 383 924 -1
0 0 1 0 383 924 -1
0 0 1 0 383 924 -1
1 0 1 0 383 924 -1
1 0 1 0 383 924 -1
1 0 1 0 383 924 -1
1 0 1 0 383 924 -1
1 0 1 0 383 924 -1
1 0 1 0 383 924 -1
1 0 1 0 383 924 -1
1 0 1 0 383 924 -1
1 0 1 0 383 924 -1
1 0 1 0 383 924 -1
1 0 0 0 383 924 -1
1 0 1 0 831 -556 -1
1 0 1 0 831 -556 -1
1 0 0 0 831 -556 -1
1 0 1 0 722 -692 -1
1 0 1 0 722 -692 -1
1 0 0 0 722 -692 -1
1 0 1 0 831 556 -1
1 0 1 0 831 556 -1
1 0 1 0 831 556 -1
1 0 1 0 831 556 -1
1 0 0 0 831 556 -1
1 0 1 0 858 514 -1
1 0 1 0 858 514 -1
1 0 1 0 858 514 -1
1 0 0 0 858 514 -1
1 0 1 0 -989 147 -1
1 0 0 0 -989 147 -1
1 0 1 0 -924 383 -1
1 0 1 0 -924 383 -1
1 0 0 0 -924 383 -1
1 0 1 0 672 -741 -1
1 0 1 0 672 -741 -1
1 0 1 0 672 -741 -1
1 0 1 0 672 -741 -1
1 0 1 0 672 -741 -1
1 0 1 0 672 -741 -1
1 1 1 0 672 -741 -1
1 0 0 0 672 -741 -1
1 0 1 0 195 981 -1
1 0 1 0 195 981 -1
1 1 0 0 195 981 -1
1 0 1 0 707 707 -1
1 0 1 0 707 707 -1
1 0 1 0 707 707 -1
1 0 1 0 707 707 -1
1 0 1 0 707 707 -1
1 0 1 0 707 707 -1
1 0 1 0 707 707 -1
1 0 1 0 707 707 -1
1 0 1 0 707 707 -1
1 0 0 0 707 707 -1
1 1 1 0 -605 -796 -1
1 0 0 0 -605 -796 -1
1 0 1 0 -666 -746 -1
1 0 0 0 -666 -746 -1
1 0 1 0 773 634 -1
1 0 1 0 773 634 -1
1 0 1 0 773 634 -1
1 0 1 0 773 634 -1
1 0 1 0 773 634 -1
1 0 1 0 773 634 -1
1 0 1 0 773 634 -1
1 0 1 0 773 634 -1
1 0 1 0 773 634 -1
1 1 1 0 773 634 -1
1 0 1 0 773 634 -1
1 0 1 0 773 634 -1
1 0 0 0 773 634 -1
1 0 1 0 803 -596 -1
1 0 0 0 803 -596 -1
1 0 1 0 243 970 -1
1 0 1 0 243 970 -1
1 0 1 0 243 970 -1
1 0 1 0 243 970 -1
1 0 1 0 243 970 -1
1 0 0 0 243 970 -1
1 0 1 0 -98 995 -1
1 0 0 0 -98 995 -1
1 0 1 0 290 957 -1
1 0 1 0 290 957 -1
1 0 0 0 290 957 -1
1 0 1 0 514 858 -1
1 0 0 0 514 858 -1
1 0 1 0 -48 -999 -1
1 0 0 0 -48 -999 -1
1 0 1 0 -634 773 -1
1 0 1 0 -634 773 -1
1 0 1 0 -634 773 -1
1 0 0 0 -634 773 -1
1 0 1 0 383 924 -1
1 1 1 0 383 924 -1
1 0 1 0 383 924 -1
1 0 1 0 383 924 -1
1 0 0 0 383 924 -1
1 0 1 0 243 970 -1
1 0 1 0 243 970 -1
1 0 1 0 243 970 -1
1 0 1 0 243 970 -1
1 0 0 0 243 970 -1
1 0 1 0 49 999 -1
1 0 1 0 49 999 -1
1 0 0 0 49 999 -1
1 0 1 0 -858 514 -1
1 0 1 0 -858 514 -1
1 0 0 0 -858 514 -1
1 0 1 0 -147 989 -1
1 0 0 0 -147 989 -1
1 0 1 0 707 -707 -1
1 0 1 0 707 -707 -1
1 0 0 0 707 -707 -1
1 0 1 0 -243 970 -1
1 0 0 0 -243 970 -1
1 0 1 0 596 803 -1
1 0 0 0 596 803 -1
1 0 1 0 98 995 -1
1 0 1 0 98 995 -1
1 0 0 0 98 995 -1
1 0 1 0 831 -556 -1
1 0 1 0 831 -556 -1
1 0 1 0 831 -556 -1
1 0 1 0 831 -556 -1
1 0 1 0 831 -556 -1
1 0 1 0 831 -556 -1
1 0 1 0 831 -556 -1
1 0 1 0 831 -556 -1
1 0 1 0 831 -556 -1
1 0 0 0 831 -556 -1
1 0 1 0 556 -831 -1
1 0 1 0 556 -831 -1
1 0 1 0 556 -831 -1
1 0 1 0 556 -831 -1
1 0 1 0 556 -831 -1
1 0 0 0 556 -831 -1
1 1 1 0 243 970 -1
1 0 1 0 243 970 -1
1 0 0 0 243 970 -1
1 0 1 0 109 994 -1
1 0 0 0 109 994 -1
1 0 1 0 -858 514 -1
1 0 0 0 -858 514 -1
1 0 0 0 -858 514 -1
1 0 1 0 672 741 -1
1 0 1 0 672 741 -1
1 0 1 0 672 741 -1
1 0 1 0 672 741 -1
1 0 1 0 672 741 -1
1 0 1 0 672 741 -1
1 0 1 0 672 741 -1
1 0 0 0 672 741 -1
1 0 1 0 -290 -957 -1
1 1 1 0 -290 -957 -1
1 0 1 0 -290 -957 -1
1 0 0 0 -290 -957 -1
1 0 0 0 -290 -957 -1
1 0 1 0 995 -98 -1
1 0 1 0 995 -98 -1
1 0 1 0 995 -98 -1
1 0 1 0 995 -98 -1
1 0 0 0 995 -98 -1
1 0 1 0 -492 -870 -1
1 0 0 0 -492 -870 -1
1 0 1 0 -556 -831 -1
1 0 0 0 -556 -831 -1
1 0 1 0 -619 -785 -1
1 0 0 0 -619 -785 -1
1 0 0 0 -619 -785 -1
1 0 1 0 -663 -749 -1
1 0 0 0 -663 -749 -1
1 0 1 0 672 -741 -1
1 0 0 0 672 -741 -1
1 0 1 0 -596 -803 -1
1 0 0 0 -596 -803 -1
1 0 1 0 147 -989 -1
1 0 1 0 147 -989 -1
1 0 0 0 147 -989 -1
1 0 1 0 -337 942 -1
1 0 1 0 -337 942 -1
1 0 1 0 -337 942 -1
1 0 1 0 -337 942 -1
1 0 1 0 -337 942 -1
1 0 0 0 -337 942 -1
1 0 1 0 -147 989 -1
1 0 0 0 -147 989 -1
1 0 1 0 -92 996 -1
1 0 1 0 -92 996 -1
0 0 0 0 -92 996 -1
1 0 1 0 -337 942 -1
1 0 1 0 -337 942 -1
0 0 1 0 -337 942 -1
1 0 1 0 -337 942 -1
1 0 0 0 -337 942 -1
1 0 0 0 -337 942 -1
1 0 1 0 -337 942 -1
1 0 1 0 -337 942 -1
1 0 1 0 -337 942 -1
1 0 1 0 -337 942 -1
1 0 1 0 -337 942 -1
1 0 1 0 -337 942 -1
1 0 1 0 -337 942 -1
1 0 0 0 -337 942 -1
1 0 1 0 927 -375 -1
1 0 0 0 927 -375 -1
1 0 1 0 882 -471 -1
1 0 0 0 882 -471 -1
1 0 1 0 831 -556 -1
1 0 0 0 831 -556 -1
1 0 1 0 773 -634 -1
1 0 0 0 773 -634 -1
1 0 1 0 707 -707 -1
1 0 1 0 707 -707 -1
1 0 0 0 707 -707 -1
1 0 1 0 556 -831 -1
1 0 1 0 556 -831 -1
1 0 0 0 556 -831 -1
1 0 1 0 383 -924 -1
1 0 0 0 383 -924 -1
1 0 1 0 337 -942 -1
1 0 0 0 337 -942 -1
1 0 1 0 243 -970 -1
1 0 0 0 243 -970 -1
1 0 1 0 741 -672 -1
1 0 1 0 741 -672 -1
1 0 1 0 741 -672 -1
1 0 1 0 741 -672 -1
1 0 1 0 741 -672 -1
1 0 0 0 741 -672 -1
1 0 1 0 741 -672 -1
1 0 0 0 741 -672 -1
1 0 1 0 831 -556 -1
1 0 0 0 831 -556 -1
1 0 1 0 741 -672 -1
1 0 1 0 741 -672 -1
1 0 1 0 741 -672 -1
1 0 0 0 741 -672 -1
1 0 1 0 383 924 -1
1 0 0 0 383 924 -1
1 0 1 0 634 773 -1
1 0 1 0 634 773 -1
1 0 1 0 634 773 -1
1 0 1 0 634 773 -1
1 0 1 0 634 773 -1
1 0 0 0 634 773 -1
1 0 1 0 741 -672 -1
1 0 1 0 741 -672 -1
1 0 1 0 741 -672 -1
1 0 1 0 741 -672 -1
1 0 1 0 741 -672 -1
1 0 1 0 741 -672 -1
1 0 0 0 741 -672 -1
1 0 1 0 -707 -707 -1
1 0 0 0 -707 -707 -1
1 0 1 0 -242 970 -1
1 0 0 0 -242 970 -1
1 0 1 0 942 -337 -1
1 0 0 0 942 -337 -1
1 0 1 0 -989 147 -1
1 0 0 0 -989 147 -1
1 0 1 0 -297 955 -1
1 0 1 0 -297 955 -1
1 0 0 0 -297 955 -1
1 0 1 0 -634 773 -1
1 0 0 0 -634 773 -1
1 0 1 0 831 -556 -1
-1 0 1 0 831 -556 -1
1 0 0 0 831 -556 -1
1 0 1 0 -989 -147 -1
1 0 1 0 -989 -147 -1
-1 0 1 0 -989 -147 -1
-1 0 1 0 -989 -147 -1
-1 0 1 0 -989 -147 -1
-1 0 0 0 -989 -147 -1
