0 992.0 448.0 24.8480 -10.8090
1 1014.0 438.0 24.8480 -10.3090
2 1036.0 427.0 25.1950 -11.1050
3 1058.0 416.0 25.1950 -10.6050
4 1080.0 407.0 25.5310 -9.2110
5 1102.0 398.0 25.5310 -8.7110
6 1125.0 391.0 25.7930 -7.3160
7 1148.0 384.0 25.7930 -6.8160
8 1171.0 378.0 25.7930 -6.3160
9 1194.0 372.0 25.7930 -5.8160
10 1217.0 368.0 25.9340 -4.4180
11 1240.0 364.0 25.9340 -3.9180
12 1263.0 361.0 25.9340 -3.4180
13 1286.0 358.0 25.9340 -2.9180
14 1309.0 356.0 25.9340 -2.4180
15 1332.0 354.0 25.9340 -1.9180
16 1355.0 353.0 25.9340 -1.4180
17 1378.0 352.0 25.9340 -0.9180
18 1401.0 352.0 25.9340 -0.4180
19 1424.0 352.0 25.9340 0.0820
20 1447.0 353.0 25.9340 0.5820
21 1470.0 354.0 25.9340 1.0820
22 1493.0 356.0 25.9340 1.5820
23 1516.0 358.0 25.9340 2.0820
24 1539.0 361.0 25.9340 2.5820
25 1562.0 364.0 25.9340 3.0820
26 1585.0 368.0 25.9340 3.5820
27 1608.0 372.0 25.9340 4.0820
28 1631.0 377.0 25.9340 4.5820
29 1654.0 382.0 25.9340 5.0820
30 1677.0 388.0 25.9340 5.5820
31 1700.0 394.0 25.9340 6.0820
32 1723.0 401.0 25.9340 6.5820
33 1746.0 405.0 26.5430 4.1520
34 1769.0 410.0 26.5430 4.6520
35 1792.0 415.0 26.5430 5.1520
36 1815.0 421.0 26.5430 5.6520
37 1838.0 427.0 26.5430 6.1520
38 1861.0 434.0 26.5430 6.6520
39 1884.0 441.0 26.5430 7.1520
40 1907.0 449.0 26.5430 7.6520
41 1930.0 457.0 26.5430 8.1520
42 1953.0 466.0 26.5430 8.6520
43 1976.0 475.0 26.5430 9.1520
44 1999.0 485.0 26.5430 9.6520
45 2022.0 495.0 26.5430 10.1520
46 2045.0 506.0 26.5430 10.6520
47 2068.0 517.0 26.5430 11.1520
48 2091.0 529.0 26.5430 11.6520
49 2114.0 541.0 26.5430 12.1520
50 2137.0 554.0 26.5430 12.6520
51 2161.0 564.0 27.6950 10.4100
52 2185.0 572.0 28.5780 8.0590
53 2210.0 578.0 29.1880 5.6290
54 2235.0 581.0 29.5200 3.1480
55 2260.0 585.0 29.5200 3.6480
56 2285.0 589.0 29.5200 4.1480
57 2310.0 576.0 29.5200 -13.1990
58 2335.0 564.0 29.8790 -11.8050
59 2360.0 553.0 29.8790 -11.3050
60 2385.0 542.0 29.8790 -10.8050
61 2410.0 533.0 30.0470 -9.4060
62 2435.0 525.0 29.9020 -8.0080
63 2460.0 517.0 29.9020 -7.5080
64 2485.0 510.0 29.9020 -7.0080
65 2510.0 503.0 29.9020 -6.5080
66 2535.0 497.0 29.9020 -6.0080
67 2560.0 491.0 29.9020 -5.5080
68 2585.0 486.0 29.9020 -5.0080
69 2610.0 482.0 29.8870 -3.6090
70 2635.0 479.0 29.8870 -3.1090
71 2660.0 476.0 29.8870 -2.6090
72 2685.0 474.0 29.8870 -2.1090
73 2711.0 473.0 29.9060 -0.7110
74 2737.0 473.0 29.9060 -0.2110
75 2763.0 473.0 29.9060 0.2890
76 2788.0 461.0 29.9060 -12.0000
77 2813.0 450.0 29.9060 -11.5000
78 2838.0 440.0 30.1910 -10.1050
79 2863.0 430.0 30.1910 -9.6050
80 2888.0 421.0 30.1910 -9.1050
81 2913.0 412.0 30.1910 -8.6050
82 2938.0 404.0 30.1910 -8.1050
83 2963.0 396.0 30.1910 -7.6050
84 2989.0 389.0 30.1910 -7.1050
85 3015.0 382.0 30.1910 -6.6050
86 3041.0 376.0 30.1910 -6.1050
87 3067.0 370.0 30.1910 -5.6050
88 3093.0 365.0 30.1910 -5.1050
89 3119.0 360.0 30.1910 -4.6050
90 3145.0 356.0 30.1910 -4.1050
91 3171.0 352.0 30.1910 -3.6050
92 3197.0 349.0 30.1910 -3.1050
93 3223.0 346.0 30.1910 -2.6050
94 3249.0 344.0 30.1910 -2.1050
95 3275.0 342.0 30.1910 -1.6050
96 3301.0 341.0 30.1910 -1.1050
97 3327.0 340.0 30.1910 -0.6050
98 3353.0 337.0 30.0040 -3.0940
99 3379.0 334.0 30.0040 -2.5940
100 3405.0 332.0 30.0040 -2.0940
101 3431.0 330.0 30.0040 -1.5940
102 3457.0 329.0 30.0040 -1.0940
103 3483.0 328.0 30.0040 -0.5940
104 3509.0 328.0 30.0040 -0.0940
105 3535.0 328.0 30.0040 0.4060
106 3561.0 329.0 30.0040 0.9060
107 3587.0 330.0 30.0040 1.4060
108 3613.0 332.0 30.0040 1.9060
109 3639.0 334.0 30.0040 2.4060
110 3665.0 334.0 30.1450 -0.0900
111 3691.0 334.0 30.1450 0.4100
112 3717.0 335.0 30.1450 0.9100
113 3743.0 336.0 30.1450 1.4100
114 3769.0 338.0 30.1450 1.9100
115 3795.0 340.0 30.1450 2.4100
116 3821.0 343.0 30.1450 2.9100
117 3847.0 346.0 30.1450 3.4100
118 3873.0 350.0 30.1450 3.9100
119 3899.0 354.0 30.1450 4.4100
120 3925.0 359.0 30.1450 4.9100
121 3951.0 364.0 30.1450 5.4100
122 3977.0 370.0 30.1450 5.9100
123 4003.0 376.0 30.1450 6.4100
124 4028.0 383.0 30.1450 6.9100
125 4053.0 390.0 30.1450 7.4100
126 4078.0 398.0 30.1450 7.9100
127 4103.0 406.0 30.1450 8.4100
128 4128.0 416.0 29.8480 9.8010
129 4153.0 426.0 29.8480 10.3010
130 4178.0 437.0 29.8480 10.8010
131 4203.0 448.0 29.8480 11.3010
132 4228.0 460.0 29.8480 11.8010
133 4253.0 472.0 29.8480 12.3010
134 4278.0 485.0 29.8480 12.8010
135 4303.0 498.0 29.8480 13.3010
136 4328.0 512.0 29.8480 13.8010
137 4353.0 526.0 29.8480 14.3010
138 4378.0 541.0 29.8480 14.8010
139 4404.0 554.0 31.0660 12.5900
140 4431.0 564.0 32.0740 10.2850
141 4458.0 572.0 32.8630 7.9020
142 4486.0 577.0 33.4300 5.4610
143 4514.0 583.0 33.4300 5.9610
144 4542.0 589.0 33.4300 6.4610
145 4570.0 596.0 33.4300 6.9610
146 4598.0 601.0 33.9490 4.5120
147 4626.0 606.0 33.9490 5.0120
148 4654.0 609.0 34.2850 2.5310
149 4682.0 612.0 34.2850 3.0310
150 4710.0 616.0 34.2850 3.5310
151 4738.0 617.0 34.4960 1.0390
152 4766.0 619.0 34.4960 1.5390
153 4794.0 621.0 34.4960 2.0390
154 4822.0 624.0 34.4960 2.5390
155 4850.0 627.0 34.4960 3.0390
156 4878.0 616.0 34.7810 -11.1050
157 4906.0 605.0 34.7810 -10.6050
158 4934.0 595.0 34.7810 -10.1050
159 4962.0 586.0 35.0080 -8.7070
160 4990.0 578.0 35.0080 -8.2070
161 5018.0 570.0 35.0080 -7.7070
162 5046.0 563.0 35.0080 -7.2070
163 5074.0 556.0 35.0080 -6.7070
164 5102.0 550.0 35.0080 -6.2070
165 5130.0 544.0 35.0080 -5.7070
166 5159.0 539.0 35.0080 -5.2070
167 5188.0 535.0 35.1130 -3.8090
168 5217.0 532.0 35.1130 -3.3090
169 5246.0 529.0 35.1130 -2.8090
170 5275.0 527.0 35.1130 -2.3090
171 5304.0 525.0 35.1130 -1.8090
172 5333.0 524.0 35.1130 -1.3090
173 5362.0 523.0 35.1130 -0.8090
174 5391.0 523.0 35.1130 -0.3090
175 5420.0 523.0 35.1130 0.1910
176 5449.0 524.0 35.1130 0.6910
177 5478.0 525.0 35.1130 1.1910
178 5507.0 527.0 35.1130 1.6910
179 5536.0 529.0 35.1130 2.1910
180 5565.0 532.0 35.1130 2.6910
181 5594.0 535.0 35.1130 3.1910
182 5623.0 539.0 35.1130 3.6910
183 5652.0 543.0 35.1130 4.1910
184 5681.0 548.0 35.1130 4.6910
185 5710.0 553.0 35.1130 5.1910
186 5739.0 559.0 35.1130 5.6910
187 5768.0 562.0 35.4960 3.2190
188 5797.0 566.0 35.4960 3.7190
189 5826.0 570.0 35.4960 4.2190
190 5855.0 575.0 35.4960 4.7190
191 5884.0 580.0 35.4960 5.2190
192 5913.0 583.0 35.8280 2.7380
193 5942.0 586.0 35.8280 3.2380
194 5971.0 590.0 35.8280 3.7380
195 6000.0 577.0 35.8280 -13.1990
196 6029.0 564.0 35.8280 -12.6990
197 6058.0 552.0 35.8280 -12.1990
198 6087.0 541.0 36.1020 -10.8050
199 6116.0 531.0 36.1020 -10.3050
200 6145.0 521.0 36.1020 -9.8050
201 6174.0 512.0 36.1020 -9.3050
202 6203.0 503.0 36.1020 -8.8050
203 6232.0 495.0 36.1020 -8.3050
204 6261.0 487.0 36.1020 -7.8050
205 6290.0 480.0 36.1020 -7.3050
206 6319.0 473.0 36.1020 -6.8050
207 6348.0 467.0 36.1020 -6.3050
208 6377.0 461.0 36.1020 -5.8050
209 6406.0 456.0 36.1020 -5.3050
210 6435.0 451.0 36.1020 -4.8050
211 6464.0 444.0 35.6130 -7.2340
212 6493.0 437.0 35.6130 -6.7340
213 6522.0 431.0 35.6130 -6.2340
214 6551.0 425.0 35.6130 -5.7340
215 6580.0 420.0 35.6130 -5.2340
216 6609.0 415.0 35.6130 -4.7340
217 6638.0 411.0 35.6130 -4.2340
218 6667.0 407.0 35.6130 -3.7340
219 6696.0 404.0 35.6130 -3.2340
220 6725.0 401.0 35.6130 -2.7340
221 6754.0 399.0 35.6130 -2.2340
222 6783.0 397.0 35.6130 -1.7340
223 6812.0 396.0 35.6130 -1.2340
224 6841.0 395.0 35.6130 -0.7340
225 6870.0 395.0 35.6130 -0.2340
226 6899.0 395.0 35.6130 0.2660
227 6928.0 396.0 35.6130 0.7660
228 6957.0 397.0 35.6130 1.2660
229 6986.0 399.0 35.6130 1.7660
230 7015.0 401.0 35.6130 2.2660
231 7044.0 404.0 35.6130 2.7660
232 7073.0 407.0 35.6130 3.2660
233 7102.0 411.0 35.6130 3.7660
234 7131.0 415.0 35.6130 4.2660
235 7160.0 420.0 35.6130 4.7660
236 7189.0 425.0 35.6130 5.2660
237 7218.0 431.0 35.6130 5.7660
238 7247.0 437.0 35.6130 6.2660
239 7276.0 441.0 36.0350 3.7970
240 7305.0 445.0 36.0350 4.2970
241 7334.0 450.0 36.0350 4.7970
242 7363.0 455.0 36.0350 5.2970
243 7392.0 461.0 36.0350 5.7970
244 7421.0 467.0 36.0350 6.2970
245 7450.0 474.0 36.0350 6.7970
246 7479.0 478.0 36.4730 4.3320
247 7508.0 483.0 36.4730 4.8320
248 7537.0 488.0 36.4730 5.3320
249 7566.0 494.0 36.4730 5.8320
250 7595.0 500.0 36.4730 6.3320
251 7625.0 504.0 36.8320 3.8550
252 7655.0 508.0 36.8320 4.3550
253 7685.0 513.0 36.8320 4.8550
254 7715.0 518.0 36.8320 5.3550
255 7745.0 524.0 36.8320 5.8550
256 7775.0 527.0 37.1480 3.3750
257 7805.0 531.0 37.1480 3.8750
258 7835.0 535.0 37.1480 4.3750
259 7865.0 540.0 37.1480 4.8750
260 7895.0 546.0 37.0040 6.2730
261 7925.0 553.0 37.0040 6.7730
262 7955.0 560.0 37.0040 7.2730
263 7985.0 568.0 37.0040 7.7730
264 8015.0 576.0 37.0040 8.2730
265 8044.0 585.0 37.0040 8.7730
266 8074.0 591.0 37.5470 6.3280
267 8104.0 598.0 37.5470 6.8280
268 8134.0 605.0 37.5470 7.3280
269 8164.0 613.0 37.5470 7.8280
270 8194.0 621.0 37.5470 8.3280
271 8224.0 630.0 37.5470 8.8280
272 8254.0 639.0 37.5470 9.3280
273 8284.0 649.0 37.5470 9.8280
274 8314.0 659.0 37.5470 10.3280
275 8344.0 667.0 38.1910 7.9060
276 8374.0 675.0 38.1910 8.4060
277 8404.0 684.0 38.1910 8.9060
278 8434.0 693.0 38.1910 9.4060
279 8464.0 703.0 38.1910 9.9060
280 8494.0 713.0 38.1910 10.4060
281 8524.0 724.0 38.1910 10.9060
282 8554.0 735.0 38.1910 11.4060
283 8584.0 747.0 38.1910 11.9060
284 8613.0 732.0 37.1480 -14.6560
285 8641.0 715.0 35.8670 -16.6210
286 8668.0 697.0 34.3750 -18.3630
287 8694.0 677.0 32.6990 -19.8630
288 8719.0 656.0 30.8630 -21.0980
289 8742.0 634.0 28.8980 -22.0620
290 8765.0 612.0 28.8980 -21.5620
291 8787.0 589.0 27.2660 -23.1290
292 8809.0 566.0 27.2660 -22.6290
293 8830.0 542.0 25.2810 -23.5430
294 8849.0 518.0 23.1050 -23.7970
295 8868.0 495.0 23.1050 -23.2970
296 8887.0 472.0 23.1050 -22.7970
297 8906.0 450.0 23.1050 -22.2970
298 8925.0 428.0 23.1050 -21.7970
299 8944.0 407.0 23.1050 -21.2970
300 8964.0 387.0 23.7930 -19.9220
301 8985.0 368.0 24.2850 -18.5350
302 9006.0 351.0 24.5900 -17.1410
303 9027.0 335.0 24.7270 -15.7420
304 9048.0 321.0 24.7110 -14.3440
305 9069.0 308.0 24.5780 -12.9450
306 9090.0 296.0 24.3400 -11.5510
307 9111.0 286.0 24.0000 -10.1600
308 9132.0 277.0 23.5660 -8.7770
309 9153.0 270.0 23.0430 -7.4020
310 9173.0 264.0 22.4340 -6.0350
311 9193.0 259.0 21.7460 -4.6800
312 9212.0 256.0 20.9840 -3.3320
313 9231.0 254.0 20.1520 -1.9960
314 9248.0 253.0 17.5160 -0.6720
315 9263.0 254.0 15.6840 0.6410
316 9277.0 256.0 13.8870 1.9450
317 9288.0 259.0 11.0430 3.2380
318 9298.0 264.0 9.9410 4.5230
319 9305.0 270.0 6.9960 5.8010
320 9311.0 277.0 5.8200 7.0700
321 9314.0 285.0 2.7930 8.3320
322 9317.0 295.0 3.0620 9.5860
323 9320.0 306.0 3.3050 10.8320
324 9323.0 318.0 3.5160 12.0700
325 9327.0 331.0 3.6760 13.2970
326 9331.0 346.0 3.6370 14.5120
327 9336.0 361.0 5.0000 15.0120
328 9339.0 377.0 3.1020 15.9960
329 9341.0 394.0 2.4690 16.7810
330 9345.0 411.0 3.9690 17.2810
331 9348.0 429.0 3.0270 18.2150
332 9352.0 448.0 4.5270 18.7150
333 9355.0 468.0 2.9960 19.6250
334 9359.0 488.0 4.4960 20.1250
335 9362.0 509.0 2.9650 21.0120
336 9366.0 531.0 4.4650 21.5120
337 9369.0 553.0 2.9410 22.3750
338 9371.0 576.0 2.2270 23.0310
339 9374.0 600.0 3.7270 23.5310
340 9377.0 624.0 2.9100 24.3630
341 9377.0 649.0 0.5390 24.9920
342 9376.0 674.0 -0.9610 25.4920
343 9374.0 700.0 -2.4610 25.9920
344 9371.0 726.0 -3.9610 26.4920
345 9364.0 752.0 -7.7660 26.2620
346 9357.0 779.0 -7.7660 26.7620
347 9348.0 805.0 -10.4490 26.2500
348 9339.0 832.0 -10.4490 26.7500
349 9330.0 859.0 -10.4490 27.2500
350 9319.0 886.0 -13.0820 26.6020
351 9308.0 913.0 -13.0820 27.1020
352 9295.0 939.0 -15.5980 26.1880
353 9280.0 964.0 -17.6640 24.6210
354 9265.0 989.0 -17.6640 25.1210
355 9250.0 1015.0 -17.6640 25.6210
356 9234.0 1040.0 -18.7660 24.7110
357 9218.0 1065.0 -18.7660 25.2110
358 9202.0 1091.0 -18.7660 25.7110
359 9184.0 1115.0 -20.9690 24.3090
360 9167.0 1140.0 -20.9690 24.8090
361 9148.0 1163.0 -23.0780 23.2930
362 9129.0 1187.0 -23.0780 23.7930
363 9108.0 1209.0 -25.0940 22.1720
364 9086.0 1229.0 -26.4730 20.0470
365 9064.0 1250.0 -26.4730 20.5470
366 9041.0 1269.0 -28.1720 18.6370
367 9017.0 1285.0 -29.0270 16.2730
368 8993.0 1302.0 -29.0270 16.7730
369 8968.0 1317.0 -30.3710 14.6290
370 8943.0 1332.0 -30.3710 15.1290
371 8917.0 1345.0 -31.5900 12.9180
372 8891.0 1355.0 -31.5550 10.4180
373 8865.0 1366.0 -31.5550 10.9180
374 8838.0 1374.0 -31.9730 8.4490
375 8811.0 1383.0 -31.9730 8.9490
376 8784.0 1392.0 -31.9730 9.4490
377 8757.0 1393.0 -32.5430 0.0000
378 8730.0 1380.0 -32.5430 -13.1990
379 8703.0 1367.0 -32.5430 -12.6990
380 8676.0 1355.0 -32.5430 -12.1990
381 8649.0 1343.0 -32.5430 -11.6990
382 8622.0 1332.0 -32.5430 -11.1990
383 8595.0 1321.0 -32.5430 -10.6990
384 8568.0 1311.0 -32.5430 -10.1990
385 8541.0 1301.0 -32.5430 -9.6990
386 8514.0 1292.0 -32.5430 -9.1990
387 8487.0 1283.0 -32.5430 -8.6990
388 8460.0 1275.0 -32.5430 -8.1990
389 8433.0 1268.0 -32.7230 -6.8010
390 8406.0 1256.0 -32.7230 -12.0000
391 8379.0 1245.0 -32.7230 -11.5000
392 8352.0 1234.0 -32.7230 -11.0000
393 8325.0 1224.0 -32.7230 -10.5000
394 8298.0 1214.0 -32.7230 -10.0000
395 8271.0 1204.0 -32.7230 -9.5000
396 8244.0 1195.0 -32.7230 -9.0000
397 8217.0 1187.0 -32.7230 -8.5000
398 8190.0 1179.0 -32.7230 -8.0000
399 8163.0 1172.0 -32.8630 -6.6020
400 8136.0 1166.0 -32.8630 -6.1020
401 8109.0 1154.0 -33.1990 -12.3050
402 8082.0 1142.0 -33.1990 -11.8050
403 8055.0 1131.0 -33.1990 -11.3050
404 8028.0 1121.0 -33.3400 -9.9060
405 8001.0 1112.0 -33.3400 -9.4060
406 7974.0 1103.0 -33.3400 -8.9060
407 7947.0 1095.0 -33.3400 -8.4060
408 7920.0 1087.0 -33.3400 -7.9060
409 7892.0 1080.0 -33.4770 -6.5080
410 7864.0 1074.0 -33.4770 -6.0080
411 7836.0 1068.0 -33.4770 -5.5080
412 7808.0 1063.0 -33.4770 -5.0080
413 7780.0 1058.0 -33.4770 -4.5080
414 7752.0 1054.0 -33.4770 -4.0080
415 7724.0 1050.0 -33.4770 -3.5080
416 7696.0 1047.0 -33.4770 -3.0080
417 7668.0 1044.0 -33.4770 -2.5080
418 7640.0 1042.0 -33.4770 -2.0080
419 7612.0 1041.0 -33.4770 -0.6090
420 7584.0 1041.0 -33.4770 -0.1090
421 7556.0 1041.0 -33.4770 0.3910
422 7528.0 1042.0 -33.4770 0.8910
423 7500.0 1043.0 -33.4770 1.3910
424 7472.0 1045.0 -33.4770 1.8910
425 7444.0 1044.0 -33.5080 -0.6090
426 7416.0 1044.0 -33.5080 -0.1090
427 7388.0 1044.0 -33.5080 0.3910
428 7360.0 1045.0 -33.5080 0.8910
429 7332.0 1046.0 -33.5080 1.3910
430 7304.0 1048.0 -33.5080 1.8910
431 7276.0 1050.0 -33.5080 2.3910
432 7248.0 1053.0 -33.5080 2.8910
433 7220.0 1056.0 -33.5080 3.3910
434 7192.0 1060.0 -33.5080 3.8910
435 7164.0 1064.0 -33.5080 4.3910
436 7136.0 1069.0 -33.5080 4.8910
437 7108.0 1074.0 -33.5080 5.3910
438 7080.0 1080.0 -33.5080 5.8910
439 7052.0 1086.0 -33.5080 6.3910
440 7024.0 1093.0 -33.5080 6.8910
441 6996.0 1097.0 -33.9920 4.4340
442 6968.0 1102.0 -33.9920 4.9340
443 6940.0 1107.0 -33.9920 5.4340
444 6912.0 1113.0 -33.9920 5.9340
445 6884.0 1119.0 -33.9920 6.4340
446 6856.0 1126.0 -33.9920 6.9340
447 6828.0 1133.0 -33.9920 7.4340
448 6800.0 1141.0 -33.9920 7.9340
449 6772.0 1146.0 -34.5660 5.4960
450 6744.0 1152.0 -34.5660 5.9960
451 6716.0 1158.0 -34.5660 6.4960
452 6688.0 1165.0 -34.5660 6.9960
453 6660.0 1172.0 -34.5660 7.4960
454 6632.0 1180.0 -34.5660 7.9960
455 6604.0 1188.0 -34.5660 8.4960
456 6576.0 1197.0 -34.5660 8.9960
457 6548.0 1206.0 -34.5660 9.4960
458 6520.0 1216.0 -34.5660 9.9960
459 6491.0 1224.0 -35.3120 7.6020
460 6462.0 1229.0 -35.8090 5.1480
461 6433.0 1232.0 -36.0550 2.6600
462 6404.0 1235.0 -36.0550 3.1600
463 6375.0 1239.0 -36.0550 3.6600
464 6346.0 1243.0 -36.0550 4.1600
465 6317.0 1249.0 -35.9180 5.5590
466 6288.0 1255.0 -35.9180 6.0590
467 6259.0 1262.0 -35.9180 6.5590
468 6230.0 1269.0 -35.9180 7.0590
469 6201.0 1277.0 -35.9180 7.5590
470 6172.0 1285.0 -35.9180 8.0590
471 6143.0 1291.0 -36.4920 5.6210
472 6113.0 1294.0 -36.7930 3.1370
473 6083.0 1298.0 -36.7930 3.6370
474 6053.0 1302.0 -36.7930 4.1370
475 6023.0 1307.0 -36.7930 4.6370
476 5993.0 1312.0 -36.7930 5.1370
477 5963.0 1318.0 -36.7930 5.6370
478 5934.0 1324.0 -36.7930 6.1370
479 5905.0 1331.0 -36.7930 6.6370
480 5876.0 1338.0 -36.7930 7.1370
481 5846.0 1343.0 -37.1560 4.6600
482 5816.0 1348.0 -37.1560 5.1600
483 5786.0 1354.0 -37.1560 5.6600
484 5756.0 1360.0 -37.1560 6.1600
485 5726.0 1367.0 -37.1560 6.6600
486 5696.0 1371.0 -37.5230 4.1840
487 5666.0 1376.0 -37.5230 4.6840
488 5636.0 1381.0 -37.5230 5.1840
489 5606.0 1387.0 -37.5230 5.6840
490 5576.0 1390.0 -37.7700 3.1950
491 5546.0 1393.0 -37.7700 0.0000
492 5516.0 1380.0 -37.7700 -13.1990
493 5486.0 1367.0 -37.7700 -12.6990
494 5456.0 1355.0 -37.7700 -12.1990
495 5426.0 1343.0 -37.7700 -11.6990
496 5396.0 1332.0 -37.7700 -11.1990
497 5366.0 1321.0 -37.7700 -10.6990
498 5336.0 1311.0 -37.7700 -10.1990
499 5306.0 1301.0 -37.7700 -9.6990
500 5276.0 1292.0 -37.7700 -9.1990
501 5246.0 1284.0 -37.9530 -7.8010
502 5216.0 1277.0 -37.9530 -7.3010
503 5186.0 1271.0 -38.0940 -5.9020
504 5156.0 1266.0 -38.0940 -5.4020
505 5126.0 1261.0 -38.0940 -4.9020
506 5096.0 1257.0 -38.1840 -3.5040
507 5066.0 1254.0 -38.1840 -3.0040
508 5036.0 1252.0 -38.2190 -1.6050
509 5006.0 1251.0 -38.2190 -1.1050
510 4976.0 1251.0 -38.2190 0.2930
511 4946.0 1252.0 -38.2190 0.7930
512 4916.0 1254.0 -38.1680 2.1910
513 4886.0 1257.0 -38.1680 2.6910
514 4856.0 1261.0 -38.0700 4.0900
515 4826.0 1266.0 -38.0700 4.5900
516 4796.0 1271.0 -38.0700 5.0900
517 4766.0 1277.0 -38.0700 5.5900
518 4736.0 1283.0 -38.0700 6.0900
519 4706.0 1290.0 -37.8950 7.4880
520 4676.0 1298.0 -37.8950 7.9880
521 4646.0 1307.0 -37.6760 9.3830
522 4616.0 1317.0 -37.6760 9.8830
523 4586.0 1327.0 -37.6760 10.3830
524 4556.0 1338.0 -37.6760 10.8830
525 4526.0 1349.0 -37.6760 11.3830
526 4497.0 1334.0 -36.5040 -14.5590
527 4469.0 1318.0 -35.1370 -16.4410
528 4442.0 1300.0 -33.5980 -18.1290
529 4416.0 1280.0 -31.9020 -19.6020
530 4392.0 1259.0 -30.0700 -20.8480
531 4368.0 1239.0 -30.0700 -20.3480
532 4345.0 1217.0 -28.5120 -22.0120
533 4323.0 1194.0 -26.5740 -23.0390
534 4301.0 1171.0 -26.5740 -22.5390
535 4281.0 1147.0 -24.8440 -23.9570
536 4261.0 1124.0 -24.8440 -23.4570
537 4242.0 1099.0 -23.0350 -24.7460
538 4223.0 1075.0 -23.0350 -24.2460
539 4204.0 1051.0 -23.0350 -23.7460
540 4185.0 1028.0 -23.0350 -23.2460
541 4166.0 1005.0 -23.0350 -22.7460
542 4147.0 983.0 -23.0350 -22.2460
543 4128.0 961.0 -23.0350 -21.7460
544 4109.0 940.0 -23.0350 -21.2460
545 4090.0 919.0 -23.0350 -20.7460
546 4070.0 900.0 -23.7340 -19.3750
547 4050.0 881.0 -23.7340 -18.8750
548 4029.0 864.0 -24.2890 -17.4920
549 4008.0 847.0 -24.2890 -16.9920
550 3987.0 831.0 -24.8440 -15.6090
551 3966.0 816.0 -24.8440 -15.1090
552 3944.0 802.0 -25.2620 -13.7190
553 3922.0 790.0 -25.1720 -12.3200
554 3900.0 778.0 -25.1720 -11.8200
555 3878.0 768.0 -25.4530 -10.4260
556 3856.0 758.0 -25.4530 -9.9260
557 3834.0 749.0 -25.4530 -9.4260
558 3812.0 740.0 -25.4530 -8.9260
559 3790.0 732.0 -25.4530 -8.4260
560 3768.0 724.0 -25.4530 -7.9260
561 3746.0 717.0 -25.4530 -7.4260
562 3724.0 710.0 -25.4530 -6.9260
563 3702.0 704.0 -25.4530 -6.4260
564 3680.0 698.0 -25.4530 -5.9260
565 3658.0 693.0 -25.4530 -5.4260
566 3636.0 688.0 -25.4530 -4.9260
567 3613.0 684.0 -25.5940 -3.5270
568 3590.0 681.0 -25.5940 -3.0270
569 3567.0 679.0 -25.5940 -1.6290
570 3544.0 678.0 -25.5940 -1.1290
571 3521.0 678.0 -25.5940 0.2700
572 3498.0 679.0 -25.5940 0.7700
573 3475.0 681.0 -25.4840 2.1680
574 3452.0 684.0 -25.4840 2.6680
575 3429.0 687.0 -25.4840 3.1680
576 3407.0 692.0 -25.3160 4.5660
577 3385.0 697.0 -25.3160 5.0660
578 3363.0 703.0 -25.0980 6.4610
579 3341.0 710.0 -25.0980 6.9610
580 3319.0 717.0 -25.0980 7.4610
581 3297.0 725.0 -25.0980 7.9610
582 3275.0 733.0 -25.0980 8.4610
583 3253.0 742.0 -25.0980 8.9610
584 3231.0 751.0 -25.0980 9.4610
585 3209.0 761.0 -25.0980 9.9610
586 3187.0 771.0 -25.0980 10.4610
587 3165.0 782.0 -25.0980 10.9610
588 3143.0 793.0 -25.0980 11.4610
589 3121.0 805.0 -25.0980 11.9610
590 3099.0 817.0 -25.0980 12.4610
591 3077.0 830.0 -25.0980 12.9610
592 3055.0 843.0 -25.0980 13.4610
593 3033.0 857.0 -25.0980 13.9610
594 3010.0 869.0 -26.4410 11.8160
595 2987.0 881.0 -26.4410 12.3160
596 2963.0 891.0 -27.5310 10.0470
597 2939.0 902.0 -27.5310 10.5470
598 2915.0 913.0 -27.5310 11.0470
599 2891.0 922.0 -28.4920 8.7230
600 2867.0 931.0 -28.4920 9.2230
601 2843.0 941.0 -28.4920 9.7230
602 2819.0 951.0 -28.4920 10.2230
603 2795.0 962.0 -28.4920 10.7230
604 2770.0 970.0 -29.2970 8.3440
605 2745.0 979.0 -29.2970 8.8440
606 2720.0 988.0 -29.2970 9.3440
607 2695.0 998.0 -29.2970 9.8440
608 2670.0 1005.0 -29.8910 7.4100
609 2644.0 1009.0 -30.1410 0.0000
610 2619.0 996.0 -30.1410 -13.1990
611 2594.0 983.0 -30.1410 -12.6990
612 2569.0 971.0 -30.1410 -12.1990
613 2544.0 959.0 -30.1410 -11.6990
614 2519.0 948.0 -30.1410 -11.1990
615 2494.0 937.0 -30.1410 -10.6990
616 2469.0 927.0 -30.1410 -10.1990
617 2444.0 917.0 -30.1410 -9.6990
618 2419.0 908.0 -30.1410 -9.1990
619 2394.0 900.0 -30.2230 -7.8010
620 2368.0 893.0 -30.2230 -7.3010
621 2342.0 886.0 -30.2230 -6.8010
622 2316.0 880.0 -30.2230 -6.3010
623 2290.0 874.0 -30.2230 -5.8010
624 2264.0 869.0 -30.2230 -5.3010
625 2238.0 864.0 -30.2230 -4.8010
626 2212.0 860.0 -30.2230 -4.3010
627 2186.0 856.0 -30.2230 -3.8010
628 2160.0 853.0 -30.2230 -3.3010
629 2134.0 850.0 -30.2230 -2.8010
630 2108.0 848.0 -30.2230 -2.3010
631 2082.0 846.0 -30.2230 -1.8010
632 2056.0 845.0 -30.2230 -1.3010
633 2030.0 841.0 -29.9880 -3.7850
634 2004.0 838.0 -29.9880 -3.2850
635 1978.0 835.0 -29.9880 -2.7850
636 1952.0 833.0 -29.9880 -2.2850
637 1926.0 831.0 -29.9880 -1.7850
638 1900.0 830.0 -29.9880 -1.2850
639 1874.0 829.0 -29.9880 -0.7850
640 1848.0 829.0 -29.9880 -0.2850
641 1822.0 829.0 -29.9880 0.2150
642 1796.0 830.0 -29.9880 0.7150
643 1770.0 831.0 -29.9880 1.2150
644 1744.0 833.0 -29.9880 1.7150
645 1719.0 836.0 -29.6720 3.1050
646 1694.0 840.0 -28.9340 4.4570
647 1669.0 845.0 -28.9340 4.9570
648 1644.0 851.0 -28.7150 6.3520
649 1619.0 858.0 -28.7150 6.8520
650 1594.0 865.0 -28.7150 7.3520
651 1569.0 873.0 -28.7150 7.8520
652 1545.0 882.0 -28.0980 9.2190
653 1522.0 893.0 -27.2380 10.5510
654 1499.0 904.0 -27.2380 11.0510
655 1476.0 916.0 -27.2380 11.5510
656 1453.0 928.0 -27.2380 12.0510
657 1430.0 941.0 -27.2380 12.5510
658 1407.0 954.0 -27.2380 13.0510
659 1384.0 968.0 -27.2380 13.5510
660 1361.0 982.0 -27.2380 14.0510
661 1338.0 997.0 -27.2380 14.5510
662 1314.0 1009.0 -28.4570 12.3400
663 1290.0 1022.0 -28.4570 12.8400
664 1265.0 1033.0 -29.5470 10.5700
665 1240.0 1044.0 -29.5470 11.0700
666 1214.0 1053.0 -30.3750 8.6990
667 1188.0 1062.0 -30.3750 9.1990
668 1162.0 1069.0 -31.0660 6.7890
669 1136.0 1076.0 -31.0660 7.2890
670 1109.0 1081.0 -31.6210 4.8480
671 1082.0 1083.0 -31.5470 2.3480
672 1055.0 1086.0 -31.5470 2.8480
673 1029.0 1089.0 -31.5470 3.3480
674 1003.0 1093.0 -31.5470 3.8480
675 977.0 1097.0 -31.5470 4.3480
676 950.0 1099.0 -31.6910 1.8520
677 923.0 1101.0 -31.6910 2.3520
678 896.0 1104.0 -31.6910 2.8520
679 869.0 1107.0 -31.6910 3.3520
680 842.0 1111.0 -31.6910 3.8520
681 815.0 1112.0 -31.6020 1.3550
682 788.0 1114.0 -31.6020 1.8550
683 761.0 1116.0 -31.6020 2.3550
684 734.0 1119.0 -31.6020 2.8550
685 707.0 1122.0 -31.6020 3.3550
686 680.0 1126.0 -31.6020 3.8550
687 653.0 1130.0 -31.6020 4.3550
688 627.0 1135.0 -31.6020 4.8550
689 601.0 1140.0 -31.6020 5.3550
690 575.0 1146.0 -31.6020 5.8550
691 549.0 1152.0 -31.6020 6.3550
692 523.0 1159.0 -31.6020 6.8550
693 497.0 1166.0 -31.6020 7.3550
694 471.0 1174.0 -31.6020 7.8550
695 445.0 1182.0 -31.6020 8.3550
696 419.0 1192.0 -31.3280 9.7500
697 393.0 1202.0 -31.3280 10.2500
698 367.0 1214.0 -30.9960 11.6410
699 341.0 1226.0 -30.9960 12.1410
700 315.0 1239.0 -30.9960 12.6410
701 289.0 1252.0 -30.9960 13.1410
702 264.0 1266.0 -30.0900 14.4650
703 240.0 1282.0 -28.8480 15.7150
704 218.0 1299.0 -25.8670 16.8710
705 197.0 1317.0 -24.0940 17.9260
706 178.0 1336.0 -22.1370 18.8670
707 162.0 1356.0 -17.9920 19.7030
708 150.0 1376.0 -13.7380 20.4340
709 140.0 1397.0 -11.5160 21.0700
710 134.0 1419.0 -7.1680 21.6170
711 131.0 1441.0 -2.8200 21.9690
712 130.0 1463.0 -1.3200 22.4690
713 130.0 1486.0 0.1800 22.9690
714 132.0 1509.0 1.6800 23.4690
715 135.0 1533.0 3.1800 23.9690
716 142.0 1557.0 7.4410 23.7270
717 151.0 1580.0 10.0590 23.0390
718 162.0 1602.0 12.4730 21.9450
719 175.0 1622.0 14.6370 20.4920
720 190.0 1641.0 16.5230 18.7420
721 206.0 1658.0 18.1050 16.7460
722 223.0 1673.0 19.3790 14.5620
723 241.0 1685.0 20.3520 12.2420
724 259.0 1698.0 20.3520 12.7420
725 279.0 1709.0 21.8090 10.6640
726 299.0 1713.0 22.2380 0.0000
727 319.0 1713.0 22.2380 0.5000
728 339.0 1714.0 22.2380 1.0000
729 359.0 1715.0 22.2380 1.5000
730 379.0 1717.0 22.2380 2.0000
731 399.0 1720.0 22.0940 3.3980
732 419.0 1724.0 22.0940 3.8980
733 439.0 1728.0 22.0940 4.3980
734 459.0 1733.0 22.0940 4.8980
735 479.0 1738.0 22.0940 5.3980
736 500.0 1741.0 22.6480 2.9570
737 520.0 1744.0 22.6480 3.4570
738 540.0 1748.0 22.6480 3.9570
739 560.0 1752.0 22.6480 4.4570
740 580.0 1757.0 22.6480 4.9570
741 600.0 1762.0 22.6480 5.4570
742 620.0 1768.0 22.6480 5.9570
743 640.0 1774.0 22.6480 6.4570
744 660.0 1781.0 22.6480 6.9570
745 680.0 1788.0 22.6480 7.4570
746 701.0 1793.0 23.4530 5.0780
747 722.0 1796.0 23.9610 2.6250
748 744.0 1796.0 24.1640 0.1330
749 765.0 1784.0 24.1640 -12.0000
750 786.0 1773.0 24.1640 -11.5000
751 807.0 1760.0 24.1640 -13.1990
752 828.0 1747.0 24.1640 -12.6990
753 849.0 1735.0 24.1640 -12.1990
754 870.0 1723.0 24.1640 -11.6990
755 891.0 1712.0 24.1640 -11.1990
756 912.0 1701.0 24.1640 -10.6990
757 933.0 1691.0 24.1640 -10.1990
758 955.0 1682.0 24.5000 -8.8050
759 977.0 1674.0 24.5000 -8.3050
760 999.0 1666.0 24.5000 -7.8050
761 1021.0 1659.0 24.5000 -7.3050
762 1041.0 1645.0 23.1600 -14.4100
763 1061.0 1631.0 23.1600 -13.9100
764 1080.0 1615.0 21.6840 -15.6760
765 1099.0 1600.0 21.6840 -15.1760
766 1118.0 1585.0 21.6840 -14.6760
767 1137.0 1571.0 21.6840 -14.1760
768 1156.0 1557.0 21.6840 -13.6760
769 1175.0 1544.0 21.6840 -13.1760
770 1194.0 1531.0 21.6840 -12.6760
771 1213.0 1519.0 21.6840 -12.1760
772 1232.0 1507.0 21.6840 -11.6760
773 1251.0 1496.0 21.6840 -11.1760
774 1270.0 1485.0 21.6840 -10.6760
775 1290.0 1473.0 22.1950 -12.3160
776 1310.0 1462.0 22.5350 -10.9220
777 1330.0 1452.0 22.7070 -9.5230
778 1350.0 1444.0 22.7230 -8.1250
779 1370.0 1436.0 22.7230 -7.6250
780 1390.0 1429.0 22.7230 -7.1250
781 1410.0 1422.0 22.7230 -6.6250
782 1430.0 1416.0 22.7230 -6.1250
783 1450.0 1410.0 22.7230 -5.6250
784 1471.0 1406.0 22.8520 -4.2270
785 1492.0 1402.0 22.8520 -3.7270
786 1513.0 1399.0 22.8520 -3.2270
787 1534.0 1396.0 22.8520 -2.7270
788 1555.0 1394.0 22.8520 -2.2270
789 1576.0 1392.0 22.8520 -1.7270
790 1597.0 1391.0 22.8520 -1.2270
791 1618.0 1390.0 22.8520 -0.7270
792 1639.0 1390.0 22.8520 -0.2270
793 1660.0 1390.0 22.8520 0.2730
794 1681.0 1391.0 22.8520 0.7730
795 1702.0 1392.0 22.8520 1.2730
796 1723.0 1394.0 22.8520 1.7730
797 1744.0 1396.0 22.8520 2.2730
798 1764.0 1384.0 22.8520 -12.0000
799 1785.0 1373.0 23.1800 -10.6050
800 1806.0 1363.0 23.1800 -10.1050
801 1827.0 1353.0 23.1800 -9.6050
802 1848.0 1344.0 23.1800 -9.1050
803 1869.0 1335.0 23.1800 -8.6050
804 1890.0 1328.0 23.4490 -7.2110
805 1911.0 1326.0 23.4490 0.0000
806 1932.0 1326.0 23.4490 0.5000
807 1953.0 1328.0 23.2850 1.8980
808 1974.0 1330.0 23.2850 2.3980
809 1995.0 1333.0 23.2850 2.8980
810 2016.0 1337.0 23.0590 4.2930
811 2037.0 1342.0 23.0590 4.7930
812 2058.0 1347.0 23.0590 5.2930
813 2079.0 1353.0 23.0590 5.7930
814 2100.0 1359.0 23.0590 6.2930
815 2121.0 1366.0 23.0590 6.7930
816 2141.0 1374.0 22.7270 8.1840
817 2161.0 1383.0 22.7270 8.6840
818 2181.0 1393.0 22.2890 10.0660
819 2201.0 1404.0 22.2890 10.5660
820 2221.0 1415.0 22.2890 11.0660
821 2241.0 1427.0 22.2890 11.5660
822 2261.0 1439.0 22.2890 12.0660
823 2281.0 1452.0 22.2890 12.5660
824 2301.0 1465.0 22.2890 13.0660
825 2321.0 1479.0 22.2890 13.5660
826 2340.0 1494.0 21.7030 14.9340
827 2359.0 1509.0 21.7030 15.4340
828 2378.0 1525.0 21.7030 15.9340
829 2397.0 1541.0 21.7030 16.4340
830 2416.0 1558.0 21.7030 16.9340
831 2435.0 1575.0 21.7030 17.4340
832 2454.0 1593.0 21.7030 17.9340
833 2473.0 1611.0 21.7030 18.4340
834 2493.0 1628.0 23.4770 16.5860
835 2515.0 1643.0 25.0470 14.5820
836 2538.0 1655.0 26.4020 12.4450
837 2562.0 1665.0 27.5390 10.1950
838 2586.0 1673.0 28.4530 7.8520
839 2611.0 1678.0 29.1410 5.4410
840 2635.0 1665.0 29.1410 -13.1990
841 2659.0 1652.0 29.1410 -12.6990
842 2684.0 1640.0 29.1410 -12.1990
843 2709.0 1628.0 29.1410 -11.6990
844 2734.0 1617.0 29.1410 -11.1990
845 2759.0 1606.0 29.1410 -10.6990
846 2784.0 1596.0 29.1410 -10.1990
847 2809.0 1586.0 29.1410 -9.6990
848 2834.0 1577.0 29.1410 -9.1990
849 2859.0 1568.0 29.1410 -8.6990
850 2884.0 1560.0 29.1410 -8.1990
851 2909.0 1552.0 29.1410 -7.6990
852 2934.0 1545.0 29.1410 -7.1990
853 2959.0 1538.0 29.1410 -6.6990
854 2984.0 1532.0 29.1410 -6.1990
855 3009.0 1526.0 29.1410 -5.6990
856 3034.0 1521.0 29.1410 -5.1990
857 3059.0 1516.0 29.1410 -4.6990
858 3084.0 1512.0 29.1410 -4.1990
859 3109.0 1508.0 29.1410 -3.6990
860 3134.0 1505.0 29.1410 -3.1990
861 3159.0 1502.0 29.1410 -2.6990
862 3184.0 1500.0 29.1410 -2.1990
863 3209.0 1498.0 29.1410 -1.6990
864 3234.0 1486.0 29.1410 -12.0000
865 3259.0 1474.0 29.1410 -11.5000
866 3283.0 1460.0 28.0160 -13.5980
867 3307.0 1447.0 28.0160 -13.0980
868 3330.0 1432.0 26.7500 -15.0780
869 3353.0 1417.0 26.7500 -14.5780
870 3375.0 1401.0 25.3550 -16.4340
871 3397.0 1385.0 25.3550 -15.9340
872 3417.0 1367.0 23.8520 -17.6640
873 3437.0 1350.0 23.8520 -17.1640
874 3457.0 1333.0 23.8520 -16.6640
875 3478.0 1317.0 23.8520 -16.1640
876 3499.0 1301.0 23.8520 -15.6640
877 3520.0 1286.0 23.8520 -15.1640
878 3541.0 1271.0 23.8520 -14.6640
879 3562.0 1257.0 23.8520 -14.1640
880 3583.0 1243.0 23.8520 -13.6640
881 3604.0 1230.0 23.8520 -13.1640
882 3625.0 1217.0 23.8520 -12.6640
883 3646.0 1205.0 23.8520 -12.1640
884 3665.0 1198.0 21.9450 0.0000
885 3684.0 1197.0 19.9730 -0.9450
886 3703.0 1197.0 19.9730 -0.4450
887 3722.0 1197.0 19.9730 0.0550
888 3740.0 1198.0 19.4690 1.4340
889 3757.0 1201.0 18.5430 2.7540
890 3773.0 1205.0 17.2730 3.9960
891 3789.0 1209.0 17.2730 4.4960
892 3805.0 1214.0 17.2730 4.9960
893 3821.0 1219.0 17.2730 5.4960
894 3837.0 1225.0 17.2730 5.9960
895 3853.0 1231.0 17.2730 6.4960
896 3869.0 1239.0 16.8830 7.8830
897 3884.0 1248.0 16.3440 9.2580
898 3899.0 1259.0 15.6600 10.6170
899 3913.0 1271.0 14.8280 11.9530
900 3926.0 1284.0 13.8480 13.2620
901 3938.0 1299.0 12.7230 14.5430
902 3949.0 1315.0 11.4490 15.7850
903 3958.0 1332.0 10.0310 16.9840
904 3966.0 1350.0 8.4770 18.1370
905 3974.0 1369.0 8.4770 18.6370
906 3982.0 1388.0 8.4770 19.1370
907 3990.0 1408.0 8.4770 19.6370
908 3998.0 1428.0 8.4770 20.1370
909 4008.0 1447.0 11.0550 19.3590
910 4018.0 1467.0 11.0550 19.8590
911 4030.0 1486.0 13.5000 18.8160
912 4042.0 1505.0 13.5000 19.3160
913 4056.0 1523.0 15.7890 18.0270
914 4070.0 1542.0 15.7890 18.5270
915 4086.0 1559.0 17.8980 17.0120
916 4102.0 1577.0 17.8980 17.5120
917 4120.0 1593.0 19.8120 15.7890
918 4138.0 1609.0 19.8120 16.2890
919 4157.0 1623.0 21.5120 14.3790
920 4176.0 1638.0 21.5120 14.8790
921 4196.0 1651.0 22.9770 12.8050
922 4216.0 1664.0 22.9770 13.3050
923 4237.0 1675.0 24.3200 11.1600
924 4258.0 1687.0 24.3200 11.6600
925 4280.0 1696.0 25.4100 9.3910
926 4302.0 1706.0 25.4100 9.8910
927 4325.0 1714.0 26.3750 7.5660
928 4348.0 1722.0 26.3750 8.0660
929 4371.0 1731.0 26.3750 8.5660
930 4394.0 1740.0 26.3750 9.0660
931 4418.0 1747.0 27.2420 6.7070
932 4442.0 1751.0 27.6410 4.2380
933 4466.0 1753.0 27.5980 1.7380
934 4490.0 1755.0 27.5980 2.2380
935 4514.0 1759.0 27.4800 3.6370
936 4538.0 1763.0 27.4800 4.1370
937 4562.0 1769.0 27.3050 5.5350
938 4586.0 1775.0 27.3050 6.0350
939 4609.0 1782.0 26.9730 7.4260
940 4632.0 1790.0 26.9730 7.9260
941 4655.0 1798.0 26.9730 8.4260
942 4678.0 1807.0 26.9730 8.9260
943 4701.0 1816.0 26.9730 9.4260
944 4724.0 1827.0 26.3200 10.7850
945 4747.0 1838.0 26.3200 11.2850
946 4770.0 1850.0 26.3200 11.7850
947 4793.0 1862.0 26.3200 12.2850
948 4816.0 1875.0 26.3200 12.7850
949 4839.0 1888.0 26.3200 13.2850
950 4861.0 1902.0 26.3200 13.7850
951 4883.0 1916.0 26.3200 14.2850
952 4905.0 1931.0 26.3200 14.7850
953 4927.0 1946.0 26.3200 15.2850
954 4949.0 1962.0 26.3200 15.7850
955 4971.0 1978.0 26.3200 16.2850
956 4993.0 1995.0 26.3200 16.7850
957 5015.0 2012.0 26.3200 17.2850
958 5037.0 2030.0 26.3200 17.7850
959 5059.0 2048.0 26.3200 18.2850
960 5081.0 2067.0 26.3200 18.7850
961 5103.0 2086.0 26.3200 19.2850
962 5125.0 2106.0 26.3200 19.7850
963 5147.0 2126.0 26.3200 20.2850
964 5169.0 2147.0 26.3200 20.7850
965 5191.0 2168.0 26.3200 21.2850
966 5213.0 2190.0 26.3200 21.7850
967 5235.0 2212.0 26.3200 22.2850
968 5257.0 2235.0 26.3200 22.7850
969 5278.0 2258.0 26.3200 23.2850
970 5299.0 2282.0 26.3200 23.7850
971 5320.0 2306.0 26.3200 24.2850
972 5341.0 2331.0 26.3200 24.7850
973 5362.0 2356.0 26.3200 25.2850
974 5382.0 2382.0 25.0040 25.7850
975 5400.0 2407.0 21.6760 25.1370
976 5418.0 2433.0 21.6760 25.6370
977 5435.0 2456.0 19.8950 23.1520
978 5451.0 2477.0 17.7730 20.7230
979 5403.0 2496.0 6.0310 23.1290
980 5407.0 2484.0 4.5310 -12.0000
981 5410.0 2473.0 3.0310 -11.5000
982 5409.0 2460.0 -0.7890 -12.7420
983 5404.0 2446.0 -4.6760 -13.8790
984 5399.0 2433.0 -5.0000 -13.3790
985 5394.0 2420.0 -5.0000 -12.8790
986 5389.0 2408.0 -4.7500 -12.3790
987 5385.0 2396.0 -4.5120 -11.8790
988 5379.0 2383.0 -6.1720 -13.0120
989 5373.0 2370.0 -5.8630 -12.5120
990 5368.0 2358.0 -5.5700 -12.0120
991 5363.0 2346.0 -5.2930 -11.5120
992 5358.0 2335.0 -5.0270 -11.0120
993 5353.0 2324.0 -4.7770 -10.5120
994 5351.0 2311.0 -1.8980 -12.6370
995 5350.0 2296.0 -0.5590 -14.6370
996 5349.0 2282.0 -0.5310 -14.1370
997 5349.0 2268.0 -0.5040 -13.6370
998 5349.0 2255.0 -0.4800 -13.1370
999 5347.0 2243.0 -2.5000 -12.2580
1000 5345.0 2231.0 -2.3750 -11.7580
1001 5343.0 2220.0 -2.2580 -11.2580
1002 5342.0 2209.0 -0.7580 -10.7580
1003 5344.0 2196.0 1.7700 -13.0550
1004 5344.0 2183.0 0.2700 -12.5550
1005 5343.0 2171.0 -1.2300 -12.0550
1006 5341.0 2157.0 -1.9020 -14.3440
1007 5338.0 2143.0 -3.4020 -13.8440
1008 5333.0 2130.0 -4.9020 -13.3440
1009 5328.0 2117.0 -5.0000 -12.8440
1010 5325.0 2105.0 -3.5000 -12.3440
1011 5320.0 2093.0 -5.0000 -11.8440
1012 5317.0 2080.0 -3.1480 -13.0470
1013 5312.0 2067.0 -4.6480 -12.5470
1014 5307.0 2055.0 -5.0000 -12.0470
1015 5302.0 2043.0 -5.0000 -11.5470
1016 5297.0 2032.0 -5.0000 -11.0470
1017 5292.0 2021.0 -4.7500 -10.5470
1018 5287.0 2011.0 -4.5120 -10.0470
1019 5284.0 1999.0 -2.9880 -12.0000
1020 5281.0 1987.0 -2.8400 -11.5000
1021 5280.0 1976.0 -1.3400 -11.0000
1022 5283.0 1966.0 3.0120 -10.4960
1023 5290.0 1956.0 7.3520 -9.9180
1024 5300.0 1947.0 10.1560 -9.2620
1025 5327.0 1937.0 32.8010 -10.1370
1026 5354.0 1927.0 32.8010 -9.6370
1027 5381.0 1918.0 32.8010 -9.1370
1028 5408.0 1909.0 32.8010 -8.6370
1029 5435.0 1901.0 32.8010 -8.1370
1030 5462.0 1894.0 32.5860 -6.7420
1031 5489.0 1889.0 32.1760 -5.3550
1032 5516.0 1885.0 31.5820 -3.9880
1033 5543.0 1882.0 31.5820 -3.4880
1034 5570.0 1879.0 31.5820 -2.9880
1035 5597.0 1877.0 31.5820 -2.4880
1036 5624.0 1876.0 31.6210 -1.0900
1037 5650.0 1876.0 31.2270 0.2970
1038 5676.0 1877.0 31.2270 0.7970
1039 5702.0 1878.0 31.2270 1.2970
1040 5728.0 1880.0 31.2270 1.7970
1041 5754.0 1882.0 31.2270 2.2970
1042 5780.0 1885.0 31.2270 2.7970
1043 5806.0 1888.0 31.2270 3.2970
1044 5832.0 1892.0 31.2270 3.7970
1045 5858.0 1896.0 31.2270 4.2970
1046 5884.0 1901.0 31.2270 4.7970
1047 5910.0 1903.0 31.5040 2.3120
1048 5936.0 1905.0 31.5040 0.0000
1049 5963.0 1905.0 31.5040 0.0000
1050 5996.0 1901.0 42.5620 -4.1600
1051 6029.0 1897.0 42.5620 -3.6600
1052 6062.0 1894.0 42.5620 -3.1600
1053 6095.0 1891.0 42.5620 -2.6600
1054 6128.0 1889.0 42.5620 -2.1600
1055 6160.0 1884.0 42.2190 -4.6250
1056 6192.0 1880.0 42.2190 -4.1250
1057 6224.0 1876.0 42.2190 -3.6250
1058 6256.0 1873.0 42.2190 -3.1250
1059 6288.0 1867.0 41.9220 -5.5980
1060 6320.0 1862.0 41.9220 -5.0980
1061 6352.0 1857.0 41.9220 -4.5980
1062 6384.0 1853.0 41.9220 -4.0980
1063 6416.0 1849.0 41.9220 -3.5980
1064 6448.0 1846.0 41.9220 -3.0980
1065 6480.0 1843.0 41.9220 -2.5980
1066 6512.0 1841.0 41.9220 -2.0980
1067 6544.0 1839.0 41.9220 -1.5980
1068 6576.0 1838.0 41.9220 -1.0980
1069 6608.0 1837.0 41.9220 -0.5980
1070 6640.0 1837.0 41.9220 -0.0980
1071 6672.0 1837.0 41.9220 0.4020
1072 6704.0 1838.0 41.9220 0.9020
1073 6736.0 1839.0 41.9220 1.4020
1074 6768.0 1841.0 41.9220 1.9020
1075 6800.0 1843.0 41.9220 2.4020
1076 6835.0 1838.0 48.7700 -4.6090
1077 6870.0 1834.0 48.7700 -4.1090
1078 6905.0 1830.0 48.7700 -3.6090
1079 6940.0 1824.0 48.2380 -6.0230
1080 6974.0 1809.0 47.3950 -14.7810
1081 7008.0 1792.0 46.2420 -16.8590
1082 7042.0 1776.0 46.2420 -16.3590
1083 7076.0 1760.0 46.2420 -15.8590
1084 7109.0 1742.0 45.1720 -18.0000
1085 7141.0 1722.0 43.7270 -19.7970
1086 7172.0 1701.0 41.9770 -21.1840
1087 7203.0 1680.0 41.9770 -20.6840
1088 7233.0 1657.0 40.6950 -22.6480
1089 7263.0 1635.0 40.6950 -22.1480
1090 7292.0 1611.0 39.3240 -24.0270
1091 7321.0 1587.0 39.3240 -23.5270
1092 7349.0 1562.0 37.8790 -25.3240
1093 7377.0 1537.0 37.8790 -24.8240
1094 7405.0 1513.0 37.8790 -24.3240
1095 7434.0 1489.0 37.8790 -23.8240
1096 7463.0 1466.0 37.8790 -23.3240
1097 7492.0 1443.0 37.8790 -22.8240
1098 7521.0 1422.0 37.8790 0.0000
1099 7551.0 1423.0 37.6600 1.3950
1100 7582.0 1437.0 41.4880 13.8240
1101 7613.0 1451.0 41.4880 14.3240
1102 7644.0 1466.0 41.4880 14.8240
1103 7675.0 1481.0 41.4880 15.3240
1104 7706.0 1497.0 41.4880 15.8240
1105 7737.0 1513.0 41.4880 16.3240
1106 7768.0 1531.0 40.8440 17.6880
1107 7799.0 1549.0 40.8440 18.1880
1108 7830.0 1568.0 40.8440 18.6880
1109 7862.0 1584.0 42.0160 16.4530
1110 7893.0 1601.0 42.0160 16.9530
1111 7924.0 1618.0 42.0160 17.4530
1112 7955.0 1636.0 42.0160 17.9530
1113 7986.0 1654.0 42.0160 18.4530
1114 8017.0 1673.0 42.0160 18.9530
1115 8048.0 1692.0 42.0160 19.4530
1116 8079.0 1712.0 42.0160 19.9530
1117 8110.0 1732.0 42.0160 20.4530
1118 8141.0 1753.0 42.0160 20.9530
1119 8173.0 1772.0 43.0270 18.6480
1120 8205.0 1788.0 43.7380 16.2420
1121 8238.0 1802.0 44.1640 13.7770
1122 8271.0 1809.0 44.3090 0.0000
1123 8304.0 1807.0 44.2150 -2.4960
1124 8337.0 1802.0 43.9140 -4.9690
1125 8374.0 1791.0 53.8520 -11.1950
1126 8411.0 1780.0 53.8520 -10.6950
1127 8448.0 1770.0 53.8520 -10.1950
1128 8485.0 1761.0 54.0000 -8.7970
1129 8522.0 1753.0 54.0000 -8.2970
1130 8560.0 1746.0 54.1090 -6.8980
1131 8598.0 1740.0 54.1090 -6.3980
1132 8636.0 1734.0 54.1090 -5.8980
1133 8674.0 1730.0 54.1840 -4.5000
1134 8712.0 1726.0 54.1840 -4.0000
1135 8750.0 1722.0 54.1840 -3.5000
1136 8788.0 1719.0 54.1840 -3.0000
1137 8826.0 1717.0 54.2110 -1.6020
1138 8864.0 1716.0 54.2110 -1.1020
1139 8902.0 1715.0 54.2110 -0.6020
1140 8940.0 1716.0 54.0510 0.7970
1141 8977.0 1718.0 53.3200 2.1480
1142 9014.0 1721.0 53.3200 2.6480
1143 9051.0 1724.0 53.3200 3.1480
1144 9088.0 1729.0 52.7110 4.5160
1145 9125.0 1735.0 51.5780 5.7930
1146 9161.0 1742.0 50.0590 6.9570
1147 9195.0 1750.0 45.7770 8.0080
1148 9227.0 1759.0 41.8160 8.9610
1149 9257.0 1769.0 37.7230 9.8320
1150 9286.0 1779.0 35.8360 10.3320
1151 9315.0 1790.0 35.8360 10.8320
1152 9341.0 1802.0 31.9960 11.8480
1153 9365.0 1815.0 27.9530 12.7540
1154 9386.0 1829.0 23.7770 13.5660
1155 9403.0 1843.0 19.5200 14.2930
1156 9417.0 1858.0 15.2150 14.9490
1157 9427.0 1874.0 10.8790 15.5430
1158 9435.0 1890.0 8.6290 16.0740
1159 9435.0 1915.0 -0.4020 24.6720
1160 9431.0 1940.0 -4.7270 24.7810
1161 9425.0 1965.0 -6.6800 24.5980
1162 9417.0 1989.0 -9.3750 24.1250
1163 9406.0 2012.0 -11.9690 23.3790
1164 9393.0 2034.0 -14.4300 22.3670
1165 9378.0 2055.0 -16.7380 21.1090
1166 9362.0 2075.0 -18.8710 19.6170
1167 9344.0 2093.0 -20.8090 17.9180
1168 9324.0 2109.0 -22.5390 16.0310
1169 9303.0 2123.0 -24.0430 13.9840
1170 9281.0 2135.0 -25.3120 11.8010
1171 9258.0 2145.0 -26.3440 9.5040
1172 9234.0 2152.0 -27.1250 7.1170
1173 9210.0 2157.0 -27.6520 4.6680
1174 9186.0 2162.0 -27.6520 5.1680
1175 9162.0 2168.0 -27.6520 5.6680
1176 9138.0 2174.0 -27.6520 6.1680
1177 9114.0 2181.0 -27.6520 6.6680
1178 9090.0 2188.0 -27.6520 7.1680
1179 9066.0 2193.0 -28.2730 4.7380
1180 9041.0 2195.0 -28.6450 2.2660
1181 9016.0 2198.0 -28.6450 2.7660
1182 8991.0 2201.0 -28.6450 3.2660
1183 8966.0 2205.0 -28.6450 3.7660
1184 8936.0 2202.0 -37.1410 -2.9920
1185 8906.0 2200.0 -37.1410 -2.4920
1186 8876.0 2198.0 -37.1410 -1.9920
1187 8846.0 2197.0 -37.1410 -1.4920
1188 8816.0 2196.0 -37.1410 -0.9920
1189 8786.0 2196.0 -37.1410 -0.4920
1190 8757.0 2184.0 -37.1410 -12.0000
1191 8727.0 2173.0 -37.4020 -10.6050
1192 8697.0 2163.0 -37.4020 -10.1050
1193 8667.0 2154.0 -37.6130 -8.7070
1194 8637.0 2146.0 -37.6130 -8.2070
1195 8607.0 2139.0 -37.7770 -6.8090
1196 8577.0 2133.0 -37.7770 -6.3090
1197 8547.0 2128.0 -37.8870 -4.9100
1198 8517.0 2124.0 -37.3790 -3.5350
1199 8487.0 2121.0 -37.3790 -3.0350
1200 8457.0 2118.0 -37.3790 -2.5350
1201 8427.0 2116.0 -37.3790 -2.0350
1202 8397.0 2114.0 -37.3790 -1.5350
1203 8367.0 2113.0 -37.3790 -1.0350
1204 8337.0 2112.0 -37.3790 -0.5350
1205 8307.0 2112.0 -37.3790 -0.0350
1206 8277.0 2112.0 -37.3790 0.4650
1207 8247.0 2113.0 -37.3790 0.9650
1208 8217.0 2114.0 -37.3790 1.4650
1209 8187.0 2116.0 -37.3790 1.9650
1210 8157.0 2118.0 -37.3790 2.4650
1211 8127.0 2121.0 -37.3790 2.9650
1212 8097.0 2124.0 -37.3790 3.4650
1213 8067.0 2128.0 -37.3790 3.9650
1214 8037.0 2129.0 -37.6020 1.4730
1215 8007.0 2131.0 -37.6020 1.9730
1216 7977.0 2130.0 -37.6640 -0.5270
1217 7947.0 2130.0 -37.6640 -0.0270
1218 7917.0 2127.0 -37.4570 -2.5160
1219 7887.0 2125.0 -37.4570 -2.0160
1220 7857.0 2123.0 -37.4570 -1.5160
1221 7827.0 2119.0 -37.2500 -4.0040
1222 7797.0 2115.0 -37.2500 -3.5040
1223 7767.0 2109.0 -36.8120 -5.9450
1224 7737.0 2104.0 -36.8120 -5.4450
1225 7707.0 2099.0 -36.8120 -4.9450
1226 7677.0 2095.0 -36.8120 -4.4450
1227 7647.0 2092.0 -36.7660 -3.0470
1228 7613.0 2084.0 -46.0080 -8.4100
1229 7579.0 2077.0 -44.8200 -7.1450
1230 7545.0 2070.0 -44.8200 -6.6450
1231 7511.0 2064.0 -44.8200 -6.1450
1232 7477.0 2058.0 -44.8200 -5.6450
1233 7443.0 2054.0 -44.4730 -4.2540
1234 7409.0 2050.0 -44.4730 -3.7540
1235 7375.0 2048.0 -44.5200 -2.3550
1236 7341.0 2046.0 -44.5200 -1.8550
1237 7307.0 2045.0 -44.5200 -1.3550
1238 7273.0 2044.0 -44.5200 -0.8550
1239 7239.0 2044.0 -44.5200 -0.3550
1240 7205.0 2044.0 -44.5200 0.1450
1241 7171.0 2045.0 -44.5200 0.6450
1242 7137.0 2046.0 -44.5200 1.1450
1243 7103.0 2049.0 -44.4490 2.5430
1244 7069.0 2052.0 -44.4490 3.0430
1245 7035.0 2056.0 -44.4490 3.5430
1246 7001.0 2060.0 -44.4490 4.0430
1247 6968.0 2065.0 -44.4490 4.5430
1248 6935.0 2070.0 -44.4490 5.0430
1249 6902.0 2076.0 -44.4490 5.5430
1250 6869.0 2082.0 -44.4490 6.0430
1251 6836.0 2089.0 -44.4490 6.5430
1252 6803.0 2096.0 -44.4490 7.0430
1253 6770.0 2104.0 -44.4490 7.5430
1254 6737.0 2094.0 -44.4490 0.0000
1255 6703.0 2094.0 -44.4490 0.5000
1256 6665.0 2100.0 -55.5620 5.5270
1257 6627.0 2106.0 -55.5620 6.0270
1258 6589.0 2113.0 -55.5620 6.5270
1259 6551.0 2120.0 -55.5620 7.0270
1260 6513.0 2128.0 -55.5620 7.5270
1261 6475.0 2136.0 -55.5620 8.0270
1262 6437.0 2145.0 -55.5620 8.5270
1263 6399.0 2154.0 -55.5620 9.0270
1264 6361.0 2164.0 -55.0430 10.4020
1265 6323.0 2175.0 -55.0430 10.9020
1266 6285.0 2186.0 -55.0430 11.4020
1267 6247.0 2198.0 -55.0430 11.9020
1268 6209.0 2210.0 -55.0430 12.4020
1269 6171.0 2223.0 -55.0430 12.9020
1270 6134.0 2237.0 -54.3910 14.2620
1271 6097.0 2252.0 -54.3910 14.7620
1272 6060.0 2268.0 -54.0120 16.1480
1273 6023.0 2285.0 -54.0120 16.6480
1274 5986.0 2302.0 -54.0120 17.1480
1275 5951.0 2320.0 -49.1090 17.8360
1276 5918.0 2338.0 -44.4100 18.4100
1277 5888.0 2357.0 -39.9410 18.8830
1278 5859.0 2376.0 -37.6990 19.1370
1279 5831.0 2396.0 -35.8120 19.6370
1280 5806.0 2417.0 -31.9450 20.6370
1281 5783.0 2438.0 -27.7730 21.4530
1282 5763.0 2460.0 -23.4650 22.1090
1283 5744.0 2483.0 -22.2930 22.6090
1284 5727.0 2507.0 -19.6210 23.9300
1285 5712.0 2532.0 -17.2420 25.1370
1286 5699.0 2558.0 -15.7420 25.6370
1287 5686.0 2584.0 -14.9570 26.1370
1288 5673.0 2611.0 -14.9570 26.6370
1289 5660.0 2638.0 -14.9570 27.1370
1290 5648.0 2666.0 -14.2110 27.6370
1291 5634.0 2693.0 -16.7150 26.7070
1292 5620.0 2720.0 -16.7150 27.2070
1293 5606.0 2748.0 -16.7150 27.7070
1294 5592.0 2776.0 -16.7150 28.2070
1295 5576.0 2803.0 -19.1130 27.0860
1296 5558.0 2829.0 -21.2730 25.6290
1297 5539.0 2853.0 -23.1640 23.8830
1298 5512.0 2876.0 -34.6330 22.7150
1299 5484.0 2897.0 -35.8830 20.5200
1300 5455.0 2915.0 -36.7770 18.1720
1301 5426.0 2931.0 -37.3240 15.7270
1302 5397.0 2944.0 -37.5510 13.2340
1303 5367.0 2955.0 -37.4960 10.7340
1304 5337.0 2961.0 -37.4960 0.0000
1305 5307.0 2961.0 -37.4960 0.5000
1306 5277.0 2961.0 -37.4960 0.0000
1307 5248.0 2948.0 -37.4960 -13.1990
1308 5219.0 2935.0 -37.4960 -12.6990
1309 5189.0 2923.0 -37.4960 -12.1990
1310 5159.0 2911.0 -37.4960 -11.6990
1311 5130.0 2897.0 -36.5660 -13.9340
1312 5102.0 2881.0 -35.4100 -16.0080
1313 5075.0 2863.0 -34.0430 -17.8910
1314 5048.0 2846.0 -34.0430 -17.3910
1315 5021.0 2829.0 -34.0430 -16.8910
1316 4995.0 2810.0 -32.7460 -18.8400
1317 4969.0 2792.0 -32.7460 -18.3400
1318 4944.0 2772.0 -31.3440 -20.1880
1319 4919.0 2752.0 -31.3440 -19.6880
1320 4895.0 2731.0 -29.8440 -21.4260
1321 4871.0 2710.0 -29.8440 -20.9260
1322 4848.0 2687.0 -28.2580 -22.5550
1323 4825.0 2665.0 -28.2580 -22.0550
1324 4802.0 2643.0 -28.2580 -21.5550
1325 4779.0 2622.0 -28.2580 -21.0550
1326 4757.0 2600.0 -26.5000 -22.4260
1327 4735.0 2578.0 -26.5000 -21.9260
1328 4713.0 2557.0 -26.5000 -21.4260
1329 4691.0 2536.0 -26.5000 -20.9260
1330 4669.0 2516.0 -26.5000 -20.4260
1331 4647.0 2496.0 -26.5000 -19.9260
1332 4625.0 2477.0 -26.5000 -19.4260
1333 4603.0 2458.0 -26.5000 -18.9260
1334 4582.0 2437.0 -24.8950 -20.5270
1335 4563.0 2416.0 -22.8590 -21.3010
1336 4544.0 2395.0 -22.8590 -20.8010
1337 4517.0 2373.0 -34.7540 -21.8830
1338 4490.0 2352.0 -34.7540 -21.3830
1339 4463.0 2331.0 -34.7540 -20.8830
1340 4436.0 2311.0 -34.7540 -20.3830
1341 4409.0 2291.0 -34.7540 -19.8830
1342 4382.0 2272.0 -34.7540 -19.3830
1343 4355.0 2253.0 -34.7540 -18.8830
1344 4327.0 2236.0 -35.1130 -17.4880
1345 4299.0 2220.0 -35.1800 -16.0900
1346 4271.0 2204.0 -35.1800 -15.5900
1347 4243.0 2189.0 -35.1800 -15.0900
1348 4215.0 2174.0 -35.1800 -14.5900
1349 4187.0 2160.0 -35.1800 -14.0900
1350 4159.0 2146.0 -35.1800 -13.5900
1351 4131.0 2134.0 -35.1800 -12.0000
1352 4103.0 2123.0 -35.1800 -11.5000
1353 4075.0 2112.0 -35.1800 -11.0000
1354 4047.0 2102.0 -35.1800 -10.5000
1355 4019.0 2092.0 -35.1800 -10.0000
1356 3991.0 2083.0 -35.1800 -9.5000
1357 3963.0 2074.0 -35.1800 -9.0000
1358 3934.0 2066.0 -35.2730 -7.6020
1359 3905.0 2059.0 -35.2730 -7.1020
1360 3876.0 2052.0 -35.2730 -6.6020
1361 3847.0 2046.0 -35.2730 -6.1020
1362 3818.0 2041.0 -35.3670 -4.7030
1363 3789.0 2037.0 -35.3670 -4.2030
1364 3760.0 2033.0 -35.3670 -3.7030
1365 3731.0 2030.0 -35.3670 -3.2030
1366 3702.0 2027.0 -35.3670 -2.7030
1367 3673.0 2025.0 -35.3670 -2.2030
1368 3644.0 2023.0 -35.3670 -1.7030
1369 3615.0 2022.0 -35.3670 -1.2030
1370 3586.0 2021.0 -35.3670 -0.7030
1371 3557.0 2021.0 -35.3670 -0.2030
1372 3528.0 2021.0 -35.3670 0.2970
1373 3496.0 2032.0 -41.8160 10.9140
1374 3464.0 2043.0 -41.8160 11.4140
1375 3432.0 2052.0 -42.2150 8.9450
1376 3400.0 2061.0 -42.2150 9.4450
1377 3368.0 2071.0 -42.2150 9.9450
1378 3335.0 2079.0 -42.8240 7.5160
1379 3302.0 2084.0 -42.9300 5.0200
1380 3269.0 2090.0 -42.9300 5.5200
1381 3236.0 2096.0 -42.9300 6.0200
1382 3203.0 2103.0 -42.9300 6.5200
1383 3171.0 2111.0 -42.6050 7.9100
1384 3139.0 2119.0 -42.6050 8.4100
1385 3107.0 2128.0 -42.6050 8.9100
1386 3075.0 2137.0 -42.6050 9.4100
1387 3043.0 2147.0 -42.6050 9.9100
1388 3011.0 2157.0 -42.6050 10.4100
1389 2979.0 2168.0 -42.6050 10.9100
1390 2947.0 2179.0 -42.6050 11.4100
1391 2914.0 2188.0 -43.3090 9.0040
1392 2881.0 2193.0 -43.3090 0.0000
1393 2848.0 2193.0 -43.3090 0.5000
1394 2815.0 2194.0 -43.3090 1.0000
1395 2777.0 2191.0 -54.3710 -3.1520
1396 2739.0 2185.0 -54.1370 -5.6370
1397 2701.0 2180.0 -54.1370 -5.1370
1398 2664.0 2172.0 -53.7930 -7.6020
1399 2627.0 2165.0 -53.7930 -7.1020
1400 2590.0 2155.0 -53.2500 -9.5120
