1 0 0 0 1000 0 3
1 0 1 0 98 995 3
1 0 1 0 98 995 3
1 0 0 0 98 995 3
1 0 1 0 -105 995 3
1 0 0 0 -105 995 3
1 0 1 0 -122 993 3
1 0 0 0 -122 993 3
1 0 0 0 -122 993 3
1 0 0 0 -122 993 3
1 0 1 0 -98 995 3
1 0 1 0 -98 995 3
0 0 1 0 -98 995 3
1 0 0 0 -98 995 3
1 0 1 0 773 -634 3
1 0 1 0 773 -634 3
1 0 0 0 773 -634 3
0 0 1 0 195 -981 3
-1 0 0 0 195 -981 3
0 0 1 0 831 -556 3
-1 0 1 0 831 -556 3
0 0 0 0 831 -556 3
-1 0 1 0 -195 -981 3
-1 0 1 0 -195 -981 3
1 1 1 0 -195 -981 3
1 0 1 0 -195 -981 3
1 0 1 0 -195 -981 3
-1 0 1 0 -195 -981 3
1 0 0 0 -195 -981 3
-1 0 1 0 -530 -848 3
1 0 1 0 -530 -848 3
0 0 1 0 -530 -848 3
-1 0 0 0 -530 -848 3
0 0 1 0 -793 -609 3
-1 0 1 0 -793 -609 3
-1 0 1 1 966 259 3
-1 0 1 0 966 259 3
-1 0 0 0 966 259 3
-1 0 1 0 -882 -471 3
-1 0 0 0 -882 -471 3
0 0 1 0 290 -957 3
1 0 0 0 290 -957 3
1 0 1 0 383 -924 3
1 0 1 0 383 -924 3
1 0 1 0 383 -924 3
1 0 1 0 383 -924 3
0 0 1 0 383 -924 3
1 0 1 0 383 -924 3
1 0 0 0 383 -924 3
1 0 1 0 676 737 3
1 0 1 0 676 737 3
1 0 1 0 676 737 3
1 0 1 0 676 737 3
1 0 0 0 676 737 3
1 0 1 0 471 882 3
1 0 1 0 471 882 3
1 0 1 0 471 882 3
1 0 1 0 471 882 3
1 0 1 0 471 882 3
1 0 1 0 471 882 3
1 0 1 0 471 882 3
1 0 1 1 -500 -866 3
1 0 0 0 -500 -866 3
1 0 0 0 -500 -866 3
1 0 1 0 98 995 3
1 0 0 0 98 995 3
1 0 1 0 98 995 3
1 0 1 0 98 995 3
1 0 1 0 98 995 3
1 0 1 0 98 995 3
1 0 1 0 98 995 3
1 0 1 0 98 995 3
1 0 0 0 98 995 3
1 0 1 0 0 1000 3
1 0 1 0 0 1000 3
1 0 1 0 0 1000 3
1 0 1 0 0 1000 3
1 0 1 0 0 1000 3
0 0 1 0 0 1000 3
-1 0 0 0 0 1000 3
1 0 1 0 -290 957 3
0 0 1 0 -290 957 3
-1 0 1 0 -290 957 3
1 0 1 0 -290 957 3
1 0 0 0 -290 957 3
0 0 1 0 773 -634 3
1 0 1 0 773 -634 3
-1 0 0 0 773 -634 3
-1 0 1 0 634 -773 3
0 0 0 0 634 -773 3
1 0 1 0 -981 195 3
0 0 1 0 -981 195 3
-1 0 1 0 -981 195 3
-1 0 1 0 -981 195 3
-1 0 1 0 -981 195 3
-1 0 1 0 -981 195 3
0 0 1 0 -981 195 3
-1 0 1 0 -981 195 3
-1 0 1 0 -981 195 3
-1 0 1 0 -981 195 3
-1 0 1 1 -259 -966 3
-1 0 1 0 -259 -966 3
-1 0 1 0 -259 -966 3
-1 0 0 0 -259 -966 3
-1 0 1 0 0 1000 3
-1 0 1 0 0 1000 3
-1 0 1 0 0 1000 3
0 0 1 0 0 1000 3
0 0 1 0 0 1000 3
1 0 1 0 0 1000 3
-1 0 1 0 0 1000 3
-1 0 1 0 0 1000 3
-1 0 1 0 0 1000 3
1 0 1 0 0 1000 3
0 0 1 0 0 1000 3
0 0 1 0 0 1000 3
1 0 1 0 0 1000 3
1 0 1 0 0 1000 3
1 0 1 0 0 1000 3
1 0 1 0 0 1000 3
1 0 1 0 0 1000 3
1 0 1 0 0 1000 3
1 0 0 0 0 1000 3
1 0 1 0 588 -809 3
1 0 1 0 588 -809 3
1 0 0 0 588 -809 3
1 0 1 0 290 -957 3
1 0 0 0 290 -957 3
1 0 1 0 -165 986 3
1 0 0 0 -165 986 3
1 0 1 0 -383 924 3
1 0 0 0 -383 924 3
1 0 1 0 -383 924 3
1 0 1 0 -383 924 3
0 0 1 0 -383 924 3
0 0 1 0 -383 924 3
-1 0 1 0 -383 924 3
-1 0 1 0 -383 924 3
-1 0 1 1 924 -383 3
-1 0 1 0 924 -383 3
-1 0 0 0 924 -383 3
-1 0 1 0 -566 -824 3
-1 0 0 0 -566 -824 3
-1 0 1 0 -500 -866 3
-1 0 1 0 -500 -866 3
-1 1 0 0 -500 -866 3
-1 0 1 0 981 195 3
-1 0 0 0 981 195 3
-1 0 1 0 -131 991 3
-1 0 0 0 -131 991 3
-1 1 1 0 -139 990 3
-1 0 1 0 -139 990 3
-1 0 0 0 -139 990 3
-1 0 1 0 52 999 3
-1 0 0 0 52 999 3
-1 0 1 0 78 997 3
-1 0 1 0 78 997 3
-1 0 0 0 78 997 3
0 0 1 0 148 989 3
1 0 1 0 148 989 3
-1 0 1 0 148 989 3
1 0 1 0 148 989 3
1 0 1 0 148 989 3
1 0 1 0 148 989 3
1 0 1 0 148 989 3
1 0 1 0 148 989 3
1 0 1 1 -991 131 3
1 0 0 0 -991 131 3
1 0 1 0 634 -773 3
1 0 1 0 634 -773 3
1 0 0 0 634 -773 3
1 0 0 0 634 -773 3
1 0 1 0 -957 -290 3
-1 0 1 0 -957 -290 3
