1 0 0 0 1000 0 3
1 0 1 0 -1000 0 3
1 0 0 0 -1000 0 3
1 0 1 0 -995 -98 3
1 0 1 0 -995 -98 3
1 0 0 0 -995 -98 3
1 0 1 0 831 -556 3
-1 0 1 0 831 -556 3
-1 0 0 0 831 -556 3
-1 0 1 0 471 -882 3
0 0 1 0 471 -882 3
0 0 1 0 471 -882 3
-1 0 1 0 471 -882 3
-1 0 1 0 471 -882 3
-1 1 1 0 471 -882 3
1 0 1 0 471 -882 3
-1 0 1 0 471 -882 3
0 0 1 0 471 -882 3
0 0 1 0 471 -882 3
0 0 1 0 471 -882 3
0 0 1 0 471 -882 3
-1 0 1 0 471 -882 3
1 0 0 0 471 -882 3
-1 0 1 0 -875 -485 3
1 0 1 0 -875 -485 3
1 0 1 0 -875 -485 3
0 0 1 1 924 383 3
-1 0 0 0 924 383 3
-1 0 1 0 290 -957 3
-1 0 0 0 290 -957 3
1 0 1 0 471 -882 3
0 0 1 0 471 -882 3
1 0 1 0 471 -882 3
1 0 1 0 471 -882 3
1 0 1 0 471 -882 3
1 0 1 0 471 -882 3
1 0 1 0 471 -882 3
1 0 0 0 471 -882 3
0 0 1 0 695 719 3
1 0 1 0 695 719 3
1 0 1 0 695 719 3
1 0 1 0 695 719 3
1 0 1 0 695 719 3
1 0 0 0 695 719 3
1 0 1 0 383 924 3
1 0 1 0 383 924 3
1 0 0 0 383 924 3
1 0 1 0 383 924 3
1 0 1 0 383 924 3
1 0 1 0 383 924 3
1 0 1 0 383 924 3
1 0 1 1 -500 -866 3
1 0 1 0 -500 -866 3
1 0 1 0 -500 -866 3
1 0 1 0 -500 -866 3
1 0 1 0 -500 -866 3
1 0 1 0 -500 -866 3
1 0 0 0 -500 -866 3
1 0 1 0 98 995 3
1 0 1 0 98 995 3
1 0 1 0 98 995 3
1 0 1 0 98 995 3
1 0 1 0 98 995 3
1 0 1 0 98 995 3
1 0 0 0 98 995 3
1 0 1 0 -98 995 3
1 0 1 0 -98 995 3
1 0 1 0 -98 995 3
1 0 1 0 -98 995 3
1 0 1 0 -98 995 3
1 0 1 0 -98 995 3
1 0 1 0 -98 995 3
1 0 0 0 -98 995 3
1 0 1 0 -438 899 3
0 0 1 0 -438 899 3
1 0 1 0 -438 899 3
1 0 1 0 -438 899 3
-1 0 1 0 -438 899 3
-1 0 1 0 -438 899 3
-1 0 1 0 -438 899 3
-1 0 1 0 -438 899 3
-1 0 0 0 -438 899 3
-1 0 1 0 -943 -334 3
-1 0 1 0 -943 -334 3
-1 1 0 0 -943 -334 3
-1 0 1 0 -98 995 3
-1 0 1 0 -98 995 3
-1 0 1 1 131 -991 3
-1 0 1 0 131 -991 3
-1 0 1 0 131 -991 3
-1 0 1 0 131 -991 3
-1 0 1 0 131 -991 3
-1 0 1 0 131 -991 3
-1 0 1 0 131 -991 3
-1 0 1 0 131 -991 3
-1 0 1 0 131 -991 3
-1 0 1 0 131 -991 3
-1 0 1 0 131 -991 3
-1 0 1 0 131 -991 3
0 0 1 0 131 -991 3
1 0 1 0 131 -991 3
-1 0 1 0 131 -991 3
-1 0 1 0 131 -991 3
-1 0 1 0 131 -991 3
0 0 1 0 131 -991 3
1 0 1 0 131 -991 3
1 0 1 0 131 -991 3
1 0 1 0 131 -991 3
1 0 1 0 131 -991 3
1 0 1 0 131 -991 3
1 0 1 0 131 -991 3
1 0 1 0 131 -991 3
1 0 1 0 131 -991 3
1 0 1 0 131 -991 3
1 0 1 0 131 -991 3
1 0 1 0 131 -991 3
1 0 0 0 131 -991 3
1 0 1 0 -165 986 3
1 0 0 0 -165 986 3
1 0 1 0 -957 290 3
1 0 0 0 -957 290 3
0 0 1 0 -290 957 3
1 0 1 0 -290 957 3
0 0 1 0 -290 957 3
0 0 1 0 -290 957 3
-1 0 1 0 -290 957 3
-1 0 1 0 -290 957 3
-1 0 1 0 -290 957 3
-1 0 1 1 966 -259 3
-1 0 0 0 966 -259 3
-1 0 0 0 966 -259 3
-1 0 1 0 -537 -843 3
-1 0 0 0 -537 -843 3
-1 0 1 0 -471 -882 3
-1 1 0 0 -471 -882 3
-1 0 1 0 -773 -634 3
-1 0 0 0 -773 -634 3
-1 0 1 0 -131 991 3
-1 0 0 0 -131 991 3
-1 0 1 0 -105 995 3
-1 0 1 0 -105 995 3
-1 0 0 0 -105 995 3
-1 0 1 0 52 999 3
-1 0 1 0 52 999 3
0 0 0 0 52 999 3
-1 0 1 0 105 995 3
0 0 1 0 105 995 3
1 0 1 0 105 995 3
-1 0 1 0 105 995 3
1 0 1 0 105 995 3
-1 0 1 0 105 995 3
1 0 1 0 105 995 3
1 0 1 0 105 995 3
1 0 1 0 105 995 3
1 0 1 1 609 -793 3
1 0 1 0 609 -793 3
1 0 1 0 609 -793 3
1 0 1 0 609 -793 3
1 0 1 0 609 -793 3
1 0 1 0 609 -793 3
1 0 1 0 609 -793 3
-1 0 1 0 609 -793 3
