-1 0 1 0 -234 -972 -1
1 0 1 0 -234 -972 -1
0 0 1 0 -234 -972 -1
0 0 1 0 -234 -972 -1
0 0 1 0 -234 -972 -1
0 0 1 0 -234 -972 -1
-1 0 0 0 -98 -995 -1
-1 0 1 0 924 -381 -1
-1 0 1 0 924 -381 -1
-1 0 1 0 924 -381 -1
0 0 1 0 924 -381 -1
0 0 1 0 924 -381 -1
1 0 1 0 924 -381 -1
0 0 1 0 924 -381 -1
0 0 1 0 924 -381 -1
1 0 1 0 924 -381 -1
0 0 1 0 924 -381 -1
-1 0 1 0 924 -381 -1
1 0 1 0 924 -381 -1
1 0 0 0 924 -383 -1
1 0 1 0 752 659 -1
1 0 1 0 752 659 -1
1 0 1 0 752 659 -1
1 0 0 0 752 659 -1
1 0 0 0 773 634 -1
1 0 1 0 707 707 -1
1 0 1 0 707 707 -1
1 0 1 0 707 707 -1
1 0 1 0 -981 -195 -1
1 0 0 0 -981 -195 -1
1 0 1 0 383 924 -1
1 0 1 0 383 924 -1
1 0 0 0 383 924 -1
1 0 1 0 -981 195 -1
1 0 1 0 -981 195 -1
1 0 1 0 -981 195 -1
1 0 0 0 -981 195 -1
1 0 0 0 -981 195 -1
1 0 1 0 786 -618 -1
1 0 1 0 786 -618 -1
1 0 1 0 786 -618 -1
1 0 1 0 786 -618 -1
1 0 1 0 786 -618 -1
1 0 0 0 773 -634 -1
1 0 1 0 779 -627 -1
1 0 1 0 779 -627 -1
1 0 1 0 779 -627 -1
1 0 1 0 779 -627 -1
1 0 1 0 779 -627 -1
1 0 0 0 773 -634 -1
1 0 1 0 787 -616 -1
1 0 1 0 787 -616 -1
1 0 1 0 787 -616 -1
1 0 1 0 787 -616 -1
1 0 1 0 787 -616 -1
1 0 1 0 787 -616 -1
1 0 1 0 787 -616 -1
1 0 0 0 773 -634 -1
1 0 1 0 580 -815 -1
1 0 1 0 580 -815 -1
1 0 1 0 580 -815 -1
1 0 1 0 580 -815 -1
1 0 1 0 580 -815 -1
1 0 1 0 580 -815 -1
1 1 0 0 634 -773 -1
1 0 0 0 634 -773 -1
1 0 0 0 634 -773 -1
1 0 1 0 139 990 -1
1 0 0 0 139 990 -1
1 1 1 0 122 993 -1
1 0 0 0 122 993 -1
1 0 1 0 118 993 -1
1 0 0 0 118 993 -1
1 0 1 0 92 996 -1
1 0 0 0 92 996 -1
1 0 1 0 383 924 -1
1 0 1 0 383 924 -1
1 0 1 0 383 924 -1
1 0 0 0 383 924 -1
1 0 1 0 924 -383 -1
1 0 1 0 924 -383 -1
1 0 0 0 924 -383 -1
1 0 1 0 -290 -957 -1
1 0 1 0 -290 -957 -1
1 0 0 0 -290 -957 -1
1 0 1 0 957 -290 -1
1 0 1 0 957 -290 -1
1 0 1 0 957 -290 -1
1 0 1 0 957 -290 -1
1 0 1 0 957 -290 -1
1 0 1 0 957 -290 -1
1 0 1 0 957 -290 -1
1 0 1 0 957 -290 -1
1 0 0 0 957 -290 -1
1 0 1 0 773 -634 -1
1 0 1 0 773 -634 -1
1 0 1 0 773 -634 -1
1 0 1 0 773 -634 -1
1 0 1 0 773 -634 -1
1 0 1 0 773 -634 -1
1 0 1 0 773 -634 -1
1 0 0 0 773 -634 -1
1 0 1 0 634 -773 -1
1 0 0 0 634 -773 -1
1 0 1 0 882 471 -1
1 0 0 0 882 471 -1
1 0 1 0 957 -290 -1
1 0 1 0 957 -290 -1
1 0 1 0 957 -290 -1
1 0 1 0 957 -290 -1
1 0 1 0 957 -290 -1
1 0 1 0 957 -290 -1
1 0 1 0 957 -290 -1
1 0 1 0 957 -290 -1
1 0 1 0 957 -290 -1
1 0 1 0 957 -290 -1
1 0 1 0 957 -290 -1
1 0 1 0 957 -290 -1
1 0 1 0 957 -290 -1
1 0 1 0 957 -290 -1
1 0 1 0 957 -290 -1
1 0 1 0 957 -290 -1
1 0 0 0 957 -290 -1
1 0 1 0 195 981 -1
1 1 0 0 195 981 -1
1 0 1 0 126 992 -1
1 0 0 0 126 992 -1
1 0 1 0 195 981 -1
1 0 1 0 195 981 -1
1 0 1 0 195 981 -1
1 0 0 0 195 981 -1
1 0 1 0 831 556 -1
1 0 1 0 831 556 -1
1 0 0 0 831 556 -1
1 0 1 0 195 981 -1
1 0 1 0 195 981 -1
1 0 1 0 195 981 -1
1 0 0 0 195 981 -1
1 0 1 0 195 981 -1
1 0 1 0 195 981 -1
1 0 1 0 195 981 -1
1 0 0 0 195 981 -1
1 0 0 0 195 981 -1
1 1 1 0 290 957 -1
1 0 1 0 290 957 -1
1 0 1 0 290 957 -1
1 0 0 0 290 957 -1
1 0 0 0 290 957 -1
1 0 1 0 -290 957 -1
1 0 1 0 -290 957 -1
1 0 1 0 -290 957 -1
1 0 1 0 -290 957 -1
1 0 1 0 -290 957 -1
1 0 1 0 -290 957 -1
1 0 0 0 -290 957 -1
1 0 1 0 995 98 -1
1 0 1 0 995 98 -1
1 0 1 0 995 98 -1
1 0 0 0 995 98 -1
1 0 1 0 -773 634 -1
1 0 1 0 -773 634 -1
1 0 1 0 -773 634 -1
1 0 0 0 -773 634 -1
1 0 1 0 195 -981 -1
1 0 1 0 195 -981 -1
1 0 1 0 195 -981 -1
1 0 0 0 195 -981 -1
1 0 1 0 471 882 -1
1 0 0 0 471 882 -1
1 0 1 0 882 471 -1
1 0 1 0 882 471 -1
1 0 1 0 882 471 -1
1 0 1 0 882 471 -1
1 0 1 0 882 471 -1
1 0 1 0 882 471 -1
1 0 0 0 882 471 -1
1 0 1 0 195 -981 -1
1 0 1 0 195 -981 -1
1 0 0 0 195 -981 -1
1 0 0 0 195 -981 -1
1 0 1 0 924 -383 -1
1 0 1 0 924 -383 -1
1 0 0 0 924 -383 -1
1 0 1 0 471 -882 -1
1 0 1 0 471 -882 -1
1 0 0 0 471 -882 -1
1 0 1 0 882 -471 -1
1 0 1 0 882 -471 -1
1 0 1 0 882 -471 -1
1 0 0 0 882 -471 -1
1 0 1 0 383 924 -1
1 0 1 0 383 924 -1
1 0 1 0 383 924 -1
1 0 1 0 383 924 -1
1 0 1 0 383 924 -1
1 0 1 0 383 924 -1
1 0 0 0 383 924 -1
1 0 1 0 -924 383 -1
1 0 1 0 -924 383 -1
1 0 0 0 -924 383 -1
1 0 1 0 -98 -995 -1
1 0 1 0 -98 -995 -1
1 0 0 0 -98 -995 -1
1 0 1 0 634 -773 -1
1 0 1 0 634 -773 -1
1 0 1 0 634 -773 -1
1 0 1 0 634 -773 -1
1 0 1 0 634 -773 -1
1 0 1 0 634 -773 -1
1 0 1 0 634 -773 -1
1 0 0 0 634 -773 -1
1 0 0 0 634 -773 -1
1 0 0 0 634 -773 -1
1 0 1 0 182 -983 -1
1 0 0 0 182 -983 -1
1 0 1 0 118 -993 -1
1 0 0 0 118 -993 -1
1 0 0 0 118 -993 -1
1 0 1 0 74 -997 -1
1 0 0 0 74 -997 -1
1 0 1 0 -195 -981 -1
1 0 1 0 -195 -981 -1
1 0 0 0 -195 -981 -1
1 1 1 0 100 995 -1
1 0 0 0 100 995 -1
1 0 1 0 290 957 -1
1 0 1 0 290 957 -1
1 0 0 0 290 957 -1
1 0 1 0 290 -957 -1
1 0 0 0 290 -957 -1
1 0 1 0 383 924 -1
1 0 1 0 383 924 -1
1 0 1 0 383 924 -1
1 0 1 0 383 924 -1
1 0 1 0 383 924 -1
1 0 0 0 383 924 -1
1 0 0 0 383 924 -1
1 0 1 0 -98 995 -1
1 0 0 0 -98 995 -1
1 0 1 0 383 -924 -1
1 0 1 0 383 -924 -1
1 0 1 0 383 -924 -1
1 0 1 0 383 -924 -1
1 0 0 0 383 -924 -1
1 0 1 0 831 -556 -1
1 0 1 0 831 -556 -1
1 0 0 0 831 -556 -1
1 0 1 0 924 -383 -1
1 0 0 0 924 -383 -1
1 0 1 0 882 471 -1
1 0 1 0 882 471 -1
1 0 1 0 882 471 -1
1 0 1 0 882 471 -1
1 0 0 0 882 471 -1
1 0 1 0 135 -991 -1
1 0 0 0 135 -991 -1
1 0 1 0 471 -882 -1
1 0 1 0 471 -882 -1
1 0 1 0 471 -882 -1
1 0 1 0 471 -882 -1
1 0 0 0 471 -882 -1
1 0 0 0 471 -882 -1
1 1 1 0 981 195 -1
1 0 1 0 981 195 -1
1 0 0 0 981 195 -1
1 0 1 0 96 995 -1
1 0 0 0 96 995 -1
1 0 0 0 96 995 -1
1 0 1 0 -243 970 -1
1 0 1 0 -243 970 -1
1 0 0 0 -243 970 -1
1 0 1 0 -924 383 -1
1 0 1 0 -924 383 -1
1 0 0 0 -924 383 -1
1 0 1 0 -924 -383 -1
1 0 0 0 -924 -383 -1
1 0 1 0 0 -1000 -1
1 0 1 0 0 -1000 -1
1 0 1 0 0 -1000 -1
1 0 0 0 0 -1000 -1
1 0 1 0 471 882 -1
1 0 1 0 471 882 -1
1 0 1 0 471 882 -1
1 0 0 0 471 882 -1
1 0 1 0 957 -290 -1
1 0 1 0 957 -290 -1
1 0 1 0 957 -290 -1
1 0 1 0 957 -290 -1
1 0 1 0 957 -290 -1
1 0 1 0 957 -290 -1
1 0 1 0 957 -290 -1
1 0 0 0 957 -290 -1
1 0 1 0 -471 -882 -1
1 0 0 0 -471 -882 -1
1 0 1 0 -904 -428 -1
1 0 1 0 -904 -428 -1
1 0 1 0 -904 -428 -1
1 0 1 0 -904 -428 -1
1 0 0 0 -904 -428 -1
1 0 1 0 -634 -773 -1
1 0 0 0 -634 -773 -1
1 0 1 0 981 -195 -1
1 0 1 0 981 -195 -1
1 0 1 0 981 -195 -1
1 0 1 0 981 -195 -1
1 0 0 0 981 -195 -1
1 0 1 0 148 -989 -1
1 0 0 0 148 -989 -1
1 0 1 0 556 831 -1
1 0 0 0 556 831 -1
1 0 1 0 634 -773 -1
1 0 1 0 634 -773 -1
1 0 1 0 634 -773 -1
1 0 1 0 634 -773 -1
1 0 0 0 634 -773 -1
1 0 1 0 556 -831 -1
1 0 1 0 556 -831 -1
1 0 1 0 556 -831 -1
1 0 1 0 556 -831 -1
1 0 0 0 556 -831 -1
1 0 1 0 514 -858 -1
1 0 1 0 514 -858 -1
1 0 1 0 514 -858 -1
1 0 1 0 514 -858 -1
1 0 0 0 514 -858 -1
1 0 1 0 -741 672 -1
1 0 0 0 -741 672 -1
1 0 1 0 -65 998 -1
1 0 0 0 -65 998 -1
1 0 1 0 556 -831 -1
1 0 1 0 556 -831 -1
1 0 1 0 556 -831 -1
1 0 1 0 556 -831 -1
1 0 1 0 556 -831 -1
1 0 0 0 556 -831 -1
1 0 1 0 -98 -995 -1
1 0 0 0 -98 -995 -1
1 0 1 0 596 -803 -1
1 0 1 0 596 -803 -1
1 0 1 0 596 -803 -1
1 0 0 0 596 -803 -1
1 0 1 0 471 -882 -1
1 0 1 0 471 -882 -1
1 0 0 0 471 -882 -1
1 0 0 0 471 -882 -1
1 0 1 0 904 428 -1
1 0 1 0 904 428 -1
1 0 1 0 904 428 -1
1 0 0 0 904 428 -1
1 0 1 0 -290 -957 -1
1 0 1 0 -290 -957 -1
1 1 1 0 -290 -957 -1
1 0 1 0 -290 -957 -1
1 0 1 0 -290 -957 -1
1 0 1 0 -290 -957 -1
1 0 1 0 -290 -957 -1
1 0 1 0 -290 -957 -1
1 0 0 0 -290 -957 -1
1 0 1 0 -725 -688 -1
1 0 0 0 -725 -688 -1
1 0 1 0 -882 -471 -1
1 0 1 0 -882 -471 -1
1 0 0 0 -882 -471 -1
1 0 1 0 556 831 -1
1 0 1 0 556 831 -1
1 0 1 0 556 831 -1
1 0 1 0 556 831 -1
1 0 1 0 556 831 -1
1 0 1 0 556 831 -1
1 0 1 0 556 831 -1
1 0 1 0 556 831 -1
1 0 1 0 556 831 -1
1 0 1 0 556 831 -1
1 0 1 0 556 831 -1
1 0 1 0 556 831 -1
1 0 1 0 556 831 -1
1 0 1 0 556 831 -1
1 0 1 0 556 831 -1
1 0 1 0 556 831 -1
1 0 1 0 556 831 -1
1 0 1 0 556 831 -1
-1 0 1 0 556 831 -1
0 0 1 0 556 831 -1
0 0 1 0 556 831 -1
-1 0 1 0 556 831 -1
1 0 1 0 556 831 -1
-1 0 1 0 556 831 -1
1 0 1 0 556 831 -1
-1 0 1 0 556 831 -1
1 0 1 0 556 831 -1
1 0 1 0 556 831 -1
1 0 1 0 556 831 -1
1 0 1 0 556 831 -1
1 0 1 0 556 831 -1
1 0 0 0 556 831 -1
1 0 1 0 -843 537 -1
1 0 1 0 -843 537 -1
1 0 0 0 -843 537 -1
1 0 1 0 -877 481 -1
1 0 0 0 -877 481 -1
1 0 1 0 -891 454 -1
1 0 0 0 -891 454 -1
1 0 1 0 -904 428 -1
1 0 0 0 -904 428 -1
1 0 1 0 -915 403 -1
1 0 1 0 -915 403 -1
1 0 0 0 -915 403 -1
1 0 1 0 -929 371 -1
0 0 1 0 -929 371 -1
-1 0 0 0 -929 371 -1
-1 0 1 0 -672 741 -1
-1 0 0 0 -672 741 -1
-1 0 1 0 -970 -243 -1
-1 0 0 0 -970 -243 -1
-1 0 1 0 -942 -337 -1
-1 0 0 0 -942 -337 -1
-1 0 0 0 -942 -337 -1
-1 0 1 0 -924 -383 -1
-1 0 0 0 -924 -383 -1
-1 0 1 0 -882 -471 -1
-1 0 1 0 -882 -471 -1
-1 0 0 0 -882 -471 -1
-1 0 1 0 -957 -290 -1
0 0 1 0 -957 -290 -1
-1 0 0 0 -957 -290 -1
-1 0 0 0 -957 -290 -1
-1 0 1 0 -773 -634 -1
-1 0 0 0 -773 -634 -1
-1 0 1 0 -741 -672 -1
-1 0 0 0 -741 -672 -1
-1 0 1 0 -707 -707 -1
-1 0 1 0 -707 -707 -1
-1 0 0 0 -707 -707 -1
-1 0 1 0 -596 -803 -1
-1 0 1 0 -596 -803 -1
-1 0 0 0 -596 -803 -1
-1 0 1 0 -471 -882 -1
-1 0 0 0 -471 -882 -1
-1 0 1 0 -428 -904 -1
-1 0 1 0 -428 -904 -1
-1 0 0 0 -428 -904 -1
-1 0 1 0 -147 -989 -1
-1 0 0 0 -147 -989 -1
-1 0 1 0 -383 -924 -1
-1 0 1 0 -383 -924 -1
-1 1 0 0 -383 -924 -1
-1 0 1 0 556 -831 -1
-1 0 0 0 556 -831 -1
-1 0 1 0 882 471 -1
-1 0 0 0 882 471 -1
-1 0 1 0 -999 49 -1
-1 0 0 0 -999 49 -1
-1 0 1 0 -428 904 -1
-1 0 0 0 -428 904 -1
-1 0 1 0 -337 942 -1
-1 0 1 0 -337 942 -1
-1 0 1 0 -337 942 -1
-1 1 0 0 -337 942 -1
-1 0 1 0 -989 -147 -1
-1 0 1 0 -989 -147 -1
-1 0 1 0 -989 -147 -1
-1 0 1 0 -989 -147 -1
-1 0 0 0 -989 -147 -1
-1 0 1 0 989 -147 -1
-1 0 1 0 989 -147 -1
-1 0 0 0 989 -147 -1
-1 0 1 0 -49 999 -1
-1 0 0 0 -49 999 -1
-1 1 1 0 -118 993 -1
-1 0 0 0 -118 993 -1
-1 0 0 0 -118 993 -1
-1 0 1 0 -49 999 -1
-1 0 0 0 -49 999 -1
-1 0 1 0 -337 942 -1
-1 0 1 0 -337 942 -1
-1 0 1 0 -337 942 -1
-1 0 1 0 -337 942 -1
-1 0 0 0 -337 942 -1
-1 0 1 0 428 -904 -1
-1 0 1 0 428 -904 -1
-1 0 1 0 428 -904 -1
-1 0 1 0 428 -904 -1
-1 0 0 0 428 -904 -1
-1 0 1 0 672 -741 -1
-1 0 0 0 672 -741 -1
-1 0 1 0 -195 981 -1
-1 0 1 0 -195 981 -1
-1 0 0 0 -195 981 -1
-1 0 0 0 -195 981 -1
-1 0 1 0 707 -707 -1
-1 0 0 0 707 -707 -1
-1 0 1 0 -195 -981 -1
-1 0 1 0 -195 -981 -1
-1 0 0 0 -195 -981 -1
-1 0 1 0 -924 -383 -1
-1 0 0 0 -924 -383 -1
-1 0 1 0 -741 -672 -1
-1 0 1 0 -741 -672 -1
-1 0 1 0 -741 -672 -1
-1 0 1 0 -741 -672 -1
-1 0 1 0 -741 -672 -1
-1 0 1 0 -741 -672 -1
-1 0 0 0 -741 -672 -1
-1 0 1 0 773 -634 -1
-1 0 1 0 773 -634 -1
-1 0 1 0 773 -634 -1
-1 0 0 0 773 -634 -1
-1 0 1 0 -337 -942 -1
-1 0 1 0 -337 -942 -1
-1 0 0 0 -337 -942 -1
-1 0 1 0 -243 970 -1
-1 0 0 0 -243 970 -1
-1 0 1 0 -634 -773 -1
-1 0 1 0 -634 -773 -1
-1 0 0 0 -634 -773 -1
-1 0 1 0 -383 -924 -1
-1 0 1 0 -383 -924 -1
-1 0 0 0 -383 -924 -1
-1 0 0 0 -383 -924 -1
-1 0 1 0 -803 596 -1
-1 0 0 0 -803 596 -1
-1 0 1 0 -634 -773 -1
-1 0 1 0 -634 -773 -1
-1 0 1 0 -634 -773 -1
-1 0 1 0 -634 -773 -1
-1 0 1 0 -634 -773 -1
-1 0 1 0 -634 -773 -1
-1 0 1 0 -634 -773 -1
-1 0 1 0 -634 -773 -1
-1 0 0 0 -634 -773 -1
-1 0 1 0 195 -981 -1
-1 0 0 0 195 -981 -1
-1 0 1 0 61 998 -1
-1 0 0 0 61 998 -1
-1 0 1 0 -556 -831 -1
-1 0 1 0 -556 -831 -1
-1 0 1 0 -556 -831 -1
-1 0 1 0 -556 -831 -1
-1 0 1 0 -556 -831 -1
-1 0 1 0 -556 -831 -1
-1 0 0 0 -556 -831 -1
-1 0 0 0 -556 -831 -1
-1 0 1 0 -882 471 -1
-1 0 0 0 -882 471 -1
-1 0 1 0 98 995 -1
-1 0 0 0 98 995 -1
-1 0 1 0 -428 -904 -1
-1 0 1 0 -428 -904 -1
-1 0 1 0 -428 -904 -1
-1 0 0 0 -428 -904 -1
-1 0 1 0 -514 -858 -1
-1 0 1 0 -514 -858 -1
-1 0 1 0 -514 -858 -1
-1 0 1 0 -514 -858 -1
-1 0 0 0 -514 -858 -1
-1 0 1 0 -337 -942 -1
-1 0 1 0 -337 -942 -1
-1 0 1 0 -337 -942 -1
-1 0 0 0 -337 -942 -1
-1 1 0 0 -337 -942 -1
-1 0 1 0 882 471 -1
-1 0 0 0 882 471 -1
-1 0 1 0 858 514 -1
-1 0 1 0 858 514 -1
-1 0 0 0 858 514 -1
-1 0 1 0 -989 147 -1
-1 0 1 0 -989 147 -1
-1 0 0 0 -989 147 -1
-1 0 1 0 -65 998 -1
-1 0 0 0 -65 998 -1
-1 0 1 0 -49 999 -1
-1 0 0 0 -49 999 -1
-1 0 0 0 -49 999 -1
-1 0 1 0 -31 1000 -1
-1 0 0 0 -31 1000 -1
-1 0 1 0 -13 1000 -1
-1 0 0 0 -13 1000 -1
-1 0 1 0 0 1000 -1
-1 0 0 0 0 1000 -1
-1 0 1 0 22 1000 -1
-1 0 0 0 22 1000 -1
-1 0 1 0 44 999 -1
-1 0 0 0 44 999 -1
-1 0 0 0 44 999 -1
-1 0 1 0 957 290 -1
-1 0 0 0 957 290 -1
-1 0 1 0 78 997 -1
-1 0 0 0 78 997 -1
-1 0 1 0 98 995 -1
-1 0 0 0 98 995 -1
-1 0 0 0 98 995 -1
-1 0 1 0 383 -924 -1
-1 0 1 0 383 -924 -1
-1 1 1 0 383 -924 -1
-1 0 1 0 383 -924 -1
-1 0 1 0 383 -924 -1
-1 0 1 0 383 -924 -1
-1 0 1 0 383 -924 -1
-1 0 0 0 383 -924 -1
-1 0 1 0 692 -722 -1
-1 0 1 0 692 -722 -1
-1 0 0 0 692 -722 -1
-1 0 1 0 769 -639 -1
-1 0 0 0 769 -639 -1
-1 0 1 0 803 -596 -1
-1 0 0 0 803 -596 -1
-1 0 0 0 803 -596 -1
-1 0 1 0 904 428 -1
-1 0 1 0 904 428 -1
-1 0 0 0 904 428 -1
-1 0 1 0 995 98 -1
-1 0 0 0 995 98 -1
-1 0 1 0 -471 882 -1
-1 0 1 0 -471 882 -1
-1 0 0 0 -471 882 -1
-1 0 1 0 -195 981 -1
-1 0 0 0 -195 981 -1
-1 0 1 0 -195 981 -1
-1 0 0 0 -195 981 -1
-1 0 1 0 -147 989 -1
-1 0 1 0 -147 989 -1
-1 0 0 0 -147 989 -1
-1 0 1 0 -98 995 -1
-1 0 0 0 -98 995 -1
-1 0 1 0 1000 0 -1
-1 0 1 0 1000 0 -1
-1 0 1 0 1000 0 -1
-1 0 0 0 1000 0 -1
-1 0 1 0 147 989 -1
-1 0 0 0 147 989 -1
-1 0 1 0 -957 290 -1
-1 0 0 0 -957 290 -1
-1 0 1 0 -672 -741 -1
-1 0 0 0 -672 -741 -1
-1 0 1 0 -49 999 -1
-1 0 0 0 -49 999 -1
-1 0 1 0 0 1000 -1
-1 0 0 0 0 1000 -1
-1 0 1 0 0 1000 -1
-1 0 0 0 0 1000 -1
-1 0 1 0 49 999 -1
-1 0 0 0 49 999 -1
-1 0 1 0 -195 981 -1
-1 0 1 0 -195 981 -1
-1 0 0 0 -195 981 -1
-1 0 1 0 98 995 -1
-1 0 0 0 98 995 -1
-1 0 0 0 98 995 -1
-1 0 1 0 672 -741 -1
-1 0 1 0 672 -741 -1
-1 0 1 0 672 -741 -1
-1 0 1 0 672 -741 -1
-1 0 1 0 672 -741 -1
-1 0 1 0 672 -741 -1
-1 0 1 0 672 -741 -1
-1 0 1 0 672 -741 -1
-1 0 0 0 672 -741 -1
-1 0 0 0 672 -741 -1
-1 0 1 0 -957 -290 -1
-1 0 1 0 -957 -290 -1
-1 0 0 0 -957 -290 -1
-1 0 1 0 -471 -882 -1
-1 0 0 0 -471 -882 -1
-1 0 1 0 -383 -924 -1
-1 0 0 0 -383 -924 -1
-1 0 0 0 -383 -924 -1
-1 0 1 0 -337 -942 -1
-1 0 0 0 -337 -942 -1
-1 0 1 0 707 -707 -1
-1 0 0 0 707 -707 -1
-1 0 1 0 -428 -904 -1
-1 0 1 0 -428 -904 -1
-1 0 0 0 -428 -904 -1
-1 0 0 0 -428 -904 -1
-1 0 1 0 -337 -942 -1
-1 0 1 0 -337 -942 -1
-1 0 1 0 -337 -942 -1
-1 1 0 0 -337 -942 -1
-1 0 0 0 -337 -942 -1
-1 0 1 0 -672 741 -1
-1 0 1 0 -672 741 -1
-1 0 1 0 -672 741 -1
-1 0 1 0 -672 741 -1
-1 0 1 0 -672 741 -1
-1 0 1 0 -672 741 -1
-1 0 1 0 -672 741 -1
-1 0 1 0 -672 741 -1
-1 0 0 0 -672 741 -1
-1 0 1 0 -596 803 -1
-1 0 0 0 -596 803 -1
-1 0 0 0 -596 803 -1
-1 0 1 0 -999 49 -1
-1 0 1 0 -999 49 -1
-1 0 1 0 -999 49 -1
-1 0 0 0 -999 49 -1
-1 0 1 0 98 995 -1
-1 0 1 0 98 995 -1
-1 0 1 0 98 995 -1
-1 0 1 0 98 995 -1
-1 0 0 0 98 995 -1
-1 0 1 0 105 -995 -1
-1 0 0 0 105 -995 -1
-1 0 1 0 -981 -195 -1
-1 0 0 0 -981 -195 -1
-1 0 1 0 -831 556 -1
-1 0 1 0 -831 556 -1
-1 0 1 0 -831 556 -1
-1 0 1 0 -831 556 -1
-1 0 1 0 -831 556 -1
-1 0 1 0 -831 556 -1
-1 0 1 0 -831 556 -1
-1 0 1 0 -831 556 -1
-1 0 1 0 -831 556 -1
-1 0 1 0 -831 556 -1
-1 0 0 0 -831 556 -1
-1 0 1 0 98 995 -1
-1 0 0 0 98 995 -1
-1 0 1 0 49 999 -1
-1 0 1 0 49 999 -1
-1 0 1 0 49 999 -1
-1 0 1 0 49 999 -1
-1 0 0 0 49 999 -1
-1 0 1 0 -995 -98 -1
-1 0 0 0 -995 -98 -1
-1 0 1 0 773 634 -1
-1 0 1 0 773 634 -1
-1 0 0 0 773 634 -1
-1 0 1 0 -243 970 -1
-1 0 0 0 -243 970 -1
-1 0 1 0 -428 -904 -1
-1 0 0 0 -428 -904 -1
-1 0 1 0 -383 -924 -1
-1 0 0 0 -383 -924 -1
-1 0 1 0 -290 -957 -1
-1 0 0 0 -290 -957 -1
-1 0 1 0 -243 -970 -1
-1 0 0 0 -243 -970 -1
-1 0 1 0 -195 -981 -1
-1 0 1 0 -195 -981 -1
-1 0 0 0 -195 -981 -1
-1 0 1 0 -556 -831 -1
-1 0 1 0 -556 -831 -1
-1 0 1 0 -556 -831 -1
-1 0 1 0 -556 -831 -1
-1 0 0 0 -556 -831 -1
-1 0 1 0 -471 -882 -1
-1 0 1 0 -471 -882 -1
-1 0 1 0 -471 -882 -1
-1 0 1 0 -471 -882 -1
-1 0 0 0 -471 -882 -1
-1 0 0 0 -471 -882 -1
-1 0 1 0 -995 -98 -1
-1 0 1 0 -995 -98 -1
-1 0 1 0 -995 -98 -1
-1 0 1 0 -995 -98 -1
-1 0 0 0 -995 -98 -1
-1 0 1 0 -995 -98 -1
-1 0 1 0 -995 -98 -1
-1 0 1 0 -995 -98 -1
-1 0 1 0 -995 -98 -1
-1 0 0 0 -995 -98 -1
-1 0 1 0 -924 383 -1
-1 0 0 0 -924 383 -1
-1 0 1 0 122 993 -1
-1 0 0 0 122 993 -1
-1 0 1 0 147 989 -1
-1 0 0 0 147 989 -1
-1 0 0 0 147 989 -1
-1 0 1 0 243 970 -1
-1 0 1 0 243 970 -1
-1 0 1 0 243 970 -1
0 0 1 0 243 970 -1
-1 0 1 0 243 970 -1
-1 0 1 0 243 970 -1
1 0 1 0 243 970 -1
1 0 1 0 243 970 -1
-1 0 1 0 243 970 -1
1 0 1 0 243 970 -1
1 0 1 0 243 970 -1
1 0 0 0 243 970 -1
1 0 0 0 243 970 -1
1 0 1 0 999 49 -1
1 0 1 0 999 49 -1
1 0 1 0 999 49 -1
1 0 1 0 999 49 -1
1 0 1 0 999 49 -1
1 0 1 0 999 49 -1
1 0 1 0 999 49 -1
1 0 1 0 999 49 -1
1 0 1 0 999 49 -1
1 0 1 0 999 49 -1
1 0 0 0 999 49 -1
1 0 1 0 511 -859 -1
1 0 1 0 511 -859 -1
1 0 0 0 511 -859 -1
1 0 1 0 337 942 -1
1 0 1 0 337 942 -1
1 0 1 0 337 942 -1
1 0 1 0 337 942 -1
1 0 0 0 337 942 -1
1 0 1 0 -803 596 -1
1 0 1 0 -803 596 -1
1 0 0 0 -803 596 -1
1 0 1 0 195 -981 -1
1 0 0 0 195 -981 -1
1 0 1 0 -904 428 -1
1 0 1 0 -904 428 -1
1 0 0 0 -904 428 -1
1 0 1 0 514 858 -1
1 0 1 0 514 858 -1
1 0 1 0 514 858 -1
1 0 0 0 514 858 -1
1 0 1 0 383 -924 -1
1 0 1 0 383 -924 -1
1 0 1 0 383 -924 -1
1 0 1 0 383 -924 -1
1 1 1 0 383 -924 -1
1 0 0 0 383 -924 -1
1 1 1 0 957 -290 -1
1 0 0 0 957 -290 -1
1 0 1 0 556 831 -1
1 0 1 0 556 831 -1
1 0 1 0 556 831 -1
1 0 1 0 556 831 -1
1 0 1 0 556 831 -1
1 0 1 0 556 831 -1
1 0 0 0 556 831 -1
1 0 1 0 -904 428 -1
1 0 0 0 -904 428 -1
1 1 1 0 -596 -803 -1
1 0 0 0 -596 -803 -1
1 0 1 0 -656 -755 -1
1 0 0 0 -656 -755 -1
1 0 1 0 989 -147 -1
1 0 1 0 989 -147 -1
1 0 0 0 989 -147 -1
1 0 1 0 831 556 -1
1 0 0 0 831 556 -1
1 0 1 0 428 904 -1
1 0 1 0 428 904 -1
1 0 1 0 428 904 -1
1 0 1 0 428 904 -1
1 1 1 0 428 904 -1
1 0 1 0 428 904 -1
1 0 1 0 428 904 -1
1 0 1 0 428 904 -1
1 0 0 0 428 904 -1
1 0 1 0 337 942 -1
1 0 1 0 337 942 -1
1 0 1 0 337 942 -1
1 0 1 0 337 942 -1
1 0 1 0 337 942 -1
1 0 0 0 337 942 -1
1 0 0 0 337 942 -1
1 0 1 0 707 -707 -1
1 0 0 0 707 -707 -1
1 0 1 0 981 195 -1
1 0 1 0 981 195 -1
1 0 1 0 981 195 -1
1 0 1 0 981 195 -1
1 0 1 0 981 195 -1
1 0 1 0 981 195 -1
1 0 0 0 981 195 -1
1 0 1 0 383 924 -1
1 0 1 0 383 924 -1
1 1 1 0 383 924 -1
1 0 1 0 383 924 -1
1 0 0 0 383 924 -1
1 0 1 0 428 904 -1
1 0 1 0 428 904 -1
1 0 1 0 428 904 -1
1 0 1 0 428 904 -1
1 0 0 0 428 904 -1
1 0 1 0 49 999 -1
1 0 1 0 49 999 -1
1 0 0 0 49 999 -1
1 0 1 0 49 999 -1
1 0 1 0 49 999 -1
1 0 0 0 49 999 -1
1 0 1 0 957 -290 -1
1 0 0 0 957 -290 -1
1 0 1 0 49 999 -1
1 0 0 0 49 999 -1
1 0 1 0 -147 989 -1
1 0 0 0 -147 989 -1
1 0 1 0 -195 981 -1
1 0 0 0 -195 981 -1
1 0 1 0 -471 -882 -1
1 0 1 0 -471 -882 -1
1 0 0 0 -471 -882 -1
1 0 1 0 -634 -773 -1
1 0 0 0 -634 -773 -1
1 0 1 0 -147 989 -1
1 0 1 0 -147 989 -1
1 0 0 0 -147 989 -1
1 0 1 0 -904 -428 -1
1 0 0 0 -904 -428 -1
1 0 0 0 -904 -428 -1
1 0 1 0 803 -596 -1
1 0 1 0 803 -596 -1
1 0 1 0 803 -596 -1
1 0 1 0 803 -596 -1
1 0 1 0 803 -596 -1
1 0 1 0 803 -596 -1
1 0 1 0 803 -596 -1
1 0 1 0 803 -596 -1
1 0 1 0 803 -596 -1
1 1 0 0 803 -596 -1
1 0 0 0 803 -596 -1
1 0 1 0 -999 49 -1
1 0 0 0 -999 49 -1
1 0 1 0 672 741 -1
1 0 1 0 672 741 -1
1 0 1 0 672 741 -1
1 0 1 0 672 741 -1
1 0 1 0 672 741 -1
1 0 1 0 672 741 -1
1 0 1 0 672 741 -1
1 0 0 0 672 741 -1
1 0 1 0 858 -514 -1
1 0 1 0 858 -514 -1
1 0 0 0 858 -514 -1
1 0 1 0 -741 -672 -1
1 0 0 0 -741 -672 -1
1 0 1 0 98 995 -1
1 0 1 0 98 995 -1
1 0 0 0 98 995 -1
1 0 1 0 672 741 -1
1 0 1 0 672 741 -1
1 0 1 0 672 741 -1
1 0 1 0 672 741 -1
1 1 1 0 672 741 -1
1 0 0 0 672 741 -1
1 0 1 0 -500 -866 -1
1 0 0 0 -500 -866 -1
1 0 1 0 -563 -827 -1
1 0 0 0 -563 -827 -1
1 0 1 0 -619 -785 -1
1 0 0 0 -619 -785 -1
1 0 1 0 -669 -743 -1
1 0 0 0 -669 -743 -1
1 0 0 0 -669 -743 -1
1 0 1 0 -596 803 -1
1 0 1 0 -596 803 -1
1 0 1 0 -596 803 -1
1 0 1 0 -596 803 -1
1 0 1 0 -596 803 -1
1 0 1 0 -596 803 -1
1 0 0 0 -596 803 -1
1 0 1 0 -741 -672 -1
1 0 1 0 -741 -672 -1
1 0 1 0 -741 -672 -1
1 0 1 0 -741 -672 -1
1 0 0 0 -741 -672 -1
1 0 1 0 0 1000 -1
1 0 1 0 0 1000 -1
1 0 1 0 0 1000 -1
1 0 1 0 0 1000 -1
1 0 0 0 0 1000 -1
1 0 1 0 -514 -858 -1
1 0 0 0 -514 -858 -1
1 0 1 0 -49 999 -1
1 0 1 0 -49 999 -1
1 0 1 0 -49 999 -1
1 0 1 0 -49 999 -1
1 0 1 0 -49 999 -1
1 0 1 0 -49 999 -1
1 0 1 0 -49 999 -1
1 0 1 0 -49 999 -1
1 0 1 0 -49 999 -1
1 0 1 0 -49 999 -1
1 0 1 0 -49 999 -1
1 0 0 0 -49 999 -1
1 0 1 0 -471 882 -1
1 0 0 0 -471 882 -1
1 0 1 0 989 -147 -1
1 0 1 0 989 -147 -1
1 0 0 0 989 -147 -1
1 0 1 0 858 -514 -1
1 0 0 0 858 -514 -1
1 0 1 0 803 -596 -1
1 0 0 0 803 -596 -1
1 0 1 0 741 -672 -1
1 0 0 0 741 -672 -1
1 0 1 0 672 -741 -1
1 0 0 0 672 -741 -1
1 0 1 0 596 -803 -1
1 0 0 0 596 -803 -1
1 0 1 0 514 -858 -1
1 0 0 0 514 -858 -1
1 0 1 0 471 -882 -1
1 0 0 0 471 -882 -1
1 0 1 0 383 -924 -1
1 0 0 0 383 -924 -1
1 0 1 0 338 -941 -1
1 0 0 0 338 -941 -1
1 0 1 0 596 -803 -1
1 0 1 0 596 -803 -1
1 0 1 0 596 -803 -1
1 0 0 0 596 -803 -1
1 0 1 0 514 -858 -1
1 0 1 0 514 -858 -1
1 0 1 0 514 -858 -1
1 0 1 0 514 -858 -1
1 0 0 0 514 -858 -1
1 0 1 0 -989 -147 -1
1 0 0 0 -989 -147 -1
1 0 1 0 -87 996 -1
1 0 0 0 -87 996 -1
1 0 0 0 -87 996 -1
1 0 0 0 -87 996 -1
1 0 1 0 634 773 -1
1 0 1 0 634 773 -1
1 0 1 0 634 773 -1
1 0 0 0 634 773 -1
1 0 1 0 49 999 -1
1 0 1 0 49 999 -1
1 0 1 0 49 999 -1
1 0 1 0 49 999 -1
1 0 1 0 49 999 -1
1 0 1 0 49 999 -1
1 0 1 0 49 999 -1
1 0 0 0 49 999 -1
1 0 1 0 290 957 -1
1 0 1 0 290 957 -1
1 0 0 0 290 957 -1
1 0 1 0 -301 954 -1
1 0 1 0 -301 954 -1
1 0 0 0 -301 954 -1
1 0 1 0 -957 -290 -1
1 0 1 0 -957 -290 -1
1 0 1 0 -957 -290 -1
1 0 0 0 -957 -290 -1
1 0 1 0 -383 924 -1
1 0 0 0 -383 924 -1
1 0 0 0 -383 924 -1
1 0 1 0 858 -514 -1
1 0 1 0 858 -514 -1
1 0 1 0 639 770 3
-1 0 0 0 762 648 3
-1 0 0 0 382 -924 3
-1 0 1 0 -875 -485 3
-1 0 1 0 -875 -485 3
-1 0 1 0 -875 -485 3
-1 0 0 0 -882 -471 3
-1 0 0 0 514 858 3
-1 0 0 0 -285 959 3
-1 1 1 0 -757 -654 3
-1 0 1 0 -757 -654 3
-1 1 1 0 -757 -654 3
-1 0 1 0 -757 -654 3
-1 1 0 0 -270 -963 3
-1 0 0 0 -223 975 3
0 0 0 0 -634 774 3
0 0 1 0 -806 -592 3
0 0 1 0 -806 -592 3
0 0 0 0 997 -79 3
0 1 0 0 959 -285 3
0 0 0 0 998 -62 3
0 0 0 0 -990 141 3
0 0 0 0 815 -579 3
1 0 1 0 484 -875 3
0 0 1 1 -166 -986 3
0 1 0 0 498 -867 3
0 0 1 0 -995 102 3
0 0 0 0 -598 801 3
0 0 1 0 -908 420 3
0 0 0 0 -520 -854 3
0 0 0 0 -996 87 3
1 0 1 0 340 -940 3
1 1 1 0 340 -940 3
-1 0 0 0 383 -924 3
-1 0 1 0 341 -940 3
-1 0 1 0 341 -940 3
-1 0 0 0 341 -940 3
-1 0 1 0 643 -766 3
-1 0 0 0 93 -996 3
1 0 0 0 93 -996 3
-1 1 0 0 573 -819 3
-1 0 1 0 823 -568 3
-1 0 0 0 837 -547 3
-1 0 0 0 -158 -987 3
-1 1 1 0 -662 -749 3
-1 1 0 0 -328 945 3
0 0 1 0 516 -857 3
0 0 1 0 516 -857 3
0 0 1 0 516 -857 3
0 1 0 0 319 948 3
1 0 1 0 997 -83 3
1 0 1 0 997 -83 3
1 0 1 0 997 -83 3
1 0 1 1 -990 -141 3
1 0 0 0 1000 0 3
1 0 0 0 1000 0 3
1 0 0 0 1000 0 3
1 0 1 0 98 995 3
1 0 1 0 98 995 3
1 0 1 0 98 995 3
1 0 1 0 98 995 3
1 0 1 0 98 995 3
1 0 0 0 98 995 3
1 0 1 0 383 924 3
1 0 1 0 383 924 3
1 0 1 0 383 924 3
1 0 1 0 383 924 3
1 0 0 0 383 924 3
1 0 1 0 383 -924 3
1 0 1 0 383 -924 3
1 0 1 0 383 -924 3
1 0 1 0 383 -924 3
1 0 0 0 383 -924 3
1 0 0 0 383 -924 3
1 0 1 0 290 -957 3
1 0 1 0 290 -957 3
1 0 1 0 290 -957 3
1 0 0 0 290 -957 3
1 0 1 0 -981 195 3
1 0 1 1 -924 383 3
1 0 1 0 -924 383 3
1 0 0 0 -924 383 3
1 0 1 0 98 -995 3
1 0 1 0 98 -995 3
1 0 1 0 98 -995 3
1 0 0 0 98 -995 3
1 0 1 0 98 -995 3
1 0 1 0 98 -995 3
1 0 1 0 98 -995 3
1 0 0 0 98 -995 3
1 0 1 0 -707 707 3
1 0 1 0 -707 707 3
1 0 1 0 -707 707 3
1 0 1 0 -707 707 3
1 0 1 0 -707 707 3
1 0 0 0 -707 707 3
1 0 1 0 -924 -383 3
1 0 1 0 -924 -383 3
1 0 1 0 -924 -383 3
1 0 1 0 -924 -383 3
1 0 1 0 -924 -383 3
1 0 1 0 -924 -383 3
1 0 0 0 -924 -383 3
1 0 0 0 -924 -383 3
1 0 0 1 -195 981 3
1 0 1 0 195 -981 3
1 0 1 0 195 -981 3
1 0 1 0 195 -981 3
1 0 1 0 195 -981 3
1 1 1 0 195 -981 3
1 0 1 0 195 -981 3
1 0 0 0 195 -981 3
1 0 1 0 -290 -957 3
1 0 1 0 -290 -957 3
1 0 1 0 -290 -957 3
1 0 1 0 -290 -957 3
1 0 0 0 -290 -957 3
1 0 1 0 -570 -822 3
1 0 0 0 -570 -822 3
1 0 1 0 -609 -793 3
1 0 0 0 -609 -793 3
1 0 1 0 -643 -766 3
1 0 0 0 -643 -766 3
1 0 1 0 -773 634 3
1 0 1 0 -773 634 3
1 0 1 0 -773 634 3
1 0 1 0 -773 634 3
1 0 0 0 -773 634 3
1 0 1 0 -98 995 3
1 0 1 1 -383 -924 3
1 0 0 0 -383 -924 3
1 0 0 0 -383 -924 3
1 0 1 0 0 1000 3
1 0 1 0 0 1000 3
1 0 1 0 0 1000 3
1 0 1 0 0 1000 3
1 0 0 0 0 1000 3
1 0 0 0 0 1000 3
1 0 1 0 411 -912 3
1 0 0 0 411 -912 3
1 0 1 0 924 -383 3
1 0 1 0 924 -383 3
1 0 1 0 924 -383 3
1 0 1 0 924 -383 3
1 0 1 0 924 -383 3
1 0 1 0 924 -383 3
1 0 1 0 924 -383 3
1 0 1 0 924 -383 3
1 0 1 0 924 -383 3
1 0 1 0 924 -383 3
1 0 1 0 924 -383 3
1 0 1 0 924 -383 3
1 0 1 0 924 -383 3
1 0 1 0 924 -383 3
1 0 1 1 -831 556 3
1 0 0 0 -831 556 3
1 0 0 0 -831 556 3
1 0 1 0 52 999 3
1 0 0 0 52 999 3
1 0 1 0 39 999 3
1 0 0 0 39 999 3
1 0 0 0 39 999 3
1 0 1 0 26 1000 3
1 0 0 0 26 1000 3
1 0 1 0 383 924 3
1 0 0 0 383 924 3
1 0 1 0 9 1000 3
1 0 0 0 9 1000 3
1 0 1 0 195 981 3
1 0 1 0 195 981 3
1 0 1 0 195 981 3
1 0 0 0 195 981 3
1 0 1 0 0 1000 3
1 0 1 0 0 1000 3
1 0 1 0 0 1000 3
1 0 1 0 0 1000 3
0 0 1 0 0 1000 3
-1 0 1 0 0 1000 3
-1 0 1 0 0 1000 3
0 0 0 0 0 1000 3
1 0 1 0 -707 707 3
-1 0 1 0 -707 707 3
-1 0 1 0 -707 707 3
-1 0 1 0 -707 707 3
-1 0 1 0 -707 707 3
-1 0 1 0 -707 707 3
-1 0 1 0 -707 707 3
1 0 1 1 831 -556 3
0 0 1 0 831 -556 3
-1 0 1 0 831 -556 3
0 0 1 0 831 -556 3
-1 0 1 0 831 -556 3
-1 0 1 0 831 -556 3
-1 0 1 0 831 -556 3
-1 0 1 0 831 -556 3
-1 0 1 0 831 -556 3
-1 0 1 0 831 -556 3
-1 0 1 0 831 -556 3
-1 0 1 0 831 -556 3
-1 0 1 0 831 -556 3
-1 0 1 0 831 -556 3
-1 0 1 0 831 -556 3
-1 0 1 0 831 -556 3
-1 0 0 0 831 -556 3
-1 0 0 0 831 -556 3
-1 0 1 0 -471 -882 3
-1 0 1 0 -471 -882 3
-1 0 1 0 -471 -882 3
-1 0 1 0 -471 -882 3
-1 0 1 0 -471 -882 3
-1 0 0 0 -471 -882 3
-1 0 1 0 290 -957 3
-1 0 1 1 383 924 3
-1 0 0 0 383 924 3
-1 0 1 0 -924 -383 3
-1 0 1 0 -924 -383 3
-1 0 0 0 -924 -383 3
-1 0 1 0 -707 -707 3
-1 0 1 0 -707 -707 3
-1 1 0 0 -707 -707 3
-1 0 1 0 -92 996 3
-1 0 0 0 -92 996 3
-1 0 1 0 -74 997 3
-1 0 0 0 -74 997 3
-1 0 1 0 -57 998 3
-1 0 0 0 -57 998 3
-1 0 1 0 -39 999 3
-1 0 1 0 -39 999 3
-1 0 0 0 -39 999 3
-1 0 1 0 -707 707 3
-1 0 1 0 -707 707 3
-1 0 1 0 -707 707 3
-1 0 1 0 -707 707 3
-1 0 1 0 -707 707 3
-1 0 1 0 -707 707 3
-1 0 1 0 -707 707 3
-1 0 1 0 -707 707 3
-1 0 1 0 -707 707 3
-1 0 0 0 -707 707 3
-1 0 0 0 -707 707 3
-1 0 1 0 0 1000 3
-1 0 1 0 0 1000 3
-1 0 0 0 0 1000 3
-1 0 1 0 -78 -997 3
-1 0 0 0 -78 -997 3
-1 0 1 0 -22 -1000 3
-1 0 0 0 -22 -1000 3
-1 0 1 0 92 -996 3
-1 0 0 0 92 -996 3
-1 0 0 0 92 -996 3
-1 0 1 0 92 -996 3
-1 0 0 0 92 -996 3
-1 0 1 0 195 -981 3
-1 0 0 0 195 -981 3
-1 0 1 0 -556 831 3
-1 0 1 0 -556 831 3
-1 0 1 0 -556 831 3
-1 0 1 1 831 556 3
-1 0 1 0 831 556 3
-1 0 0 0 831 556 3
-1 0 1 0 -98 995 3
-1 0 1 0 -98 995 3
-1 0 1 0 -98 995 3
-1 0 0 0 -98 995 3
-1 0 1 0 -17 1000 3
-1 0 0 0 -17 1000 3
-1 0 0 0 -17 1000 3
-1 0 1 0 -882 471 3
-1 0 0 0 -882 471 3
-1 0 1 0 -383 924 3
-1 0 1 0 -383 924 3
-1 0 1 0 -383 924 3
-1 0 1 0 -383 924 3
-1 0 0 0 -383 924 3
-1 0 0 0 -383 924 3
-1 0 1 0 -981 -195 3
-1 0 1 0 -981 -195 3
-1 0 1 0 -981 -195 3
-1 0 1 0 -981 -195 3
-1 0 1 0 -981 -195 3
-1 0 1 0 -981 -195 3
-1 0 1 0 -981 -195 3
-1 0 1 0 -981 -195 3
-1 1 1 0 -981 -195 3
-1 0 0 0 -981 -195 3
-1 0 0 1 924 -383 3
-1 0 1 0 981 -195 3
-1 0 1 0 981 -195 3
-1 0 0 0 981 -195 3
-1 0 1 0 -634 773 3
-1 0 1 0 -634 773 3
-1 0 1 0 -634 773 3
-1 0 1 0 -634 773 3
-1 0 1 0 -634 773 3
-1 0 0 0 -634 773 3
-1 0 1 0 -471 882 3
-1 0 0 0 -471 882 3
-1 0 1 0 -471 882 3
-1 0 0 0 -471 882 3
-1 0 1 0 290 957 3
-1 0 0 0 290 957 3
-1 0 1 0 169 986 3
-1 0 0 0 169 986 3
-1 0 1 0 924 383 3
0 0 1 0 924 383 3
0 0 1 0 924 383 3
0 0 1 0 924 383 3
-1 0 1 0 924 383 3
0 0 0 0 924 383 3
1 0 1 0 831 556 3
1 0 1 0 831 556 3
1 0 1 0 831 556 3
0 0 0 0 831 556 3
1 0 1 0 411 912 3
0 0 1 0 411 912 3
1 0 0 0 411 912 3
0 0 1 0 290 957 3
-1 0 1 0 290 957 3
-1 0 1 0 290 957 3
0 0 0 0 290 957 3
-1 0 1 0 -879 -477 3
-1 0 0 0 -879 -477 3
-1 0 1 0 -957 -290 3
-1 0 1 0 -957 -290 3
-1 0 1 0 -957 -290 3
-1 0 1 0 -957 -290 3
-1 0 1 1 924 383 3
-1 0 1 0 924 383 3
-1 0 1 0 924 383 3
-1 0 1 0 924 383 3
-1 0 1 0 924 383 3
-1 0 1 0 924 383 3
-1 0 1 0 924 383 3
-1 0 0 0 924 383 3
-1 0 1 0 -195 -981 3
-1 0 1 0 -195 -981 3
-1 1 1 0 -195 -981 3
-1 0 1 0 -195 -981 3
-1 0 1 0 -195 -981 3
-1 0 1 0 -195 -981 3
-1 0 1 0 -195 -981 3
-1 0 1 0 -195 -981 3
-1 0 1 0 -195 -981 3
-1 0 0 0 -195 -981 3
-1 0 0 0 -195 -981 3
-1 0 1 0 577 -817 3
-1 0 0 0 577 -817 3
-1 0 1 0 623 -783 3
-1 0 0 0 623 -783 3
-1 0 1 0 666 -746 3
-1 0 0 0 666 -746 3
-1 0 1 0 704 -710 3
-1 0 0 0 704 -710 3
-1 0 1 0 471 -882 3
-1 0 1 0 471 -882 3
-1 0 1 0 471 -882 3
-1 0 0 0 471 -882 3
-1 0 1 0 383 -924 3
-1 0 1 0 383 -924 3
-1 0 0 0 383 -924 3
-1 0 1 0 -981 195 3
-1 0 1 1 -556 -831 3
-1 0 0 0 -556 -831 3
-1 0 1 0 713 -701 3
-1 0 1 0 713 -701 3
-1 0 0 0 713 -701 3
-1 0 1 0 556 -831 3
-1 0 0 0 556 -831 3
-1 0 1 0 924 -383 3
-1 0 0 0 924 -383 3
-1 0 1 0 -471 882 3
-1 0 1 0 -471 882 3
-1 0 1 0 -471 882 3
-1 0 1 0 -471 882 3
-1 0 1 0 -471 882 3
-1 0 0 0 -471 882 3
-1 0 1 0 -634 -773 3
-1 0 1 0 -634 -773 3
-1 0 1 0 -634 -773 3
-1 0 1 0 -634 -773 3
-1 1 1 0 -634 -773 3
-1 0 0 0 -634 -773 3
-1 0 1 0 831 -556 3
-1 0 1 0 831 -556 3
-1 0 0 0 831 -556 3
-1 0 1 0 -290 957 3
-1 0 1 0 -290 957 3
-1 0 1 0 -290 957 3
-1 0 0 0 -290 957 3
-1 0 1 0 -290 957 3
-1 0 1 0 -290 957 3
-1 0 1 0 -290 957 3
-1 0 0 0 -290 957 3
-1 0 1 0 290 -957 3
-1 0 1 0 290 -957 3
-1 0 1 0 290 -957 3
-1 0 0 0 290 -957 3
-1 0 0 1 -924 -383 3
-1 0 1 0 -634 -773 3
-1 0 1 0 -634 -773 3
-1 0 1 0 -634 -773 3
-1 0 1 0 -634 -773 3
-1 0 1 0 -634 -773 3
-1 0 1 0 -634 -773 3
-1 0 1 0 -634 -773 3
-1 0 0 0 -634 -773 3
-1 0 1 0 -383 -924 3
-1 0 1 0 -383 -924 3
-1 0 1 0 -383 -924 3
-1 0 0 0 -383 -924 3
-1 0 1 0 -98 995 3
-1 0 1 0 -98 995 3
-1 0 1 0 -98 995 3
-1 0 0 0 -98 995 3
-1 0 0 0 -98 995 3
-1 0 1 0 -981 -195 3
-1 0 0 0 -981 -195 3
-1 0 1 0 -98 995 3
-1 0 1 0 -98 995 3
-1 0 0 0 -98 995 3
-1 0 1 0 -246 -969 3
-1 0 0 0 -246 -969 3
-1 0 1 0 -290 -957 3
-1 0 0 0 -290 -957 3
-1 0 0 1 924 383 3
-1 0 1 0 105 -995 3
-1 0 0 0 105 -995 3
-1 0 1 0 152 -988 3
-1 0 0 0 152 -988 3
-1 0 1 0 242 -970 3
-1 0 0 0 242 -970 3
-1 0 1 0 -98 -995 3
-1 0 1 0 -98 -995 3
-1 0 1 0 -98 -995 3
-1 0 0 0 -98 -995 3
-1 0 0 0 -98 -995 3
-1 0 1 0 981 -195 3
-1 0 1 0 981 -195 3
-1 0 1 0 981 -195 3
-1 0 1 0 981 -195 3
-1 0 0 0 981 -195 3
-1 0 0 0 981 -195 3
-1 0 1 0 773 -634 3
-1 0 1 0 773 -634 3
-1 0 1 0 773 -634 3
-1 0 1 0 773 -634 3
-1 0 0 0 773 -634 3
-1 0 0 0 773 -634 3
-1 0 1 0 98 -995 3
-1 0 1 0 98 -995 3
-1 0 1 0 98 -995 3
-1 0 1 1 -924 -383 3
-1 1 0 0 -924 -383 3
-1 0 1 0 882 -471 3
-1 0 1 0 882 -471 3
-1 0 1 0 882 -471 3
-1 0 0 0 882 -471 3
-1 0 1 0 -471 -882 3
-1 0 1 0 -471 -882 3
-1 0 1 0 -471 -882 3
-1 0 0 0 -471 -882 3
-1 0 1 0 957 290 3
-1 0 1 0 957 290 3
-1 0 1 0 957 290 3
-1 0 0 0 957 290 3
-1 0 1 0 0 -1000 3
-1 0 0 0 0 -1000 3
-1 0 0 0 0 -1000 3
-1 0 1 0 -556 831 3
-1 0 0 0 -556 831 3
-1 0 1 0 -707 707 3
-1 0 1 0 -707 707 3
-1 0 1 0 -707 707 3
-1 0 0 0 -707 707 3
-1 0 1 0 -1000 0 3
-1 0 1 0 -1000 0 3
-1 0 1 0 -1000 0 3
-1 0 1 0 -1000 0 3
-1 0 1 0 -1000 0 3
-1 0 1 0 -1000 0 3
-1 0 0 0 -1000 0 3
-1 0 0 0 -1000 0 3
1 0 1 0 707 707 3
-1 0 1 0 707 707 3
0 0 1 0 707 707 3
0 0 0 0 707 707 3
0 0 1 0 98 995 3
-1 0 1 1 -991 -131 3
-1 0 1 0 -991 -131 3
-1 0 1 0 -991 -131 3
0 0 1 0 -991 -131 3
1 0 1 0 -991 -131 3
-1 0 1 0 -991 -131 3
-1 0 0 0 -991 -131 3
0 0 1 0 707 707 3
-1 0 1 0 707 707 3
1 0 1 0 707 707 3
1 0 1 0 707 707 3
-1 0 1 0 707 707 3
1 0 1 0 707 707 3
1 0 1 0 707 707 3
1 0 1 0 707 707 3
1 0 0 0 707 707 3
1 0 1 0 924 -383 3
1 0 0 0 924 -383 3
1 0 1 0 882 -471 3
1 0 0 0 882 -471 3
1 0 1 0 901 -434 3
1 0 1 0 901 -434 3
1 0 1 0 901 -434 3
1 0 0 0 901 -434 3
1 1 1 0 -471 -882 3
1 0 1 1 -831 556 3
1 0 1 0 -831 556 3
1 0 1 0 -831 556 3
1 0 1 0 -831 556 3
1 0 1 0 -831 556 3
1 0 1 0 -831 556 3
1 0 1 0 -831 556 3
1 0 0 0 -831 556 3
1 0 1 0 -882 -471 3
1 0 0 0 -882 -471 3
1 0 0 0 -882 -471 3
1 0 1 0 471 -882 3
1 0 0 0 471 -882 3
1 0 1 0 0 -1000 3
1 0 1 0 0 -1000 3
1 0 1 0 0 -1000 3
1 0 1 0 0 -1000 3
1 0 1 0 0 -1000 3
1 0 0 0 0 -1000 3
1 0 1 0 290 957 3
1 0 0 0 290 957 3
1 0 0 0 290 957 3
1 0 1 0 98 995 3
1 0 0 0 98 995 3
1 0 0 0 98 995 3
1 0 0 1 659 -752 3
1 0 1 0 634 773 3
1 0 1 0 634 773 3
1 0 1 0 634 773 3
1 0 0 0 634 773 3
1 0 1 0 98 995 3
1 0 0 0 98 995 3
1 0 1 0 957 -290 3
1 0 0 0 957 -290 3
1 0 1 0 -500 -866 3
1 0 0 0 -500 -866 3
1 0 1 0 981 -195 3
1 0 1 0 981 -195 3
1 0 1 0 981 -195 3
1 0 1 0 981 -195 3
1 0 1 0 981 -195 3
1 0 0 0 981 -195 3
1 0 1 0 122 -993 3
1 0 0 0 122 -993 3
1 0 1 0 31 -1000 3
1 0 0 0 31 -1000 3
1 0 1 0 -98 -995 3
1 0 0 0 -98 -995 3
1 0 1 0 -195 -981 3
1 0 0 0 -195 -981 3
1 0 1 0 -831 556 3
1 0 1 1 -383 -924 3
1 0 0 0 -383 -924 3
1 0 1 0 290 957 3
1 0 0 0 290 957 3
1 0 1 0 -882 471 3
1 0 0 0 -882 471 3
1 0 1 0 831 556 3
1 0 1 0 831 556 3
1 0 1 0 831 556 3
1 0 0 0 831 556 3
1 0 1 0 981 195 3
1 0 1 0 981 195 3
1 0 1 0 981 195 3
1 0 0 0 981 195 3
1 0 1 0 -169 986 3
1 0 1 0 -169 986 3
1 0 1 0 -169 986 3
0 0 0 0 -169 986 3
1 0 1 0 707 -707 3
1 0 1 0 707 -707 3
1 0 1 0 707 -707 3
1 0 1 0 707 -707 3
1 0 1 0 707 -707 3
1 0 1 0 707 -707 3
1 0 1 0 707 -707 3
1 0 1 0 707 -707 3
1 0 1 0 707 -707 3
1 0 1 0 707 -707 3
1 0 1 0 707 -707 3
1 0 0 0 707 -707 3
1 0 1 0 -98 995 3
1 0 1 0 -98 995 3
1 0 0 0 -98 995 3
1 0 1 0 -195 -981 3
1 0 0 0 -195 -981 3
1 0 1 0 0 1000 3
1 0 1 0 0 1000 3
1 0 0 0 0 1000 3
1 0 1 0 -39 999 3
1 0 1 0 -39 999 3
1 0 0 0 -39 999 3
1 0 1 0 -92 996 3
1 0 0 0 -92 996 3
1 0 1 0 383 924 3
1 0 1 1 981 -195 3
1 0 0 0 981 -195 3
1 0 1 0 -98 995 3
1 0 1 0 -98 995 3
-1 0 1 0 -98 995 3
1 0 1 0 -98 995 3
1 0 1 0 -98 995 3
1 0 0 0 -98 995 3
-1 0 1 0 -471 882 3
1 0 1 0 -471 882 3
1 0 1 0 -471 882 3
1 0 0 0 -471 882 3
1 0 0 0 -471 882 3
1 0 1 0 882 -471 3
1 0 0 0 882 -471 3
1 0 1 0 831 -556 3
1 0 0 0 831 -556 3
1 0 1 0 957 -290 3
1 0 1 0 957 -290 3
1 0 0 0 957 -290 3
1 0 0 0 957 -290 3
1 0 1 0 707 -707 3
1 0 0 0 707 -707 3
1 0 1 0 707 -707 3
1 0 0 0 707 -707 3
0 0 1 0 773 -634 3
1 0 0 0 773 -634 3
1 0 1 0 634 -773 3
1 0 1 1 -1000 0 3
1 0 1 0 -1000 0 3
1 0 1 0 -1000 0 3
1 0 0 0 -1000 0 3
1 0 1 0 -195 -981 3
1 0 1 0 -195 -981 3
1 0 1 0 -195 -981 3
1 1 1 0 -195 -981 3
1 0 1 0 -195 -981 3
1 0 1 0 -195 -981 3
1 0 1 0 -195 -981 3
1 0 1 0 -195 -981 3
1 0 1 0 -195 -981 3
1 0 0 0 -195 -981 3
1 0 0 0 -195 -981 3
1 0 1 0 -728 -685 3
1 0 1 0 -728 -685 3
1 0 1 0 -728 -685 3
1 0 0 0 -728 -685 3
-1 0 1 0 -783 -623 3
-1 0 0 0 -783 -623 3
1 0 1 0 -893 -450 3
1 0 0 0 -893 -450 3
-1 0 1 0 -831 -556 3
-1 0 1 0 -831 -556 3
0 0 1 0 -831 -556 3
1 0 1 1 981 -195 3
1 0 0 0 981 -195 3
-1 0 1 0 -831 556 3
-1 0 1 0 -831 556 3
-1 0 0 0 -831 556 3
1 0 1 0 998 -65 3
1 0 0 0 998 -65 3
1 0 0 0 998 -65 3
1 0 1 0 855 519 3
1 0 1 0 855 519 3
1 0 0 0 855 519 3
1 0 1 0 634 773 3
1 0 1 0 634 773 3
1 0 1 0 634 773 3
1 0 0 0 634 773 3
0 0 1 0 471 882 3
1 0 1 0 471 882 3
1 0 1 0 471 882 3
1 0 1 0 471 882 3
1 0 1 0 471 882 3
1 0 0 0 471 882 3
1 0 1 0 556 831 3
1 0 1 0 556 831 3
1 0 1 0 556 831 3
1 0 1 0 556 831 3
1 0 1 0 556 831 3
1 0 1 0 556 831 3
1 0 1 0 556 831 3
1 0 1 0 556 831 3
1 0 1 1 -556 -831 3
1 0 1 0 -556 -831 3
1 0 0 0 -556 -831 3
1 0 1 0 0 1000 3
1 0 1 0 0 1000 3
1 0 1 0 0 1000 3
1 0 0 0 0 1000 3
1 0 1 0 -995 -98 3
1 0 0 0 -995 -98 3
1 0 1 0 -195 981 3
1 0 0 0 -195 981 3
1 0 0 0 -195 981 3
1 0 1 0 290 957 3
1 0 1 0 290 957 3
1 0 1 0 290 957 3
1 0 1 0 290 957 3
1 0 1 0 290 957 3
1 0 1 0 290 957 3
1 0 0 0 290 957 3
1 0 1 0 957 290 3
1 0 1 0 957 290 3
1 0 0 0 957 290 3
1 0 1 0 924 -383 3
1 0 1 0 924 -383 3
1 0 1 0 924 -383 3
1 0 1 0 924 -383 3
1 0 1 1 831 -556 3
1 0 0 0 831 -556 3
1 0 0 0 831 -556 3
1 0 1 0 924 -383 3
1 0 1 0 924 -383 3
1 0 1 0 924 -383 3
1 0 1 0 924 -383 3
1 0 0 0 924 -383 3
1 0 1 0 882 -471 3
1 0 1 0 882 -471 3
1 0 1 0 882 -471 3
1 0 1 0 882 -471 3
1 0 1 0 882 -471 3
1 0 1 0 882 -471 3
1 0 0 0 882 -471 3
1 0 1 0 634 -773 3
1 0 1 0 634 -773 3
1 0 1 0 634 -773 3
1 0 0 0 634 -773 3
1 0 0 0 634 -773 3
1 0 0 0 634 -773 3
1 0 1 0 98 -995 3
1 0 0 0 98 -995 3
1 0 1 0 290 -957 3
1 0 1 0 290 -957 3
1 0 0 0 290 -957 3
1 0 1 0 195 981 3
1 0 0 0 195 981 3
1 0 1 0 250 -968 3
1 0 0 0 250 -968 3
1 0 1 0 191 -982 3
1 0 0 0 191 -982 3
1 0 1 0 135 -991 3
1 0 0 0 135 -991 3
1 0 1 0 78 -997 3
1 0 0 0 78 -997 3
1 0 1 0 26 -1000 3
1 0 1 0 26 -1000 3
1 0 1 0 26 -1000 3
1 0 0 0 26 -1000 3
1 0 1 0 707 -707 3
1 0 0 0 707 -707 3
1 0 1 0 -290 957 3
1 0 1 0 -290 957 3
1 0 0 0 -290 957 3
1 0 1 0 556 831 3
1 0 1 0 556 831 3
1 0 1 0 556 831 3
1 0 0 0 556 831 3
1 0 1 0 -882 471 3
1 0 1 0 -882 471 3
1 0 1 1 -924 383 3
1 1 0 0 -924 383 3
1 0 1 0 -471 -882 3
1 0 0 0 -471 -882 3
1 0 1 0 -395 -919 3
1 0 1 0 -395 -919 3
1 0 1 0 -395 -919 3
1 0 0 0 -395 -919 3
1 0 1 0 -290 -957 3
-1 0 1 0 -290 -957 3
1 0 1 0 -290 -957 3
1 0 1 0 -290 -957 3
1 0 0 0 -290 -957 3
1 0 1 0 -471 -882 3
1 0 1 0 -471 -882 3
1 0 1 0 -471 -882 3
1 0 0 0 -471 -882 3
1 0 1 0 98 995 3
1 0 1 0 98 995 3
1 0 1 0 98 995 3
1 0 0 0 98 995 3
1 0 1 0 -995 98 3
1 0 1 0 -995 98 3
1 0 1 0 -995 98 3
1 0 1 0 -995 98 3
1 0 1 0 -995 98 3
1 0 1 0 -995 98 3
1 0 1 0 -995 98 3
1 0 1 0 -995 98 3
1 0 1 0 -995 98 3
1 0 0 0 -995 98 3
1 0 1 0 -634 -773 3
1 0 0 0 -634 -773 3
1 0 1 0 98 995 3
1 0 0 0 98 995 3
1 0 1 0 98 995 3
1 0 0 0 98 995 3
1 0 1 0 471 -882 3
1 0 1 0 471 -882 3
1 0 1 0 471 -882 3
1 0 1 0 471 -882 3
1 0 0 0 471 -882 3
1 0 0 1 924 -383 3
1 0 1 0 556 831 3
1 0 1 0 556 831 3
1 0 1 0 556 831 3
1 0 0 0 556 831 3
1 0 1 0 290 957 3
1 0 1 0 290 957 3
1 0 1 0 290 957 3
1 0 0 0 290 957 3
1 0 0 0 290 957 3
1 0 1 0 -383 -924 3
1 0 0 0 -383 -924 3
1 0 1 0 -109 994 3
1 0 0 0 -109 994 3
1 0 0 0 -109 994 3
1 0 1 0 -195 -981 3
1 0 0 0 -195 -981 3
1 0 1 0 -773 -634 3
1 0 1 0 -773 -634 3
1 0 0 0 -773 -634 3
1 0 1 0 773 -634 3
1 0 1 0 773 -634 3
1 0 1 0 773 -634 3
1 0 1 0 773 -634 3
1 0 1 0 773 -634 3
1 0 0 0 773 -634 3
1 0 0 1 707 707 3
1 0 1 0 471 -882 3
1 0 1 0 471 -882 3
1 1 0 0 471 -882 3
1 0 1 0 634 -773 3
1 0 1 0 634 -773 3
1 0 1 0 634 -773 3
1 0 0 0 634 -773 3
1 0 1 0 98 -995 3
1 0 1 0 98 -995 3
1 0 1 0 98 -995 3
1 0 0 0 98 -995 3
1 0 0 0 98 -995 3
1 0 1 0 383 924 3
1 0 1 0 383 924 3
1 0 0 0 383 924 3
1 0 1 0 556 -831 3
1 0 1 0 556 -831 3
1 0 1 0 556 -831 3
1 0 1 0 556 -831 3
1 0 1 0 556 -831 3
1 0 1 0 556 -831 3
1 0 1 0 556 -831 3
1 0 0 0 556 -831 3
1 0 1 0 957 -290 3
1 0 1 0 957 -290 3
1 0 1 0 957 -290 3
1 0 1 0 957 -290 3
1 0 1 0 957 -290 3
1 0 1 0 957 -290 3
1 0 1 1 924 -383 3
1 0 1 0 924 -383 3
1 0 0 0 924 -383 3
1 0 1 0 383 924 3
1 0 1 0 383 924 3
1 0 1 0 383 924 3
1 0 1 0 383 924 3
1 0 1 0 383 924 3
1 0 1 0 383 924 3
1 0 1 0 383 924 3
1 0 1 0 383 924 3
1 0 1 0 383 924 3
1 0 1 0 383 924 3
-1 0 0 0 383 924 3
1 0 1 0 981 -195 3
1 0 1 0 981 -195 3
1 0 1 0 981 -195 3
1 0 1 0 981 -195 3
1 0 1 0 981 -195 3
1 0 0 0 981 -195 3
1 0 1 0 -195 981 3
1 0 0 0 -195 981 3
1 0 1 0 -634 773 3
0 0 0 0 -634 773 3
1 0 1 0 -773 634 3
1 0 0 0 -773 634 3
0 0 1 0 -882 471 3
1 0 1 0 -882 471 3
1 0 0 0 -882 471 3
1 0 1 0 -924 383 3
1 0 0 0 -924 383 3
-1 0 0 0 -924 383 3
1 0 1 0 -964 267 3
-1 0 0 0 -964 267 3
-1 0 1 0 -974 -225 3
-1 0 0 0 -974 -225 3
-1 0 1 0 -973 -229 3
-1 0 1 0 -973 -229 3
-1 0 1 0 -973 -229 3
-1 0 1 0 -973 -229 3
-1 0 1 0 -973 -229 3
-1 0 1 1 707 707 3
-1 0 1 0 707 707 3
-1 0 1 0 707 707 3
-1 0 1 0 707 707 3
-1 0 0 0 707 707 3
-1 0 0 0 707 707 3
-1 0 1 0 957 -290 3
-1 0 0 0 957 -290 3
-1 1 1 0 -118 993 3
-1 0 0 0 -118 993 3
-1 0 1 0 -96 995 3
-1 0 0 0 -96 995 3
-1 0 0 0 -96 995 3
-1 0 1 0 -290 957 3
-1 0 1 0 -290 957 3
-1 0 1 0 -290 957 3
-1 0 0 0 -290 957 3
-1 0 1 0 957 -290 3
-1 0 0 0 957 -290 3
-1 0 1 0 -383 -924 3
-1 0 1 0 -383 -924 3
-1 0 1 0 -383 -924 3
-1 0 1 0 -383 -924 3
-1 0 1 0 -383 -924 3
-1 0 0 0 -383 -924 3
-1 0 1 0 -773 -634 3
-1 0 1 0 -773 -634 3
-1 0 1 0 -773 -634 3
-1 0 1 0 -773 -634 3
-1 0 1 1 924 383 3
-1 0 1 0 924 383 3
-1 0 1 0 924 383 3
-1 0 1 0 924 383 3
-1 0 1 0 924 383 3
-1 0 1 0 924 383 3
-1 0 0 0 924 383 3
-1 0 0 0 924 383 3
-1 0 1 0 -471 882 3
-1 0 0 0 -471 882 3
-1 0 1 0 -195 981 3
-1 0 1 0 -195 981 3
-1 0 1 0 -195 981 3
-1 0 0 0 -195 981 3
-1 0 1 0 -707 707 3
-1 0 1 0 -707 707 3
-1 0 1 0 -707 707 3
-1 0 0 0 -707 707 3
-1 0 1 0 -195 -981 3
-1 0 1 0 -195 -981 3
-1 0 0 0 -195 -981 3
-1 0 1 0 98 -995 3
-1 0 0 0 98 -995 3
-1 0 1 0 -98 995 3
-1 0 1 0 -98 995 3
-1 0 1 1 556 -831 3
-1 0 1 0 556 -831 3
-1 0 0 0 556 -831 3
-1 0 1 0 -100 -995 3
-1 0 0 0 -100 -995 3
-1 0 1 0 0 1000 3
-1 0 0 0 0 1000 3
-1 0 1 0 -131 -991 3
-1 0 0 0 -131 -991 3
-1 0 1 0 -57 -998 3
-1 0 1 0 -57 -998 3
-1 0 0 0 -57 -998 3
-1 0 1 0 -195 -981 3
-1 0 1 0 -195 -981 3
-1 0 1 0 -195 -981 3
-1 0 0 0 -195 -981 3
-1 0 0 0 -195 -981 3
-1 0 1 0 773 -634 3
-1 0 1 0 773 -634 3
-1 1 0 0 773 -634 3
-1 0 0 0 773 -634 3
-1 0 1 0 -924 -383 3
-1 0 1 0 -924 -383 3
-1 0 0 0 -924 -383 3
-1 0 1 0 707 -707 3
-1 0 0 0 707 -707 3
-1 0 0 0 707 -707 3
-1 0 0 1 924 -383 3
-1 0 1 0 -831 556 3
-1 0 1 0 -831 556 3
-1 0 0 0 -831 556 3
-1 0 1 0 57 998 3
-1 0 0 0 57 998 3
-1 0 1 0 70 998 3
-1 0 0 0 70 998 3
-1 0 1 0 83 997 3
-1 0 0 0 83 997 3
-1 0 1 0 96 995 3
-1 0 0 0 96 995 3
-1 0 1 0 109 994 3
-1 0 0 0 109 994 3
-1 0 1 0 0 1000 3
-1 0 1 0 0 1000 3
-1 0 0 0 0 1000 3
-1 0 1 0 383 924 3
-1 0 0 0 383 924 3
-1 0 0 0 383 924 3
-1 0 1 0 -707 -707 3
-1 0 1 0 -707 -707 3
-1 0 1 0 -707 -707 3
-1 0 1 0 -707 -707 3
-1 0 0 0 -707 -707 3
-1 0 1 0 -471 -882 3
-1 0 1 0 -471 -882 3
-1 0 1 0 -471 -882 3
-1 0 0 0 -471 -882 3
-1 0 1 0 -98 -995 3
-1 0 0 0 -98 -995 3
-1 0 0 0 -98 -995 3
-1 0 1 0 -195 -981 3
-1 0 0 0 -195 -981 3
-1 0 0 0 -195 -981 3
-1 0 1 0 -773 -634 3
-1 0 1 0 -773 -634 3
-1 0 1 0 -773 -634 3
-1 0 1 0 -773 -634 3
-1 0 0 0 -773 -634 3
-1 0 1 0 -995 98 3
-1 0 1 0 -995 98 3
-1 0 1 1 924 383 3
-1 0 0 0 924 383 3
-1 0 1 0 195 981 3
-1 0 0 0 195 981 3
-1 0 1 0 831 -556 3
-1 0 0 0 831 -556 3
-1 0 1 0 634 -773 3
-1 0 0 0 634 -773 3
-1 0 1 0 556 -831 3
-1 0 1 0 556 -831 3
-1 0 0 0 556 -831 3
-1 0 1 0 -1000 0 3
-1 0 1 0 -1000 0 3
-1 0 1 0 -1000 0 3
-1 1 1 0 -1000 0 3
-1 0 0 0 -1000 0 3
1 0 1 0 882 471 3
1 0 1 0 882 471 3
1 1 1 0 882 471 3
1 0 1 0 882 471 3
1 0 1 0 882 471 3
1 0 1 0 882 471 3
1 0 1 0 882 471 3
0 0 1 0 882 471 3
0 0 1 0 882 471 3
0 0 1 0 882 471 3
0 0 1 0 882 471 3
1 0 1 0 882 471 3
1 0 1 0 882 471 3
-1 0 1 1 -924 383 3
1 0 0 0 -924 383 3
1 0 1 0 -504 -864 3
1 0 1 0 -504 -864 3
1 0 1 0 -504 -864 3
0 0 0 0 -504 -864 3
0 0 1 0 882 -471 3
1 0 1 0 882 -471 3
1 0 0 0 882 -471 3
0 0 1 0 -773 -634 3
0 0 1 0 -773 -634 3
1 0 1 0 -773 -634 3
0 0 1 0 -773 -634 3
-1 0 1 0 -773 -634 3
0 0 1 0 -773 -634 3
1 0 1 0 -773 -634 3
1 0 1 0 -773 -634 3
-1 0 1 0 -773 -634 3
-1 0 0 0 -773 -634 3
1 0 1 0 1000 0 3
1 0 1 0 1000 0 3
1 0 1 0 1000 0 3
0 0 0 0 1000 0 3
1 0 1 0 -924 -383 3
-1 0 1 0 -924 -383 3
-1 0 1 0 -924 -383 3
-1 0 1 1 924 383 3
-1 0 0 0 924 383 3
-1 0 1 0 -556 831 3
-1 0 1 0 -556 831 3
-1 0 1 0 -556 831 3
-1 0 1 0 -556 831 3
-1 0 1 0 -556 831 3
-1 0 1 0 -556 831 3
-1 0 1 0 -556 831 3
-1 0 1 0 -556 831 3
-1 0 1 0 -556 831 3
-1 0 1 0 -556 831 3
-1 0 1 0 -556 831 3
-1 0 1 0 -556 831 3
-1 0 1 0 -556 831 3
-1 0 1 0 -556 831 3
-1 0 1 0 -556 831 3
-1 0 1 0 -556 831 3
-1 0 1 0 -556 831 3
-1 0 1 0 -556 831 3
-1 0 1 0 -556 831 3
1 0 1 0 -556 831 3
0 0 1 0 -556 831 3
0 0 1 0 -556 831 3
1 0 1 0 -556 831 3
1 0 1 0 -556 831 3
-1 0 1 0 -556 831 3
-1 0 1 0 -556 831 3
-1 0 0 0 -556 831 3
-1 0 1 0 882 471 3
-1 0 1 0 882 471 3
0 0 1 0 882 471 3
0 0 0 0 882 471 3
-1 0 1 0 -995 -98 3
-1 0 1 0 -995 -98 3
-1 0 1 1 924 -383 3
-1 0 0 0 924 -383 3
-1 0 1 0 -1000 0 3
-1 0 1 0 -1000 0 3
-1 0 1 0 -1000 0 3
-1 0 1 0 -1000 0 3
-1 0 1 0 -1000 0 3
-1 0 0 0 -1000 0 3
-1 0 1 0 -707 -707 3
-1 0 0 0 -707 -707 3
-1 0 1 0 -707 -707 3
-1 0 0 0 -707 -707 3
-1 0 1 0 -773 -634 3
-1 0 1 0 -773 -634 3
-1 0 1 0 -773 -634 3
-1 0 0 0 -773 -634 3
-1 0 1 0 -634 -773 3
-1 0 1 0 -634 -773 3
-1 0 0 0 -634 -773 3
-1 0 1 0 -634 -773 3
-1 0 1 0 -634 -773 3
-1 0 1 0 -634 -773 3
-1 0 0 0 -634 -773 3
-1 0 0 0 -634 -773 3
-1 0 1 0 -556 -831 3
-1 0 1 0 -556 -831 3
-1 0 1 0 -556 -831 3
-1 0 1 0 -556 -831 3
-1 0 1 1 383 924 3
-1 0 1 0 383 924 3
-1 0 1 0 383 924 3
-1 0 1 0 383 924 3
-1 0 1 0 383 924 3
-1 0 0 0 383 924 3
-1 0 0 0 383 924 3
-1 0 1 0 326 -946 3
-1 0 0 0 326 -946 3
-1 0 1 0 434 -901 3
-1 0 0 0 434 -901 3
-1 0 1 0 -707 -707 3
-1 0 1 0 -707 -707 3
-1 0 0 0 -707 -707 3
-1 0 1 0 -471 882 3
-1 0 1 0 -471 882 3
-1 0 0 0 -471 882 3
-1 0 1 0 375 -927 3
-1 0 0 0 375 -927 3
-1 0 1 0 419 -908 3
-1 0 0 0 419 -908 3
-1 0 1 0 477 -879 3
-1 0 1 0 477 -879 3
-1 0 0 0 477 -879 3
-1 0 1 0 773 -634 3
-1 0 1 0 773 -634 3
-1 0 1 1 0 1000 3
-1 0 0 0 0 1000 3
-1 0 1 0 556 831 3
-1 0 1 0 556 831 3
-1 0 1 0 556 831 3
-1 0 1 0 556 831 3
-1 0 1 0 556 831 3
-1 0 0 0 556 831 3
-1 0 0 0 556 831 3
-1 0 1 0 -259 966 3
-1 1 0 0 -259 966 3
-1 0 1 0 -924 383 3
-1 0 1 0 -924 383 3
-1 0 0 0 -924 383 3
-1 0 1 0 -290 957 3
-1 0 1 0 -290 957 3
-1 0 1 0 -290 957 3
-1 0 0 0 -290 957 3
-1 0 1 0 98 995 3
-1 0 0 0 98 995 3
-1 0 1 0 634 -773 3
-1 0 0 0 634 -773 3
-1 0 1 0 229 -973 3
-1 0 0 0 229 -973 3
-1 0 1 0 317 -948 3
-1 0 1 0 317 -948 3
-1 0 0 0 317 -948 3
-1 0 1 0 492 -870 3
-1 0 0 0 492 -870 3
0 0 1 0 584 -812 3
-1 0 0 0 584 -812 3
1 0 1 0 591 -806 3
0 0 1 0 591 -806 3
-1 0 1 0 591 -806 3
-1 0 0 0 591 -806 3
-1 0 0 1 924 -383 3
-1 0 1 0 556 831 3
-1 0 1 0 556 831 3
-1 0 1 0 556 831 3
-1 0 0 0 556 831 3
-1 0 1 0 0 -1000 3
-1 0 1 0 0 -1000 3
-1 0 1 0 0 -1000 3
-1 0 1 0 0 -1000 3
-1 0 1 0 0 -1000 3
-1 0 0 0 0 -1000 3
-1 0 1 0 -98 995 3
-1 0 0 0 -98 995 3
-1 0 0 0 -98 995 3
-1 0 1 0 -383 924 3
-1 0 1 0 -383 924 3
-1 0 1 0 -383 924 3
-1 0 1 0 -383 924 3
-1 0 1 0 -383 924 3
-1 0 0 0 -383 924 3
-1 0 1 0 -98 995 3
-1 0 1 0 -98 995 3
-1 0 1 0 -98 995 3
-1 0 0 0 -98 995 3
-1 0 1 0 0 1000 3
-1 0 1 0 0 1000 3
-1 0 1 0 0 1000 3
