1 0 1 0 -471 -882 -1
1 0 1 0 -471 -882 -1
1 0 1 0 -471 -882 -1
1 0 1 0 -471 -882 -1
1 0 1 0 -471 -882 -1
1 0 1 0 -471 -882 -1
1 0 1 0 -471 -882 -1
1 0 1 0 -471 -882 -1
1 0 0 0 -471 -882 -1
-1 0 1 0 -707 -707 -1
1 0 1 0 -707 -707 -1
1 0 0 0 -707 -707 -1
1 0 1 0 -773 -634 -1
0 0 1 0 -773 -634 -1
1 0 0 0 -773 -634 -1
1 0 1 0 770 639 -1
1 0 1 0 770 639 -1
1 0 1 0 770 639 -1
1 0 1 0 770 639 -1
1 0 1 0 770 639 -1
1 0 1 0 770 639 -1
1 0 1 0 770 639 -1
0 0 0 0 773 634 -1
0 0 1 0 981 -193 -1
0 0 1 0 981 -193 -1
1 0 0 0 981 -195 -1
1 0 1 0 94 996 -1
1 0 1 0 94 996 -1
1 0 1 0 94 996 -1
1 0 1 0 94 996 -1
1 0 1 0 94 996 -1
1 0 1 0 94 996 -1
1 0 1 0 94 996 -1
1 0 0 0 98 995 -1
1 0 1 0 995 -98 -1
1 0 1 0 995 -98 -1
1 0 0 0 995 -98 -1
1 0 1 0 882 -471 -1
1 0 0 0 882 -471 -1
1 0 1 0 956 -294 -1
1 0 0 0 882 -471 -1
1 0 1 0 995 -98 -1
1 0 1 0 995 -98 -1
1 0 1 0 995 -98 -1
1 0 0 0 995 -98 -1
1 0 1 0 766 -643 -1
1 0 1 0 766 -643 -1
1 0 1 0 766 -643 -1
1 0 1 0 766 -643 -1
1 0 0 0 773 -634 -1
1 0 1 0 -882 -471 -1
1 0 0 0 -882 -471 -1
1 0 1 0 880 -475 -1
1 0 1 0 880 -475 -1
1 0 1 0 880 -475 -1
1 0 1 0 880 -475 -1
1 0 1 0 880 -475 -1
1 0 1 0 880 -475 -1
1 0 1 0 880 -475 -1
1 0 1 0 880 -475 -1
1 0 1 0 880 -475 -1
1 0 1 0 880 -475 -1
1 0 1 0 880 -475 -1
1 0 1 0 880 -475 -1
1 0 1 0 880 -475 -1
1 0 1 0 880 -475 -1
1 0 1 0 880 -475 -1
1 0 1 0 880 -475 -1
1 0 1 0 880 -475 -1
1 0 0 0 882 -471 -1
1 1 0 0 882 -471 -1
1 1 0 0 882 -471 -1
1 0 1 0 131 991 -1
1 0 0 0 0 1 -1
1 0 1 0 105 995 -1
1 0 0 0 0 1 -1
1 0 1 0 83 997 -1
1 0 0 0 0 1 -1
1 0 1 0 57 998 -1
1 0 0 0 0 1 -1
1 0 1 0 35 999 -1
1 0 0 0 35 999 -1
1 0 1 0 -882 471 -1
1 0 0 0 -882 471 -1
1 0 0 0 -882 471 -1
1 0 1 0 98 -995 -1
1 0 0 0 98 -995 -1
1 0 1 0 195 -981 -1
1 0 1 0 195 -981 -1
1 0 1 0 195 -981 -1
1 0 0 0 195 -981 -1
1 0 1 0 882 471 -1
1 0 0 0 882 471 -1
1 0 1 0 195 -981 -1
1 0 1 0 195 -981 -1
1 0 1 0 195 -981 -1
1 0 0 0 195 -981 -1
1 0 1 0 -98 -995 -1
1 0 1 0 -98 -995 -1
1 0 0 0 -98 -995 -1
1 0 1 0 882 471 -1
1 0 1 0 882 471 -1
1 0 0 0 882 471 -1
1 0 1 0 -195 981 -1
1 0 0 0 -195 981 -1
1 0 1 0 995 -98 -1
1 0 1 0 995 -98 -1
1 0 1 0 995 -98 -1
1 0 1 0 995 -98 -1
1 0 0 0 995 -98 -1
1 0 1 0 -383 -924 -1
1 0 1 0 -383 -924 -1
1 0 0 0 -383 -924 -1
1 0 1 0 -882 471 -1
1 0 1 0 -882 471 -1
1 0 1 0 -882 471 -1
1 0 1 0 -882 471 -1
1 0 1 0 -882 471 -1
1 0 1 0 -882 471 -1
1 0 0 0 -882 471 -1
1 0 1 0 831 -556 -1
1 0 1 0 831 -556 -1
1 0 1 0 831 -556 -1
1 0 1 0 831 -556 -1
1 0 1 0 831 -556 -1
1 0 1 0 831 -556 -1
1 0 1 0 831 -556 -1
1 0 1 0 831 -556 -1
1 1 0 0 831 -556 -1
1 0 1 0 131 991 -1
1 0 0 0 131 991 -1
1 0 1 0 109 994 -1
1 0 0 0 109 994 -1
1 0 0 0 109 994 -1
1 0 1 0 290 957 -1
1 0 1 0 290 957 -1
1 0 1 0 290 957 -1
1 0 1 0 290 957 -1
1 0 0 0 290 957 -1
1 0 1 0 -556 831 -1
1 0 0 0 -556 831 -1
1 0 1 0 -957 -290 -1
1 0 0 0 -957 -290 -1
1 0 1 0 707 707 -1
1 0 1 0 707 707 -1
1 0 1 0 707 707 -1
1 0 1 0 707 707 -1
1 0 1 0 707 707 -1
1 0 1 0 707 707 -1
1 1 1 0 707 707 -1
1 0 1 0 707 707 -1
1 0 1 0 707 707 -1
1 0 1 0 707 707 -1
1 0 0 0 707 707 -1
1 0 0 0 707 707 -1
1 0 1 0 -634 -773 -1
1 0 1 0 -634 -773 -1
1 0 1 0 -634 -773 -1
1 0 0 0 -634 -773 -1
1 0 1 0 -831 -556 -1
1 0 0 0 -831 -556 -1
1 0 1 0 383 -924 -1
1 0 1 0 383 -924 -1
1 0 1 0 383 -924 -1
1 0 1 0 383 -924 -1
1 0 1 0 383 -924 -1
1 0 1 0 383 -924 -1
1 0 0 0 383 -924 -1
1 0 1 0 -773 -634 -1
1 0 1 0 -773 -634 -1
1 0 1 0 -773 -634 -1
1 0 1 0 -773 -634 -1
1 0 1 0 -773 -634 -1
1 0 1 0 -773 -634 -1
1 0 0 0 -773 -634 -1
1 0 1 0 924 383 -1
1 0 1 0 924 383 -1
1 0 1 0 924 383 -1
1 0 1 0 924 383 -1
1 0 1 0 924 383 -1
1 0 1 0 924 383 -1
1 0 0 0 924 383 -1
1 0 1 0 -957 290 -1
1 0 1 0 -957 290 -1
1 0 1 0 -957 290 -1
1 0 0 0 -957 290 -1
1 0 1 0 634 773 -1
1 0 0 0 634 773 -1
1 0 1 0 924 -383 -1
1 0 1 0 924 -383 -1
1 0 1 0 924 -383 -1
1 0 1 0 924 -383 -1
1 0 1 0 924 -383 -1
1 0 1 0 924 -383 -1
1 0 1 0 924 -383 -1
1 0 1 0 924 -383 -1
1 0 1 0 924 -383 -1
1 0 0 0 924 -383 -1
1 0 1 0 634 -773 -1
1 0 1 0 634 -773 -1
1 0 1 0 634 -773 -1
1 0 1 0 634 -773 -1
1 0 1 0 634 -773 -1
1 0 0 0 634 -773 -1
1 0 1 0 556 -831 -1
1 0 1 0 556 -831 -1
1 0 1 0 556 -831 -1
1 0 1 0 556 -831 -1
1 0 1 0 556 -831 -1
1 0 1 0 556 -831 -1
1 0 0 0 556 -831 -1
1 0 0 0 556 -831 -1
1 0 1 0 -634 -773 -1
1 0 1 0 -634 -773 -1
1 0 1 0 -634 -773 -1
1 0 0 0 -634 -773 -1
1 0 1 0 471 -882 -1
1 0 1 0 471 -882 -1
1 0 1 0 471 -882 -1
1 0 1 0 471 -882 -1
1 0 1 0 471 -882 -1
1 0 1 0 471 -882 -1
1 0 1 0 471 -882 -1
1 0 0 0 471 -882 -1
1 1 1 0 105 995 -1
1 0 0 0 105 995 -1
1 0 1 0 83 997 -1
1 0 0 0 83 997 -1
1 0 1 0 471 -882 -1
1 0 1 0 471 -882 -1
1 0 1 0 471 -882 -1
1 0 1 0 471 -882 -1
1 0 1 0 471 -882 -1
1 0 0 0 471 -882 -1
1 0 1 0 290 957 -1
1 0 1 0 290 957 -1
1 0 1 0 290 957 -1
1 0 1 0 290 957 -1
1 0 1 0 290 957 -1
1 0 0 0 290 957 -1
1 0 1 0 383 924 -1
1 0 1 0 383 924 -1
1 0 0 0 383 924 -1
1 0 1 0 634 -773 -1
1 0 1 0 634 -773 -1
1 0 1 0 634 -773 -1
1 0 1 0 634 -773 -1
1 0 1 0 634 -773 -1
1 0 1 0 634 -773 -1
1 0 1 0 634 -773 -1
1 0 0 0 634 -773 -1
1 0 1 0 -773 -634 -1
1 0 0 0 -773 -634 -1
1 0 1 0 556 -831 -1
1 0 0 0 556 -831 -1
1 0 1 0 -634 -773 -1
1 0 0 0 -634 -773 -1
1 0 1 0 195 -981 -1
1 0 0 0 195 -981 -1
1 0 1 0 135 -991 -1
1 0 0 0 135 -991 -1
1 0 1 0 74 -997 -1
1 0 0 0 74 -997 -1
1 0 1 0 195 -981 -1
1 0 1 0 195 -981 -1
1 0 0 0 195 -981 -1
1 0 1 0 195 -981 -1
1 0 1 0 195 -981 -1
1 0 1 0 195 -981 -1
1 1 1 0 195 -981 -1
1 0 1 0 195 -981 -1
1 0 0 0 195 -981 -1
1 0 1 0 96 995 -1
1 0 0 0 96 995 -1
1 0 0 0 96 995 -1
1 0 1 0 383 -924 -1
1 0 1 0 383 -924 -1
1 0 0 0 383 -924 -1
1 0 1 0 -556 -831 -1
1 0 0 0 -556 -831 -1
1 0 1 0 -471 -882 -1
1 0 1 0 -471 -882 -1
1 0 1 0 -471 -882 -1
1 0 1 0 -471 -882 -1
1 0 1 0 -471 -882 -1
1 0 0 0 -471 -882 -1
1 0 1 0 147 -989 -1
1 0 1 0 147 -989 -1
1 0 1 0 147 -989 -1
1 0 1 0 147 -989 -1
1 0 0 0 147 -989 -1
1 0 0 0 147 -989 -1
1 0 1 0 -596 -803 -1
1 0 1 0 -596 -803 -1
1 0 0 0 -596 -803 -1
1 0 1 0 858 514 -1
1 0 1 0 858 514 -1
1 0 1 0 858 514 -1
1 0 0 0 858 514 -1
1 0 1 0 803 596 -1
1 0 1 0 803 596 -1
1 0 1 0 803 596 -1
1 0 1 0 803 596 -1
1 0 1 0 803 596 -1
1 0 1 0 803 596 -1
1 0 1 0 803 596 -1
1 0 0 0 803 596 -1
1 0 1 0 471 -882 -1
1 0 1 0 471 -882 -1
1 0 1 0 471 -882 -1
1 0 0 0 471 -882 -1
1 0 0 0 471 -882 -1
1 0 1 0 49 -999 -1
1 0 0 0 49 -999 -1
1 0 1 0 -13 -1000 -1
1 0 0 0 -13 -1000 -1
1 0 0 0 -13 -1000 -1
1 0 1 0 514 -858 -1
1 0 0 0 514 -858 -1
1 0 1 0 -773 634 -1
1 0 1 0 -773 634 -1
1 0 1 0 -773 634 -1
1 0 1 0 -773 634 -1
1 0 0 0 -773 634 -1
1 0 1 0 707 707 -1
1 0 1 0 707 707 -1
1 0 1 0 707 707 -1
1 0 1 0 707 707 -1
1 0 0 0 707 707 -1
1 0 1 0 -924 383 -1
1 0 1 0 -924 383 -1
1 0 1 0 -924 383 -1
1 0 0 0 -924 383 -1
1 0 1 0 1000 0 -1
1 0 1 0 1000 0 -1
1 0 1 0 1000 0 -1
1 0 1 0 1000 0 -1
1 0 1 0 1000 0 -1
1 0 1 0 1000 0 -1
1 0 1 0 1000 0 -1
1 0 1 0 1000 0 -1
1 0 1 0 1000 0 -1
1 0 1 0 1000 0 -1
1 0 1 0 1000 0 -1
1 0 1 0 1000 0 -1
1 0 1 0 1000 0 -1
1 0 1 0 1000 0 -1
1 0 1 0 1000 0 -1
1 0 1 0 1000 0 -1
1 0 1 0 1000 0 -1
1 0 0 0 1000 0 -1
1 0 1 0 383 -924 -1
1 0 1 0 383 -924 -1
1 0 1 0 383 -924 -1
1 0 1 0 383 -924 -1
1 0 1 0 383 -924 -1
1 0 1 0 383 -924 -1
1 0 1 0 383 -924 -1
1 0 1 0 383 -924 -1
1 1 1 0 383 -924 -1
1 0 1 0 383 -924 -1
1 0 1 0 383 -924 -1
1 0 1 0 383 -924 -1
1 0 1 0 383 -924 -1
1 0 1 0 383 -924 -1
1 0 1 0 383 -924 -1
1 0 1 0 383 -924 -1
1 0 0 0 383 -924 -1
1 0 1 0 -740 -672 -1
1 0 1 0 -740 -672 -1
1 0 0 0 -740 -672 -1
1 0 1 0 970 -243 -1
1 0 0 0 970 -243 -1
1 0 1 0 514 858 -1
0 0 1 0 514 858 -1
0 0 1 0 514 858 -1
1 0 1 0 514 858 -1
1 0 1 0 514 858 -1
1 0 1 0 514 858 -1
1 0 1 0 514 858 -1
1 0 1 0 514 858 -1
1 0 0 0 514 858 -1
1 0 1 0 147 989 -1
1 0 0 0 147 989 -1
1 0 1 0 126 992 -1
1 0 1 0 126 992 -1
1 0 1 0 126 992 -1
1 0 1 0 126 992 -1
1 0 0 0 126 992 -1
1 0 1 0 57 998 -1
1 0 1 0 57 998 -1
1 0 1 0 57 998 -1
1 0 0 0 57 998 -1
-1 0 1 0 -98 995 -1
0 0 1 0 -98 995 -1
-1 0 1 0 -98 995 -1
0 0 1 0 -98 995 -1
1 0 1 0 -98 995 -1
0 0 1 0 -98 995 -1
-1 0 1 0 -98 995 -1
-1 0 1 0 -98 995 -1
-1 0 1 0 -98 995 -1
-1 0 1 0 -98 995 -1
-1 0 1 0 -98 995 -1
-1 0 1 0 -98 995 -1
-1 0 1 0 -98 995 -1
1 0 0 0 -98 995 -1
-1 0 1 0 831 556 -1
-1 0 1 0 831 556 -1
-1 0 0 0 831 556 -1
-1 0 1 0 870 492 -1
-1 0 0 0 870 492 -1
-1 0 1 0 887 462 -1
-1 0 0 0 887 462 -1
-1 0 1 0 901 434 -1
-1 0 0 0 901 434 -1
-1 0 1 0 912 411 -1
-1 0 1 0 912 411 -1
-1 0 0 0 912 411 -1
-1 0 1 0 924 383 -1
-1 0 1 0 924 383 -1
-1 0 0 0 924 383 -1
-1 0 1 0 942 337 -1
-1 0 0 0 942 337 -1
-1 0 1 0 -970 -243 -1
-1 0 0 0 -970 -243 -1
-1 0 1 0 -942 -337 -1
-1 0 0 0 -942 -337 -1
-1 0 0 0 -942 -337 -1
-1 0 1 0 -924 -383 -1
-1 0 0 0 -924 -383 -1
-1 0 0 0 -924 -383 -1
-1 0 1 0 -957 -290 -1
-1 0 1 0 -957 -290 -1
-1 0 1 0 -957 -290 -1
-1 0 1 0 -957 -290 -1
-1 0 0 0 -957 -290 -1
-1 0 1 0 -741 -672 -1
-1 0 0 0 -741 -672 -1
-1 0 1 0 -773 -634 -1
-1 0 0 0 -773 -634 -1
-1 0 1 0 -741 -672 -1
-1 0 0 0 -741 -672 -1
-1 0 1 0 -672 -741 -1
-1 0 0 0 -672 -741 -1
-1 0 1 0 -634 -773 -1
-1 0 0 0 -634 -773 -1
-1 0 1 0 -596 -803 -1
-1 0 1 0 -596 -803 -1
-1 0 0 0 -596 -803 -1
-1 0 1 0 -471 -882 -1
-1 0 0 0 -471 -882 -1
-1 0 1 0 -428 -904 -1
-1 0 0 0 -428 -904 -1
-1 0 1 0 -243 -970 -1
-1 0 1 0 -243 -970 -1
-1 1 0 0 -243 -970 -1
-1 0 1 0 858 -514 -1
-1 0 1 0 858 -514 -1
-1 0 1 0 858 -514 -1
-1 0 1 0 858 -514 -1
-1 0 1 0 858 -514 -1
-1 0 1 0 858 -514 -1
-1 0 0 0 858 -514 -1
-1 0 0 0 858 -514 -1
-1 1 1 0 -471 882 -1
-1 0 1 0 -471 882 -1
-1 0 1 0 -471 882 -1
-1 0 1 0 -471 882 -1
-1 0 0 0 -471 882 -1
-1 0 1 0 -243 970 -1
-1 0 1 0 -243 970 -1
-1 0 0 0 -243 970 -1
-1 0 1 0 -49 999 -1
-1 0 0 0 -49 999 -1
-1 1 1 0 -995 98 -1
-1 0 0 0 -995 98 -1
-1 0 1 0 98 995 -1
-1 0 0 0 98 995 -1
-1 0 1 0 -924 383 -1
-1 0 1 0 -924 383 -1
-1 0 1 0 -924 383 -1
-1 0 1 0 -924 383 -1
-1 1 1 0 -924 383 -1
-1 0 0 0 -924 383 -1
-1 0 1 0 -290 957 -1
-1 1 1 0 -290 957 -1
-1 0 1 0 -290 957 -1
-1 0 0 0 -290 957 -1
-1 0 1 0 -49 999 -1
-1 0 0 0 -49 999 -1
-1 0 1 0 -49 999 -1
-1 0 1 0 -49 999 -1
-1 0 0 0 -49 999 -1
-1 0 1 0 773 -634 -1
-1 0 1 0 773 -634 -1
-1 0 1 0 773 -634 -1
-1 0 0 0 773 -634 -1
-1 0 1 0 -904 -428 -1
-1 0 0 0 -904 -428 -1
-1 0 1 0 882 471 -1
-1 0 1 0 882 471 -1
-1 0 0 0 882 471 -1
-1 0 1 0 -428 904 -1
-1 0 1 0 -428 904 -1
-1 0 1 0 -428 904 -1
-1 0 1 0 -428 904 -1
-1 0 1 0 -428 904 -1
-1 0 1 0 -428 904 -1
-1 0 0 0 -428 904 -1
-1 0 1 0 707 -707 -1
-1 0 0 0 707 -707 -1
-1 0 1 0 -981 -195 -1
-1 0 1 0 -981 -195 -1
-1 0 0 0 -981 -195 -1
-1 0 1 0 -1000 0 -1
-1 0 1 0 -1000 0 -1
-1 0 1 0 -1000 0 -1
-1 0 0 0 -1000 0 -1
-1 0 1 0 556 -831 -1
-1 0 1 0 556 -831 -1
-1 0 1 0 556 -831 -1
-1 0 1 0 556 -831 -1
-1 0 1 0 556 -831 -1
-1 0 1 0 556 -831 -1
-1 0 0 0 556 -831 -1
-1 0 1 0 243 970 -1
-1 0 0 0 243 970 -1
-1 0 1 0 -290 -957 -1
-1 0 0 0 -290 -957 -1
-1 0 1 0 -229 -973 -1
-1 0 0 0 -229 -973 -1
-1 0 1 0 -773 -634 -1
-1 0 1 0 -773 -634 -1
-1 0 1 0 -773 -634 -1
-1 0 1 0 -773 -634 -1
-1 0 1 0 -773 -634 -1
-1 0 1 0 -773 -634 -1
-1 0 1 0 -773 -634 -1
-1 0 1 0 -773 -634 -1
-1 0 0 0 -773 -634 -1
-1 0 0 0 -773 -634 -1
-1 0 1 0 118 993 -1
-1 0 0 0 118 993 -1
-1 0 1 0 -634 -773 -1
-1 0 1 0 -634 -773 -1
-1 0 1 0 -634 -773 -1
-1 0 1 0 -634 -773 -1
-1 0 1 0 -634 -773 -1
-1 0 1 0 -634 -773 -1
-1 0 1 0 -634 -773 -1
-1 0 0 0 -634 -773 -1
-1 0 1 0 337 942 -1
-1 0 0 0 337 942 -1
-1 0 1 0 -337 -942 -1
-1 0 1 0 -337 -942 -1
-1 0 0 0 -337 -942 -1
-1 0 1 0 -428 -904 -1
-1 0 1 0 -428 -904 -1
-1 0 1 0 -428 -904 -1
-1 0 1 0 -428 -904 -1
-1 0 0 0 -428 -904 -1
-1 1 1 0 -337 942 -1
-1 0 1 0 -337 942 -1
-1 0 1 0 -337 942 -1
-1 0 0 0 -337 942 -1
-1 0 1 0 -999 49 -1
-1 0 1 0 -999 49 -1
-1 0 1 0 -999 49 -1
-1 0 0 0 -999 49 -1
-1 0 1 0 -290 957 -1
-1 0 1 0 -290 957 -1
-1 0 0 0 -290 957 -1
-1 0 1 0 337 942 -1
