1 0 1 0 -471 -882 -1
1 0 1 0 -471 -882 -1
1 0 1 0 -471 -882 -1
1 0 1 0 -471 -882 -1
1 0 1 0 -471 -882 -1
1 0 1 0 -471 -882 -1
1 0 1 0 -471 -882 -1
1 0 1 0 -471 -882 -1
1 0 0 0 -471 -882 -1
-1 0 1 0 -707 -707 -1
1 0 1 0 -707 -707 -1
1 0 0 0 -707 -707 -1
1 0 1 0 -773 -634 -1
0 0 1 0 -773 -634 -1
1 0 0 0 -773 -634 -1
1 0 1 0 770 639 -1
1 0 1 0 770 639 -1
1 0 1 0 770 639 -1
1 0 1 0 770 639 -1
1 0 1 0 770 639 -1
1 0 1 0 770 639 -1
1 0 1 0 770 639 -1
0 0 0 0 773 634 -1
0 0 1 0 981 -193 -1
0 0 1 0 981 -193 -1
1 0 0 0 981 -195 -1
1 0 1 0 94 996 -1
1 0 1 0 94 996 -1
1 0 1 0 94 996 -1
1 0 1 0 94 996 -1
1 0 1 0 94 996 -1
1 0 1 0 94 996 -1
1 0 1 0 94 996 -1
1 0 0 0 98 995 -1
1 0 1 0 995 -98 -1
1 0 1 0 995 -98 -1
1 0 0 0 995 -98 -1
1 0 1 0 882 -471 -1
1 0 0 0 882 -471 -1
1 0 1 0 956 -294 -1
1 0 0 0 882 -471 -1
1 0 1 0 995 -98 -1
1 0 1 0 995 -98 -1
1 0 1 0 995 -98 -1
1 0 0 0 995 -98 -1
1 0 1 0 766 -643 -1
1 0 1 0 766 -643 -1
1 0 1 0 766 -643 -1
1 0 1 0 766 -643 -1
1 0 0 0 773 -634 -1
1 0 1 0 -882 -471 -1
1 0 0 0 -882 -471 -1
1 0 1 0 880 -475 -1
1 0 1 0 880 -475 -1
1 0 1 0 880 -475 -1
1 0 1 0 880 -475 -1
1 0 1 0 880 -475 -1
1 0 1 0 880 -475 -1
1 0 1 0 880 -475 -1
1 0 1 0 880 -475 -1
1 0 1 0 880 -475 -1
1 0 1 0 880 -475 -1
1 0 1 0 880 -475 -1
1 0 1 0 880 -475 -1
1 0 1 0 880 -475 -1
1 0 1 0 880 -475 -1
1 0 1 0 880 -475 -1
1 0 1 0 880 -475 -1
1 0 1 0 880 -475 -1
1 0 0 0 882 -471 -1
1 1 0 0 882 -471 -1
1 1 0 0 882 -471 -1
1 0 0 0 882 -471 -1
1 0 1 0 -1000 0 -1
1 0 0 0 -1000 0 -1
1 0 1 0 -195 -981 -1
1 0 1 0 -195 -981 -1
1 0 0 0 -195 -981 -1
1 0 1 0 0 -1000 -1
1 0 0 0 0 -1000 -1
1 0 1 0 98 -995 -1
1 0 0 0 98 -995 -1
1 0 1 0 707 707 -1
1 0 1 0 707 707 -1
1 0 1 0 707 707 -1
1 0 1 0 707 707 -1
1 0 1 0 707 707 -1
1 0 0 0 707 707 -1
1 0 1 0 290 957 -1
1 0 1 0 290 957 -1
1 0 1 0 290 957 -1
1 0 1 0 290 957 -1
1 0 1 0 290 957 -1
1 0 0 0 290 957 -1
1 0 1 0 831 -556 -1
1 0 1 0 831 -556 -1
1 0 1 0 831 -556 -1
1 0 0 0 831 -556 -1
1 0 1 0 -471 882 -1
1 0 0 0 -471 882 -1
1 0 1 0 290 957 -1
1 0 1 0 290 957 -1
1 0 1 0 290 957 -1
1 0 1 0 290 957 -1
1 0 1 0 290 957 -1
1 0 0 0 290 957 -1
1 0 1 0 773 -634 -1
1 0 1 0 773 -634 -1
1 0 0 0 773 -634 -1
1 0 1 0 634 773 -1
1 0 1 0 634 773 -1
1 0 1 0 634 773 -1
1 0 0 0 634 773 -1
1 0 1 0 957 -290 -1
1 0 1 0 957 -290 -1
1 0 1 0 957 -290 -1
1 0 1 0 957 -290 -1
1 0 1 0 957 -290 -1
1 0 1 0 957 -290 -1
1 0 1 0 957 -290 -1
1 0 1 0 957 -290 -1
1 0 1 0 957 -290 -1
1 0 1 0 957 -290 -1
1 0 1 0 957 -290 -1
1 0 1 0 957 -290 -1
1 0 1 0 957 -290 -1
1 0 1 0 957 -290 -1
1 0 1 0 957 -290 -1
1 0 1 0 957 -290 -1
1 0 0 0 957 -290 -1
1 0 1 0 290 -957 -1
1 1 0 0 290 -957 -1
1 0 1 0 98 995 -1
1 0 0 0 98 995 -1
1 0 1 0 98 995 -1
1 0 1 0 98 995 -1
1 0 1 0 98 995 -1
1 0 0 0 98 995 -1
1 0 1 0 924 383 -1
1 0 1 0 924 383 -1
1 0 1 0 924 383 -1
1 0 0 0 924 383 -1
1 0 1 0 98 995 -1
1 0 1 0 98 995 -1
1 0 1 0 98 995 -1
1 0 0 0 98 995 -1
1 0 0 0 98 995 -1
1 0 1 0 -831 556 -1
1 0 0 0 -831 556 -1
1 0 1 0 707 -707 -1
1 0 0 0 707 -707 -1
1 0 1 0 471 882 -1
1 1 1 0 471 882 -1
1 0 1 0 471 882 -1
1 0 1 0 471 882 -1
1 0 1 0 471 882 -1
1 0 0 0 471 882 -1
1 0 1 0 634 -773 -1
1 0 0 0 634 -773 -1
1 0 1 0 773 -634 -1
1 0 0 0 773 -634 -1
1 0 1 0 707 -707 -1
1 0 1 0 707 -707 -1
1 0 1 0 707 -707 -1
1 0 1 0 707 -707 -1
1 0 1 0 707 -707 -1
1 0 0 0 707 -707 -1
1 0 1 0 195 -981 -1
1 0 0 0 195 -981 -1
1 0 1 0 556 -831 -1
1 0 0 0 556 -831 -1
1 0 1 0 0 -1000 -1
1 0 1 0 0 -1000 -1
1 0 0 0 0 -1000 -1
1 0 1 0 556 -831 -1
1 0 1 0 556 -831 -1
1 0 0 0 556 -831 -1
1 0 1 0 -773 -634 -1
1 0 0 0 -773 -634 -1
1 0 1 0 882 471 -1
1 0 1 0 882 471 -1
1 0 1 0 882 471 -1
1 0 1 0 882 471 -1
1 0 1 0 882 471 -1
1 0 1 0 882 471 -1
1 0 1 0 882 471 -1
1 0 1 0 882 471 -1
1 0 0 0 882 471 -1
1 0 1 0 707 707 -1
1 0 1 0 707 707 -1
1 0 1 0 707 707 -1
1 0 0 0 707 707 -1
1 0 1 0 882 -471 -1
1 0 0 0 882 -471 -1
1 0 1 0 831 556 -1
1 0 1 0 831 556 -1
1 0 0 0 831 556 -1
1 0 1 0 -383 924 -1
1 0 0 0 -383 924 -1
1 0 1 0 882 471 -1
1 0 0 0 882 471 -1
1 0 1 0 634 -773 -1
1 0 1 0 634 -773 -1
1 0 1 0 634 -773 -1
1 0 1 0 634 -773 -1
1 0 1 0 634 -773 -1
1 0 0 0 634 -773 -1
1 0 1 0 556 -831 -1
1 0 1 0 556 -831 -1
1 0 1 0 556 -831 -1
1 0 1 0 556 -831 -1
1 0 1 0 556 -831 -1
1 0 1 0 556 -831 -1
1 0 0 0 556 -831 -1
1 0 1 0 471 -882 -1
1 0 1 0 471 -882 -1
1 0 1 0 471 -882 -1
1 0 1 0 471 -882 -1
1 0 1 0 471 -882 -1
1 0 0 0 471 -882 -1
1 0 1 0 471 -882 -1
1 0 1 0 471 -882 -1
1 0 1 0 471 -882 -1
1 0 1 0 471 -882 -1
1 0 1 0 471 -882 -1
1 0 1 0 471 -882 -1
1 0 1 0 471 -882 -1
1 1 0 0 471 -882 -1
1 0 0 0 471 -882 -1
1 0 1 0 98 995 -1
1 0 0 0 98 995 -1
1 0 1 0 195 -981 -1
1 0 1 0 195 -981 -1
1 0 0 0 195 -981 -1
1 0 1 0 195 981 -1
1 0 1 0 195 981 -1
1 0 0 0 195 981 -1
1 0 1 0 773 634 -1
1 0 1 0 773 634 -1
1 0 1 0 773 634 -1
1 0 1 0 773 634 -1
1 0 1 0 773 634 -1
1 0 1 0 773 634 -1
1 0 1 0 773 634 -1
1 0 1 0 773 634 -1
1 0 1 0 773 634 -1
1 0 1 0 773 634 -1
1 0 1 0 773 634 -1
1 0 1 0 773 634 -1
1 0 1 0 773 634 -1
1 0 1 0 773 634 -1
1 0 0 0 773 634 -1
1 0 1 0 -707 -707 -1
1 0 1 0 -707 -707 -1
1 0 1 0 -707 -707 -1
1 0 0 0 -707 -707 -1
1 0 1 0 383 -924 -1
1 0 1 0 383 -924 -1
1 0 0 0 383 -924 -1
1 0 0 0 383 -924 -1
1 0 1 0 -707 -707 -1
1 0 0 0 -707 -707 -1
1 0 1 0 471 882 -1
1 0 1 0 471 882 -1
1 0 0 0 471 882 -1
1 0 1 0 98 -995 -1
1 0 0 0 98 -995 -1
1 0 1 0 471 -882 -1
1 0 1 0 471 -882 -1
1 0 1 0 471 -882 -1
1 0 1 0 471 -882 -1
1 0 1 0 471 -882 -1
1 0 0 0 471 -882 -1
1 1 0 0 471 -882 -1
1 0 0 0 471 -882 -1
1 0 1 0 -924 -383 -1
1 0 0 0 -924 -383 -1
1 0 1 0 -383 -924 -1
1 0 1 0 -383 -924 -1
1 0 1 0 -383 -924 -1
1 0 0 0 -383 -924 -1
1 0 1 0 471 882 -1
1 0 1 0 471 882 -1
1 0 1 0 471 882 -1
1 0 1 0 471 882 -1
1 0 1 0 471 882 -1
1 0 0 0 471 882 -1
1 0 1 0 -195 981 -1
1 0 1 0 -195 981 -1
1 0 1 0 -195 981 -1
1 0 0 0 -195 981 -1
1 0 1 0 882 -471 -1
1 0 0 0 882 -471 -1
1 0 1 0 957 -290 -1
1 0 1 0 957 -290 -1
1 0 1 0 957 -290 -1
1 0 1 0 957 -290 -1
1 0 1 0 957 -290 -1
1 0 0 0 957 -290 -1
1 0 1 0 882 471 -1
1 0 1 0 882 471 -1
1 0 0 0 882 471 -1
1 0 1 0 471 -882 -1
1 0 1 0 471 -882 -1
1 0 1 0 471 -882 -1
1 0 1 0 471 -882 -1
1 0 1 0 471 -882 -1
1 0 1 0 471 -882 -1
1 0 0 0 471 -882 -1
1 0 1 0 882 471 -1
1 0 0 0 882 471 -1
1 0 1 0 -882 471 -1
1 0 0 0 -882 471 -1
1 0 1 0 195 -981 -1
1 0 1 0 195 -981 -1
1 0 0 0 195 -981 -1
1 0 0 0 195 -981 -1
1 0 1 0 -831 -556 -1
1 0 0 0 -831 -556 -1
1 0 1 0 0 1000 -1
1 0 0 0 0 1000 -1
1 0 1 0 383 -924 -1
1 0 0 0 383 -924 -1
1 0 1 0 -882 -471 -1
1 0 1 0 -882 -471 -1
1 0 1 0 -882 -471 -1
1 0 1 0 -882 -471 -1
1 0 0 0 -882 -471 -1
1 0 1 0 290 -957 -1
1 0 1 0 290 -957 -1
1 0 0 0 290 -957 -1
1 0 1 0 -471 -882 -1
1 0 0 0 -471 -882 -1
1 0 1 0 195 -981 -1
1 0 1 0 195 -981 -1
1 0 0 0 195 -981 -1
1 0 1 0 -831 -556 -1
1 0 1 0 -831 -556 -1
1 0 1 0 -831 -556 -1
1 0 1 0 -831 -556 -1
1 0 0 0 -831 -556 -1
1 0 1 0 556 831 -1
1 0 0 0 556 831 -1
1 0 1 0 707 -707 -1
1 0 1 0 707 -707 -1
1 0 1 0 707 -707 -1
1 0 1 0 707 -707 -1
1 0 1 0 707 -707 -1
1 0 0 0 707 -707 -1
1 0 1 0 -831 -556 -1
1 0 0 0 -831 -556 -1
1 0 1 0 195 981 -1
1 0 0 0 195 981 -1
1 0 1 0 471 -882 -1
1 0 1 0 471 -882 -1
1 0 0 0 471 -882 -1
1 0 0 0 471 -882 -1
1 0 1 0 634 -773 -1
1 0 1 0 634 -773 -1
1 0 1 0 634 -773 -1
1 0 1 0 634 -773 -1
1 0 0 0 634 -773 -1
1 0 1 0 -290 -957 -1
1 0 1 0 -290 -957 -1
1 1 1 0 -290 -957 -1
1 0 1 0 -290 -957 -1
1 0 1 0 -290 -957 -1
1 0 1 0 -290 -957 -1
1 0 1 0 -290 -957 -1
1 0 1 0 -290 -957 -1
1 0 1 0 -290 -957 -1
1 0 0 0 -290 -957 -1
1 0 1 0 -634 -773 -1
1 0 1 0 -634 -773 -1
1 0 1 0 -634 -773 -1
1 0 0 0 -634 -773 -1
0 0 1 0 634 773 -1
1 0 0 0 634 773 -1
1 0 1 0 471 882 -1
1 0 1 0 471 882 -1
1 0 1 0 471 882 -1
1 0 1 0 471 882 -1
1 0 1 0 471 882 -1
1 0 1 0 471 882 -1
1 0 1 0 471 882 -1
1 0 1 0 471 882 -1
1 0 1 0 471 882 -1
1 0 1 0 471 882 -1
1 0 1 0 471 882 -1
1 0 1 0 471 882 -1
1 0 1 0 471 882 -1
1 0 1 0 471 882 -1
1 0 1 0 471 882 -1
1 0 1 0 471 882 -1
1 0 1 0 471 882 -1
1 0 1 0 471 882 -1
1 0 1 0 471 882 -1
1 0 1 0 471 882 -1
1 0 1 0 471 882 -1
1 0 1 0 471 882 -1
1 0 1 0 471 882 -1
1 0 1 0 471 882 -1
1 0 1 0 471 882 -1
1 0 1 0 471 882 -1
1 0 1 0 471 882 -1
1 0 1 0 471 882 -1
0 0 1 0 471 882 -1
1 0 1 0 471 882 -1
1 0 1 0 471 882 -1
-1 0 0 0 471 882 -1
1 0 1 0 -882 471 -1
1 0 1 0 -882 471 -1
1 0 0 0 -882 471 -1
1 0 1 0 -882 471 -1
1 0 1 0 -882 471 -1
1 0 0 0 -882 471 -1
1 0 1 0 -957 290 -1
1 0 0 0 -957 290 -1
1 0 1 0 -924 383 -1
1 0 1 0 -924 383 -1
1 0 0 0 -924 383 -1
1 0 1 0 -924 383 -1
1 0 0 0 -924 383 -1
1 0 1 0 -981 195 -1
-1 0 1 0 -981 195 -1
-1 0 1 0 -981 195 -1
-1 0 1 0 -981 195 -1
-1 0 0 0 -981 195 -1
-1 0 1 0 -924 -383 -1
-1 0 0 0 -924 -383 -1
-1 0 1 0 -831 -556 -1
-1 0 0 0 -831 -556 -1
-1 0 1 0 -831 -556 -1
-1 0 0 0 -831 -556 -1
-1 0 1 0 -924 -383 -1
-1 0 1 0 -924 -383 -1
-1 0 0 0 -924 -383 -1
-1 0 0 0 -924 -383 -1
-1 0 1 0 -707 -707 -1
-1 0 0 0 -707 -707 -1
-1 0 1 0 -831 -556 -1
-1 0 1 0 -831 -556 -1
-1 0 0 0 -831 -556 -1
-1 0 1 0 -707 -707 -1
-1 0 0 0 -707 -707 -1
-1 0 1 0 -634 -773 -1
-1 0 0 0 -634 -773 -1
-1 0 1 0 -634 -773 -1
-1 0 0 0 -634 -773 -1
-1 0 1 0 -556 -831 -1
-1 0 1 0 -556 -831 -1
-1 0 1 0 -556 -831 -1
-1 0 0 0 -556 -831 -1
-1 0 1 0 -290 -957 -1
-1 0 0 0 -290 -957 -1
-1 0 1 0 -98 -995 -1
-1 0 0 0 -98 -995 -1
-1 0 1 0 -195 -981 -1
-1 0 0 0 -195 -981 -1
-1 0 1 0 -383 -924 -1
-1 0 1 0 -383 -924 -1
-1 0 0 0 -383 -924 -1
-1 0 0 0 -383 -924 -1
-1 1 1 0 707 707 -1
-1 0 0 0 707 707 -1
-1 0 1 0 0 -1000 -1
-1 0 0 0 0 -1000 -1
-1 0 1 0 -831 556 -1
-1 0 1 0 -831 556 -1
-1 0 0 0 -831 556 -1
-1 0 1 0 -383 -924 -1
-1 0 1 0 -383 -924 -1
-1 0 1 0 -383 -924 -1
-1 0 0 0 -383 -924 -1
-1 0 1 0 -383 924 -1
-1 0 1 0 -383 924 -1
-1 1 1 0 -383 924 -1
-1 0 1 0 -383 924 -1
-1 0 0 0 -383 924 -1
-1 1 0 0 -383 924 -1
-1 0 1 0 383 924 -1
-1 0 0 0 383 924 -1
-1 0 1 0 -995 98 -1
-1 0 1 0 -995 98 -1
-1 0 1 0 -995 98 -1
-1 0 1 0 -995 98 -1
-1 0 0 0 -995 98 -1
-1 0 1 0 195 981 -1
-1 0 1 0 195 981 -1
-1 0 0 0 195 981 -1
-1 0 1 0 -290 957 -1
-1 0 1 0 -290 957 -1
-1 1 1 0 -290 957 -1
-1 0 0 0 -290 957 -1
-1 0 0 0 -290 957 -1
-1 0 1 0 -383 924 -1
-1 0 1 0 -383 924 -1
-1 0 1 0 -383 924 -1
-1 0 1 0 -383 924 -1
-1 0 1 0 -383 924 -1
-1 0 0 0 -383 924 -1
-1 0 0 0 -383 924 -1
-1 0 1 0 -195 981 -1
-1 0 1 0 -195 981 -1
-1 0 0 0 -195 981 -1
-1 0 0 0 -195 981 -1
-1 0 1 0 924 383 -1
-1 0 0 0 924 383 -1
-1 0 1 0 -634 773 -1
-1 0 1 0 -634 773 -1
-1 0 1 0 -634 773 -1
-1 0 1 0 -634 773 -1
-1 0 1 0 -634 773 -1
-1 0 1 0 -634 773 -1
-1 0 1 0 -634 773 -1
-1 0 0 0 -634 773 -1
-1 0 1 0 0 1000 -1
-1 0 0 0 0 1000 -1
-1 0 1 0 -383 -924 -1
-1 0 1 0 -383 -924 -1
-1 0 0 0 -383 -924 -1
-1 0 1 0 -195 -981 -1
-1 0 0 0 -195 -981 -1
-1 0 1 0 -995 -98 -1
-1 0 1 0 -995 -98 -1
-1 0 1 0 -995 -98 -1
-1 0 1 0 -995 -98 -1
-1 0 1 0 -995 -98 -1
-1 0 0 0 -995 -98 -1
-1 0 1 0 -634 773 -1
-1 0 1 0 -634 773 -1
-1 0 1 0 -634 773 -1
-1 0 0 0 -634 773 -1
-1 0 1 0 -882 -471 -1
-1 0 0 0 -882 -471 -1
-1 0 1 0 -556 -831 -1
-1 0 1 0 -556 -831 -1
-1 0 0 0 -556 -831 -1
-1 0 1 0 -195 -981 -1
-1 0 0 0 -195 -981 -1
-1 0 1 0 634 773 -1
-1 0 0 0 634 773 -1
-1 0 1 0 -471 -882 -1
-1 0 1 0 -471 -882 -1
-1 0 1 0 -471 -882 -1
-1 0 1 0 -471 -882 -1
-1 0 0 0 -471 -882 -1
-1 0 0 0 -471 -882 -1
-1 0 1 0 -831 -556 -1
-1 0 1 0 -831 -556 -1
-1 0 1 0 -831 -556 -1
-1 0 1 0 -831 -556 -1
-1 0 1 0 -831 -556 -1
-1 0 1 0 -831 -556 -1
-1 0 1 0 -831 -556 -1
-1 0 1 0 -831 -556 -1
-1 0 1 0 -831 -556 -1
-1 0 1 0 -831 -556 -1
-1 0 1 0 -831 -556 -1
-1 0 1 0 -831 -556 -1
-1 0 1 0 -831 -556 -1
-1 0 0 0 -831 -556 -1
-1 0 0 0 -831 -556 -1
-1 0 1 0 -290 -957 -1
-1 0 1 0 -290 -957 -1
-1 0 0 0 -290 -957 -1
-1 0 1 0 -924 -383 -1
-1 0 1 0 -924 -383 -1
-1 0 0 0 -924 -383 -1
-1 1 1 0 -383 924 -1
-1 0 1 0 -383 924 -1
-1 0 1 0 -383 924 -1
-1 0 1 0 -383 924 -1
-1 0 1 0 -383 924 -1
-1 0 0 0 -383 924 -1
-1 0 1 0 634 773 -1
-1 0 1 0 634 773 -1
-1 0 1 0 634 773 -1
-1 0 1 0 634 773 -1
-1 0 0 0 634 773 -1
-1 0 1 0 -957 290 -1
-1 0 1 0 -957 290 -1
-1 0 0 0 -957 290 -1
-1 0 1 0 -383 924 -1
-1 0 1 0 -383 924 -1
-1 0 1 0 -383 924 -1
-1 0 1 0 -383 924 -1
-1 0 1 0 -383 924 -1
-1 0 0 0 -383 924 -1
-1 0 1 0 -556 831 -1
-1 0 1 0 -556 831 -1
-1 0 1 0 -556 831 -1
-1 0 0 0 -556 831 -1
-1 0 1 0 -957 290 -1
-1 0 1 0 -957 290 -1
-1 0 0 0 -957 290 -1
-1 0 1 0 957 -290 -1
-1 0 1 0 957 -290 -1
-1 0 0 0 957 -290 -1
-1 0 1 0 -924 383 -1
-1 0 0 0 -924 383 -1
-1 0 1 0 831 556 -1
-1 0 1 0 831 556 -1
-1 0 1 0 831 556 -1
-1 0 1 0 831 556 -1
-1 0 0 0 831 556 -1
-1 0 1 0 -383 -924 -1
-1 0 1 0 -383 -924 -1
-1 0 1 0 -383 -924 -1
-1 0 1 0 -383 -924 -1
-1 0 0 0 -383 -924 -1
-1 0 1 0 -634 -773 -1
-1 0 1 0 -634 -773 -1
-1 0 1 0 -634 -773 -1
-1 0 1 0 -634 -773 -1
-1 0 0 0 -634 -773 -1
-1 0 1 0 471 -882 -1
-1 0 1 0 471 -882 -1
-1 1 1 0 471 -882 -1
-1 0 1 0 471 -882 -1
-1 0 1 0 471 -882 -1
-1 0 1 0 471 -882 -1
-1 0 0 0 471 -882 -1
-1 0 1 0 707 -707 -1
-1 0 0 0 707 -707 -1
-1 0 1 0 471 -882 -1
1 0 1 0 471 -882 -1
-1 0 1 0 471 -882 -1
-1 0 0 0 471 -882 -1
-1 0 1 0 831 -556 -1
-1 0 1 0 831 -556 -1
-1 0 0 0 831 -556 -1
-1 0 1 0 -634 773 -1
-1 0 1 0 -634 773 -1
-1 0 1 0 -634 773 -1
-1 0 1 0 -634 773 -1
-1 0 0 0 -634 773 -1
-1 0 0 0 -634 773 -1
-1 0 1 0 -383 924 -1
-1 0 1 0 -383 924 -1
-1 0 1 0 -383 924 -1
-1 0 0 0 -383 924 -1
-1 0 0 0 -383 924 -1
-1 0 1 0 -556 831 -1
-1 0 1 0 -556 831 -1
-1 0 1 0 -556 831 -1
-1 0 0 0 -556 831 -1
-1 0 0 0 -556 831 -1
-1 0 1 0 195 -981 -1
-1 0 0 0 195 -981 -1
-1 0 1 0 290 957 -1
-1 0 0 0 290 957 -1
-1 0 1 0 -98 995 -1
-1 0 0 0 -98 995 -1
-1 0 1 0 -98 995 -1
-1 0 1 0 -98 995 -1
-1 0 0 0 -98 995 -1
-1 0 1 0 -882 -471 -1
-1 0 1 0 -882 -471 -1
-1 0 1 0 -882 -471 -1
-1 0 1 0 -882 -471 -1
-1 0 1 0 -882 -471 -1
-1 0 1 0 -882 -471 -1
-1 0 1 0 -882 -471 -1
-1 0 0 0 -882 -471 -1
-1 0 1 0 -773 -634 -1
-1 0 1 0 -773 -634 -1
-1 0 1 0 -773 -634 -1
-1 0 1 0 -773 -634 -1
-1 0 1 0 -773 -634 -1
-1 0 1 0 -773 -634 -1
-1 0 1 0 -773 -634 -1
-1 0 1 0 -773 -634 -1
-1 0 1 0 -773 -634 -1
-1 0 0 0 -773 -634 -1
-1 0 1 0 -471 882 -1
-1 0 1 0 -471 882 -1
-1 0 1 0 -471 882 -1
-1 0 0 0 -471 882 -1
-1 0 1 0 -471 882 -1
-1 0 1 0 -471 882 -1
-1 0 0 0 -471 882 -1
-1 0 1 0 -98 995 -1
-1 0 1 0 -98 995 -1
-1 0 1 0 -98 995 -1
-1 0 0 0 -98 995 -1
-1 0 1 0 98 995 -1
-1 0 0 0 98 995 -1
-1 0 1 0 -634 -773 -1
-1 0 1 0 -634 -773 -1
-1 0 0 0 -634 -773 -1
-1 0 1 0 -383 924 -1
-1 0 0 0 -383 924 -1
-1 0 0 0 -383 924 -1
-1 0 1 0 707 707 -1
-1 0 0 0 707 707 -1
-1 0 1 0 -471 -882 -1
-1 0 1 0 -471 -882 -1
-1 0 0 0 -471 -882 -1
-1 0 0 0 -471 -882 -1
-1 0 1 0 -471 -882 -1
-1 0 1 0 -471 -882 -1
-1 0 1 0 -471 -882 -1
-1 0 0 0 -471 -882 -1
-1 0 1 0 -290 -957 -1
-1 0 0 0 -290 -957 -1
-1 0 1 0 -556 -831 -1
-1 0 1 0 -556 -831 -1
-1 0 1 0 -556 -831 -1
-1 0 1 0 -556 -831 -1
-1 0 1 0 -556 -831 -1
-1 1 0 0 -556 -831 -1
-1 0 1 0 -707 707 -1
-1 0 1 0 -707 707 -1
-1 0 1 0 -707 707 -1
-1 0 1 0 -707 707 -1
-1 0 1 0 -707 707 -1
-1 0 1 0 -707 707 -1
-1 0 1 0 -707 707 -1
-1 0 1 0 -707 707 -1
-1 0 0 0 -707 707 -1
-1 0 1 0 -634 773 -1
-1 0 1 0 -634 773 -1
-1 0 1 0 -634 773 -1
-1 0 1 0 -634 773 -1
-1 0 1 0 -634 773 -1
-1 0 0 0 -634 773 -1
-1 0 1 0 -290 957 -1
-1 0 1 0 -290 957 -1
-1 0 1 0 -290 957 -1
-1 0 1 0 -290 957 -1
-1 0 0 0 -290 957 -1
-1 0 0 0 -290 957 -1
-1 0 1 0 -290 957 -1
-1 0 0 0 -290 957 -1
-1 0 1 0 98 -995 -1
-1 0 0 0 98 -995 -1
-1 0 1 0 -98 -995 -1
-1 0 1 0 -98 -995 -1
-1 0 0 0 -98 -995 -1
-1 0 0 0 -98 -995 -1
-1 0 1 0 773 634 -1
-1 0 1 0 773 634 -1
-1 0 0 0 773 634 -1
-1 0 1 0 -290 957 -1
-1 0 1 0 -290 957 -1
-1 0 1 0 -290 957 -1
-1 0 1 0 -290 957 -1
-1 0 0 0 -290 957 -1
-1 0 1 0 -290 957 -1
-1 0 1 0 -290 957 -1
-1 0 0 0 -290 957 -1
-1 0 1 0 -195 981 -1
-1 0 1 0 -195 981 -1
-1 0 0 0 -195 981 -1
-1 0 0 0 -195 981 -1
-1 0 1 0 290 957 -1
-1 0 1 0 290 957 -1
-1 0 0 0 290 957 -1
-1 0 1 0 -98 995 -1
-1 0 1 0 -98 995 -1
-1 0 1 0 -98 995 -1
-1 0 1 0 -98 995 -1
-1 0 1 0 -98 995 -1
-1 0 0 0 -98 995 -1
-1 0 0 0 -98 995 -1
-1 0 1 0 1000 0 -1
-1 0 1 0 1000 0 -1
-1 0 0 0 1000 0 -1
-1 0 1 0 -556 -831 -1
-1 0 0 0 -556 -831 -1
-1 0 1 0 -773 -634 -1
-1 0 1 0 -773 -634 -1
-1 0 1 0 -773 -634 -1
-1 0 1 0 -773 -634 -1
-1 0 1 0 -773 -634 -1
-1 1 0 0 -773 -634 -1
-1 0 0 0 -773 -634 -1
-1 0 1 0 -98 995 -1
-1 0 0 0 -98 995 -1
-1 0 1 0 -195 981 -1
-1 0 1 0 -195 981 -1
-1 0 0 0 -195 981 -1
-1 0 1 0 -195 981 -1
-1 0 1 0 -195 981 -1
-1 0 1 0 -195 981 -1
-1 0 0 0 -195 981 -1
-1 0 1 0 957 290 -1
-1 0 1 0 957 290 -1
-1 0 0 0 957 290 -1
-1 0 1 0 -98 995 -1
-1 0 1 0 -98 995 -1
-1 0 0 0 -98 995 -1
-1 0 1 0 0 1000 -1
-1 0 1 0 0 1000 -1
-1 0 1 0 0 1000 -1
-1 0 0 0 0 1000 -1
-1 0 1 0 0 1000 -1
-1 0 1 0 0 1000 -1
-1 0 1 0 0 1000 -1
-1 0 0 0 0 1000 -1
-1 0 1 0 -773 -634 -1
-1 0 0 0 -773 -634 -1
-1 0 1 0 98 995 -1
-1 0 1 0 98 995 -1
-1 0 1 0 98 995 -1
-1 0 0 0 98 995 -1
-1 0 1 0 290 957 -1
-1 0 0 0 290 957 -1
-1 0 1 0 0 1000 -1
-1 0 1 0 0 1000 -1
-1 0 1 0 0 1000 -1
-1 0 1 0 0 1000 -1
-1 0 1 0 0 1000 -1
-1 0 1 0 0 1000 -1
-1 0 1 0 0 1000 -1
-1 0 1 0 0 1000 -1
0 0 0 0 0 1000 -1
1 0 1 0 556 831 -1
-1 0 1 0 556 831 -1
0 0 1 0 556 831 -1
1 0 1 0 556 831 -1
1 0 1 0 556 831 -1
0 0 1 0 556 831 -1
1 0 1 0 556 831 -1
1 0 1 0 556 831 -1
1 0 1 0 556 831 -1
1 0 1 0 556 831 -1
1 0 1 0 556 831 -1
1 0 1 0 556 831 -1
1 0 1 0 556 831 -1
1 0 1 0 556 831 -1
1 0 0 0 556 831 -1
1 0 1 0 634 -773 -1
1 0 1 0 634 -773 -1
1 0 0 0 634 -773 -1
1 0 1 0 882 -471 -1
1 0 1 0 882 -471 -1
1 0 0 0 882 -471 -1
1 0 1 0 195 981 -1
1 0 1 0 195 981 -1
1 0 1 0 195 981 -1
1 0 1 0 195 981 -1
1 0 0 0 195 981 -1
1 0 0 0 195 981 -1
1 0 1 0 383 -924 -1
1 0 1 0 383 -924 -1
1 0 0 0 383 -924 -1
1 0 0 0 383 -924 -1
1 0 1 0 707 -707 -1
1 0 1 0 707 -707 -1
1 0 1 0 707 -707 -1
1 0 0 0 707 -707 -1
1 0 1 0 556 -831 -1
1 0 1 0 556 -831 -1
1 0 1 0 556 -831 -1
1 0 1 0 556 -831 -1
1 0 1 0 556 -831 -1
1 1 1 0 556 -831 -1
1 0 0 0 556 -831 -1
1 0 1 0 383 -924 -1
1 1 0 0 383 -924 -1
1 0 1 0 383 -924 -1
1 0 0 0 383 -924 -1
1 0 1 0 290 957 -1
1 0 1 0 290 957 -1
1 0 1 0 290 957 -1
1 0 1 0 290 957 -1
1 1 0 0 290 957 -1
1 0 1 0 -195 -981 -1
1 0 1 0 -195 -981 -1
1 0 1 0 -195 -981 -1
1 0 1 0 -195 -981 -1
1 0 0 0 -195 -981 -1
1 0 1 0 773 -634 -1
1 0 1 0 773 -634 -1
1 0 1 0 773 -634 -1
1 0 0 0 773 -634 -1
1 0 1 0 0 1000 -1
1 0 1 0 0 1000 -1
1 0 1 0 0 1000 -1
1 0 1 0 0 1000 -1
1 0 0 0 0 1000 -1
1 0 1 0 -981 -195 -1
1 0 1 0 -981 -195 -1
1 0 0 0 -981 -195 -1
1 0 1 0 98 995 -1
1 0 0 0 98 995 -1
1 0 1 0 634 773 -1
1 0 1 0 634 773 -1
1 0 1 0 634 773 -1
1 0 1 0 634 773 -1
1 0 0 0 634 773 -1
1 0 1 0 924 383 -1
1 0 1 0 924 383 -1
1 0 0 0 924 383 -1
1 0 1 0 471 882 -1
1 1 1 0 471 882 -1
1 0 1 0 471 882 -1
1 0 1 0 471 882 -1
1 0 0 0 471 882 -1
1 0 1 0 290 957 -1
1 0 1 0 290 957 -1
1 0 1 0 290 957 -1
1 0 0 0 290 957 -1
1 0 1 0 957 290 -1
1 0 0 0 957 290 -1
1 0 1 0 195 981 -1
1 0 1 0 195 981 -1
1 0 1 0 195 981 -1
1 0 1 0 195 981 -1
1 0 0 0 195 981 -1
1 0 0 0 195 981 -1
1 0 1 0 556 -831 -1
1 0 1 0 556 -831 -1
1 0 0 0 556 -831 -1
1 0 1 0 556 831 -1
1 0 1 0 556 831 -1
1 0 1 0 556 831 -1
1 0 1 0 556 831 -1
1 0 1 0 556 831 -1
1 0 0 0 556 831 -1
1 0 1 0 -924 -383 -1
1 0 1 0 -924 -383 -1
1 0 1 0 -924 -383 -1
1 0 1 0 -924 -383 -1
1 0 1 0 -924 -383 -1
1 0 1 0 -924 -383 -1
1 0 0 0 -924 -383 -1
1 0 1 0 195 -981 -1
1 0 0 0 195 -981 -1
1 0 1 0 556 831 -1
1 0 1 0 556 831 -1
1 0 0 0 556 831 -1
1 0 1 0 634 773 -1
1 0 1 0 634 773 -1
1 0 1 0 634 773 -1
1 0 0 0 634 773 -1
1 0 1 0 773 -634 -1
1 0 1 0 773 -634 -1
1 0 1 0 773 -634 -1
1 0 1 0 773 -634 -1
1 0 1 0 773 -634 -1
1 0 0 0 773 -634 -1
1 0 0 0 773 -634 -1
1 0 1 0 773 -634 -1
1 0 1 0 773 -634 -1
1 0 1 0 773 -634 -1
1 0 1 0 773 -634 -1
1 0 1 0 773 -634 -1
1 0 1 0 773 -634 -1
1 0 1 0 773 -634 -1
1 0 1 0 773 -634 -1
1 0 1 0 773 -634 -1
1 0 1 0 773 -634 -1
1 0 1 0 773 -634 -1
1 1 0 0 773 -634 -1
1 0 1 0 -995 98 -1
1 0 0 0 -995 98 -1
1 0 1 0 -383 -924 -1
1 0 1 0 -383 -924 -1
1 0 0 0 -383 -924 -1
1 0 1 0 831 556 -1
1 0 1 0 831 556 -1
1 0 1 0 831 556 -1
1 0 1 0 831 556 -1
1 0 1 0 831 556 -1
1 0 1 0 831 556 -1
1 0 1 0 831 556 -1
1 0 0 0 831 556 -1
1 0 1 0 -556 831 -1
1 0 1 0 -556 831 -1
1 0 1 0 -556 831 -1
1 0 0 0 -556 831 -1
1 0 1 0 556 -831 -1
1 0 0 0 556 -831 -1
1 0 1 0 -195 -981 -1
1 1 1 0 -195 -981 -1
1 0 1 0 -195 -981 -1
1 0 0 0 -195 -981 -1
1 0 1 0 -831 -556 -1
1 0 0 0 -831 -556 -1
1 0 1 0 98 995 -1
1 0 0 0 98 995 -1
1 0 1 0 195 -981 -1
1 0 1 0 195 -981 -1
1 0 1 0 195 -981 -1
1 0 0 0 195 -981 -1
1 0 1 0 -634 -773 -1
1 0 0 0 -634 -773 -1
1 0 1 0 -634 -773 -1
1 0 0 0 -634 -773 -1
1 0 0 0 -634 -773 -1
1 0 1 0 -471 -882 -1
1 0 1 0 -471 -882 -1
1 0 1 0 -471 -882 -1
1 0 1 0 -471 -882 -1
1 0 0 0 -471 -882 -1
1 0 0 0 -471 -882 -1
1 0 1 0 -98 995 -1
1 0 1 0 -98 995 -1
1 0 0 0 -98 995 -1
1 0 0 0 -98 995 -1
1 0 1 0 882 -471 -1
1 0 1 0 882 -471 -1
1 0 1 0 882 -471 -1
1 0 1 0 882 -471 -1
1 0 1 0 882 -471 -1
0 0 0 0 882 -471 -1
-1 0 1 0 -98 995 -1
1 0 0 0 -98 995 -1
1 0 1 0 -195 981 -1
1 0 1 0 -195 981 -1
1 0 1 0 -195 981 -1
1 0 1 0 -195 981 -1
1 0 1 0 -195 981 -1
1 0 1 0 -195 981 -1
1 0 0 0 -195 981 -1
1 0 1 0 -383 924 -1
1 0 1 0 -383 924 -1
1 0 1 0 -383 924 -1
1 0 1 0 -383 924 -1
1 0 1 0 -383 924 -1
-1 0 1 0 -383 924 -1
0 0 0 0 -383 924 -1
0 0 0 0 -383 924 -1
1 0 1 0 957 -290 -1
1 0 1 0 957 -290 -1
1 0 1 0 957 -290 -1
1 0 0 0 957 -290 -1
0 0 1 0 882 -471 -1
1 0 1 0 882 -471 -1
1 0 0 0 882 -471 -1
1 0 1 0 634 -773 -1
1 0 0 0 634 -773 -1
1 0 1 0 634 -773 -1
1 0 1 0 634 -773 -1
1 0 0 0 634 -773 -1
1 0 0 0 634 -773 -1
1 0 1 0 471 -882 -1
1 0 0 0 471 -882 -1
1 0 1 0 383 -924 -1
1 0 0 0 383 -924 -1
1 0 1 0 290 -957 -1
1 0 0 0 290 -957 -1
1 0 0 0 290 -957 -1
1 0 1 0 195 -981 -1
1 0 0 0 195 -981 -1
1 0 0 0 195 -981 -1
1 0 1 0 471 -882 -1
1 0 1 0 471 -882 -1
1 0 1 0 471 -882 -1
1 0 1 0 471 -882 -1
1 0 0 0 471 -882 -1
1 0 0 0 471 -882 -1
1 0 1 0 634 773 -1
1 0 1 0 634 773 -1
1 0 1 0 634 773 -1
1 0 1 0 634 773 -1
1 0 1 0 634 773 -1
1 0 1 0 634 773 -1
1 0 0 0 634 773 -1
1 0 1 0 -290 957 -1
1 0 0 0 -290 957 -1
1 0 1 0 195 981 -1
1 0 1 0 195 981 -1
1 0 1 0 195 981 -1
1 0 1 0 195 981 -1
1 0 1 0 195 981 -1
1 0 0 0 195 981 -1
1 0 0 0 195 981 -1
1 0 1 0 -924 383 -1
1 0 0 0 -924 383 -1
1 0 1 0 -98 995 -1
1 0 0 0 -98 995 -1
1 0 1 0 98 -995 -1
1 0 1 0 98 -995 -1
1 0 0 0 98 -995 -1
1 0 1 0 0 1000 -1
1 0 1 0 0 1000 -1
1 0 0 0 0 1000 -1
1 0 0 0 0 1000 -1
1 0 1 0 831 -556 -1
1 0 1 0 831 -556 -1
1 0 1 0 831 -556 -1
1 0 0 0 831 -556 -1
1 0 1 0 -98 995 -1
1 0 1 0 -98 995 -1
1 0 1 0 -98 995 -1
1 0 0 0 -98 995 -1
1 0 1 0 -634 773 -1
-1 0 1 0 -634 773 -1
-1 0 1 0 -634 773 -1
1 0 0 0 -634 773 -1
1 0 1 0 981 195 -1
1 0 1 0 981 195 -1
1 0 0 0 981 195 -1
1 0 1 0 -981 -195 -1
-1 0 1 0 -981 -195 -1
-1 0 1 0 -981 -195 -1
1 0 1 0 -981 -195 -1
-1 0 1 0 -981 -195 -1
-1 1 1 0 -981 -195 -1
-1 0 1 0 -981 -195 3
-1 0 1 0 -981 -195 3
-1 0 1 0 -981 -195 3
0 0 1 0 -981 -195 3
-1 0 0 0 -981 -195 3
-1 0 1 0 981 195 3
-1 0 0 0 981 195 3
-1 0 1 0 -882 -471 3
0 0 1 0 -882 -471 3
-1 0 0 0 -882 -471 3
1 0 1 0 -981 -195 3
1 0 1 0 -981 -195 3
-1 0 1 1 103 -995 3
-1 0 0 0 -981 -195 3
0 0 0 0 -981 -195 3
-1 0 1 0 882 -471 3
0 1 1 0 882 -471 3
1 0 1 0 882 -471 3
-1 0 1 0 882 -471 3
-1 0 0 0 882 -471 3
-1 0 1 0 924 -383 3
0 0 0 0 924 -383 3
-1 0 1 0 -556 -831 3
0 0 1 0 -556 -831 3
0 0 1 0 -556 -831 3
-1 0 1 0 -556 -831 3
-1 0 0 0 -556 -831 3
0 0 1 0 924 -383 3
0 0 1 0 924 -383 3
0 0 0 0 924 -383 3
-1 0 1 0 957 -290 3
0 0 0 0 957 -290 3
0 0 1 0 -831 -556 3
1 0 1 0 -831 -556 3
1 0 0 0 -831 -556 3
1 0 1 0 957 290 3
1 0 0 0 957 290 3
0 0 1 0 957 290 3
1 0 0 0 957 290 3
1 0 1 0 471 882 3
1 0 1 0 471 882 3
1 0 0 0 471 882 3
1 0 1 0 981 195 3
-1 0 1 0 981 195 3
1 0 0 0 981 195 3
0 0 1 0 707 707 3
0 0 1 0 707 707 3
0 0 1 0 707 707 3
1 0 0 0 707 707 3
0 0 1 0 290 957 3
1 0 0 1 -52 -999 3
1 0 1 0 383 924 3
1 0 0 0 383 924 3
1 0 1 0 831 556 3
1 0 0 0 831 556 3
1 0 0 0 831 556 3
1 0 1 0 98 995 3
1 0 1 0 98 995 3
1 0 0 0 98 995 3
1 0 1 0 195 981 3
1 0 1 0 195 981 3
1 0 1 0 195 981 3
1 0 1 0 195 981 3
1 0 1 0 195 981 3
1 0 0 0 195 981 3
1 0 0 0 195 981 3
1 0 1 0 290 -957 3
1 0 0 0 290 -957 3
1 0 1 0 556 -831 3
1 0 1 0 556 -831 3
1 0 1 0 556 -831 3
1 0 1 0 556 -831 3
1 0 1 0 556 -831 3
1 0 1 0 556 -831 3
1 0 1 0 556 -831 3
1 0 1 0 556 -831 3
1 0 1 1 -924 383 3
1 0 1 0 -924 383 3
1 0 0 0 -924 383 3
1 0 0 0 -924 383 3
1 0 1 0 -471 882 3
1 0 0 0 -471 882 3
1 0 1 0 98 -995 3
1 0 1 0 98 -995 3
1 0 1 0 98 -995 3
1 0 1 0 98 -995 3
1 0 0 0 98 -995 3
1 0 1 0 195 981 3
1 0 1 0 195 981 3
1 0 0 0 195 981 3
1 0 1 0 924 383 3
1 0 1 0 924 383 3
1 0 1 0 924 383 3
1 0 0 0 924 383 3
1 0 0 0 924 383 3
1 0 1 0 0 1000 3
1 0 0 0 0 1000 3
